  0.660000000000000       6.160376317810457E-003
  0.660080000000000       6.160429461689088E-003
  0.660160000000000       6.160482632440446E-003
  0.660240000000000       6.160535828956083E-003
  0.660320000000000       6.160589051932331E-003
  0.660400000000000       6.160642301426034E-003
  0.660480000000000       6.160695576939813E-003
  0.660560000000000       6.160748878985257E-003
  0.660640000000000       6.160802207136041E-003
  0.660720000000000       6.160855562202184E-003
  0.660800000000000       6.160908942776811E-003
  0.660880000000000       6.160962350025213E-003
  0.660960000000000       6.161015783492641E-003
  0.661040000000000       6.161069243463314E-003
  0.661120000000000       6.161122729752489E-003
  0.661200000000000       6.161176242189637E-003
  0.661280000000000       6.161229781101608E-003
  0.661360000000000       6.161283346246816E-003
  0.661440000000000       6.161336937611051E-003
  0.661520000000000       6.161390554995361E-003
  0.661600000000000       6.161444199380296E-003
  0.661680000000000       6.161497869586353E-003
  0.661760000000000       6.161551566451973E-003
  0.661840000000000       6.161605289138717E-003
  0.661920000000000       6.161659038627133E-003
  0.662000000000000       6.161712813908250E-003
  0.662080000000000       6.161766616047882E-003
  0.662160000000000       6.161820444278644E-003
  0.662240000000000       6.161874298842119E-003
  0.662320000000000       6.161928179425669E-003
  0.662400000000000       6.161982086611940E-003
  0.662480000000000       6.162036020173556E-003
  0.662560000000000       6.162089979854724E-003
  0.662640000000000       6.162143966238088E-003
  0.662720000000000       6.162197978357310E-003
  0.662800000000000       6.162252017036619E-003
  0.662880000000000       6.162306081892322E-003
  0.662960000000000       6.162360173180215E-003
  0.663040000000000       6.162414290957142E-003
  0.663120000000000       6.162468434739932E-003
  0.663200000000000       6.162522604841226E-003
  0.663280000000000       6.162576801502607E-003
  0.663360000000000       6.162631024198274E-003
  0.663440000000000       6.162685273525082E-003
  0.663520000000000       6.162739548843544E-003
  0.663600000000000       6.162793850395244E-003
  0.663680000000000       6.162848178649139E-003
  0.663760000000000       6.162902532923110E-003
  0.663840000000000       6.162956913501372E-003
  0.663920000000000       6.163011320682355E-003
  0.664000000000000       6.163065753670250E-003
  0.664080000000000       6.163120213289287E-003
  0.664160000000000       6.163174699255248E-003
  0.664240000000000       6.163229211568134E-003
  0.664320000000000       6.163283749844251E-003
  0.664400000000000       6.163338314652034E-003
  0.664480000000000       6.163392905664634E-003
  0.664560000000000       6.163447522910471E-003
  0.664640000000000       6.163502166631130E-003
  0.664720000000000       6.163556836840823E-003
  0.664800000000000       6.163611532999536E-003
  0.664880000000000       6.163666255576229E-003
  0.664960000000000       6.163721004414580E-003
  0.665040000000000       6.163775779670911E-003
  0.665120000000000       6.163830581004160E-003
  0.665200000000000       6.163885409039605E-003
  0.665280000000000       6.163940262853541E-003
  0.665360000000000       6.163995143170720E-003
  0.665440000000000       6.164050050147463E-003
  0.665520000000000       6.164104982959540E-003
  0.665600000000000       6.164159942445391E-003
  0.665680000000000       6.164214927638679E-003
  0.665760000000000       6.164269939562584E-003
  0.665840000000000       6.164324977804992E-003
  0.665920000000000       6.164380042266427E-003
  0.666000000000000       6.164435132975311E-003
  0.666080000000000       6.164490249988486E-003
  0.666160000000000       6.164545393291743E-003
  0.666240000000000       6.164600563027190E-003
  0.666320000000000       6.164655758995875E-003
  0.666400000000000       6.164710981055688E-003
  0.666480000000000       6.164766229519270E-003
  0.666560000000000       6.164821504670837E-003
  0.666640000000000       6.164876805700371E-003
  0.666720000000000       6.164932133332624E-003
  0.666800000000000       6.164987486828633E-003
  0.666880000000000       6.165042866870519E-003
  0.666960000000000       6.165098273145642E-003
  0.667040000000000       6.165153705909799E-003
  0.667120000000000       6.165209164708241E-003
  0.667200000000000       6.165264649782554E-003
  0.667280000000000       6.165320161331690E-003
  0.667360000000000       6.165375699270382E-003
  0.667440000000000       6.165431263285993E-003
  0.667520000000000       6.165486853634317E-003
  0.667600000000000       6.165542470343777E-003
  0.667680000000000       6.165598113172788E-003
  0.667760000000000       6.165653782377146E-003
  0.667840000000000       6.165709477857374E-003
  0.667920000000000       6.165765199556628E-003
  0.668000000000000       6.165820947958079E-003
  0.668080000000000       6.165876722365394E-003
  0.668160000000000       6.165932523020157E-003
  0.668240000000000       6.165988349979213E-003
  0.668320000000000       6.166044203029398E-003
  0.668400000000000       6.166100082881255E-003
  0.668480000000000       6.166155988682132E-003
  0.668560000000000       6.166211920787302E-003
  0.668640000000000       6.166267879225185E-003
  0.668720000000000       6.166323863924728E-003
  0.668800000000000       6.166379874956985E-003
  0.668880000000000       6.166435912194058E-003
  0.668960000000000       6.166491975735423E-003
  0.669040000000000       6.166548065637923E-003
  0.669120000000000       6.166604181858926E-003
  0.669200000000000       6.166660324441065E-003
  0.669280000000000       6.166716493114333E-003
  0.669360000000000       6.166772688049261E-003
  0.669440000000000       6.166828909601119E-003
  0.669520000000000       6.166885156903047E-003
  0.669600000000000       6.166941430892959E-003
  0.669680000000000       6.166997731087687E-003
  0.669760000000000       6.167054057643551E-003
  0.669840000000000       6.167110410404231E-003
  0.669920000000000       6.167166789099721E-003
  0.670000000000000       6.167223194724781E-003
  0.670080000000000       6.167279626114120E-003
  0.670160000000000       6.167336084077758E-003
  0.670240000000000       6.167392568359898E-003
  0.670320000000000       6.167449078875276E-003
  0.670400000000000       6.167505615368097E-003
  0.670480000000000       6.167562178563114E-003
  0.670560000000000       6.167618767792416E-003
  0.670640000000000       6.167675383254956E-003
  0.670720000000000       6.167732025078632E-003
  0.670800000000000       6.167788693306076E-003
  0.670880000000000       6.167845387439908E-003
  0.670960000000000       6.167902108545942E-003
  0.671040000000000       6.167958855330991E-003
  0.671120000000000       6.168015628704549E-003
  0.671200000000000       6.168072428353977E-003
  0.671280000000000       6.168129254023481E-003
  0.671360000000000       6.168186106167806E-003
  0.671440000000000       6.168242984374839E-003
  0.671520000000000       6.168299889099327E-003
  0.671600000000000       6.168356820227584E-003
  0.671680000000000       6.168413777319071E-003
  0.671760000000000       6.168470761041701E-003
  0.671840000000000       6.168527770798616E-003
  0.671920000000000       6.168584806788769E-003
  0.672000000000000       6.168641869083214E-003
  0.672080000000000       6.168698957710373E-003
  0.672160000000000       6.168756072314974E-003
  0.672240000000000       6.168813213977043E-003
  0.672320000000000       6.168870381104963E-003
  0.672400000000000       6.168927575048767E-003
  0.672480000000000       6.168984795026856E-003
  0.672560000000000       6.169042041152917E-003
  0.672640000000000       6.169099313725380E-003
  0.672720000000000       6.169156612587923E-003
  0.672800000000000       6.169213937740548E-003
  0.672880000000000       6.169271288955881E-003
  0.672960000000000       6.169328666802355E-003
  0.673040000000000       6.169386070938910E-003
  0.673120000000000       6.169443500797112E-003
  0.673200000000000       6.169500957258035E-003
  0.673280000000000       6.169558440023249E-003
  0.673360000000000       6.169615949064334E-003
  0.673440000000000       6.169673484253391E-003
  0.673520000000000       6.169731046087801E-003
  0.673600000000000       6.169788633956497E-003
  0.673680000000000       6.169846247916323E-003
  0.673760000000000       6.169903888322548E-003
  0.673840000000000       6.169961554862536E-003
  0.673920000000000       6.170019247777870E-003
  0.674000000000000       6.170076966855387E-003
  0.674080000000000       6.170134712549836E-003
  0.674160000000000       6.170192484321203E-003
  0.674240000000000       6.170250282354229E-003
  0.674320000000000       6.170308106563650E-003
  0.674400000000000       6.170365957176838E-003
  0.674480000000000       6.170423833781680E-003
  0.674560000000000       6.170481736989242E-003
  0.674640000000000       6.170539666444253E-003
  0.674720000000000       6.170597621848285E-003
  0.674800000000000       6.170655604011355E-003
  0.674880000000000       6.170713611924495E-003
  0.674960000000000       6.170771646326668E-003
  0.675040000000000       6.170829707303139E-003
  0.675120000000000       6.170887794157576E-003
  0.675200000000000       6.170945907529469E-003
  0.675280000000000       6.171004046779328E-003
  0.675360000000000       6.171062212617696E-003
  0.675440000000000       6.171120404675091E-003
  0.675520000000000       6.171178623136254E-003
  0.675600000000000       6.171236867319064E-003
  0.675680000000000       6.171295138317757E-003
  0.675760000000000       6.171353435222838E-003
  0.675840000000000       6.171411758616952E-003
  0.675920000000000       6.171470108471678E-003
  0.676000000000000       6.171528484403322E-003
  0.676080000000000       6.171586886312409E-003
  0.676160000000000       6.171645314824215E-003
  0.676240000000000       6.171703769483994E-003
  0.676320000000000       6.171762250377012E-003
  0.676400000000000       6.171820757545899E-003
  0.676480000000000       6.171879290948024E-003
  0.676560000000000       6.171937850711285E-003
  0.676640000000000       6.171996436707784E-003
  0.676720000000000       6.172055049221737E-003
  0.676800000000000       6.172113687329440E-003
  0.676880000000000       6.172172352110917E-003
  0.676960000000000       6.172231043509325E-003
  0.677040000000000       6.172289760544115E-003
  0.677120000000000       6.172348504167414E-003
  0.677200000000000       6.172407273967107E-003
  0.677280000000000       6.172466069971617E-003
  0.677360000000000       6.172524892365683E-003
  0.677440000000000       6.172583740978777E-003
  0.677520000000000       6.172642615683000E-003
  0.677600000000000       6.172701517132052E-003
  0.677680000000000       6.172760444189063E-003
  0.677760000000000       6.172819397877217E-003
  0.677840000000000       6.172878377798608E-003
  0.677920000000000       6.172937383825339E-003
  0.678000000000000       6.172996416071098E-003
  0.678080000000000       6.173055474862733E-003
  0.678160000000000       6.173114559646021E-003
  0.678240000000000       6.173173670975186E-003
  0.678320000000000       6.173232808239160E-003
  0.678400000000000       6.173291972034801E-003
  0.678480000000000       6.173351161964203E-003
  0.678560000000000       6.173410377814204E-003
  0.678640000000000       6.173469620323769E-003
  0.678720000000000       6.173528889009728E-003
  0.678800000000000       6.173588184085244E-003
  0.678880000000000       6.173647505138203E-003
  0.678960000000000       6.173706852594930E-003
  0.679040000000000       6.173766226370159E-003
  0.679120000000000       6.173825626279151E-003
  0.679200000000000       6.173885052506645E-003
  0.679280000000000       6.173944504981588E-003
  0.679360000000000       6.174003983519239E-003
  0.679440000000000       6.174063488503290E-003
  0.679520000000000       6.174123019848477E-003
  0.679600000000000       6.174182577227950E-003
  0.679680000000000       6.174242160996980E-003
  0.679760000000000       6.174301770928193E-003
  0.679840000000000       6.174361407007379E-003
  0.679920000000000       6.174421069589809E-003
  0.680000000000000       6.174480757979151E-003
  0.680080000000000       6.174540473369117E-003
  0.680160000000000       6.174600214324411E-003
  0.680240000000000       6.174659981740317E-003
  0.680320000000000       6.174719775488936E-003
  0.680400000000000       6.174779595470792E-003
  0.680480000000000       6.174839441614833E-003
  0.680560000000000       6.174899314205274E-003
  0.680640000000000       6.174959213014742E-003
  0.680720000000000       6.175019137588490E-003
  0.680800000000000       6.175079088566005E-003
  0.680880000000000       6.175139066160452E-003
  0.680960000000000       6.175199069789184E-003
  0.681040000000000       6.175259099864317E-003
  0.681120000000000       6.175319155973736E-003
  0.681200000000000       6.175379238287971E-003
  0.681280000000000       6.175439346863865E-003
  0.681360000000000       6.175499481644576E-003
  0.681440000000000       6.175559643042217E-003
  0.681520000000000       6.175619830275193E-003
  0.681600000000000       6.175680043982990E-003
  0.681680000000000       6.175740283767706E-003
  0.681760000000000       6.175800549984612E-003
  0.681840000000000       6.175860842093695E-003
  0.681920000000000       6.175921160649179E-003
  0.682000000000000       6.175981505622642E-003
  0.682080000000000       6.176041876687233E-003
  0.682160000000000       6.176102273928220E-003
  0.682240000000000       6.176162697530341E-003
  0.682320000000000       6.176223147266225E-003
  0.682400000000000       6.176283623448509E-003
  0.682480000000000       6.176344125693501E-003
  0.682560000000000       6.176404654043833E-003
  0.682640000000000       6.176465208400029E-003
  0.682720000000000       6.176525789614740E-003
  0.682800000000000       6.176586396963214E-003
  0.682880000000000       6.176647030417027E-003
  0.682960000000000       6.176707689748807E-003
  0.683040000000000       6.176768375626463E-003
  0.683120000000000       6.176829087978942E-003
  0.683200000000000       6.176889826308863E-003
  0.683280000000000       6.176950590957287E-003
  0.683360000000000       6.177011382208431E-003
  0.683440000000000       6.177072198911216E-003
  0.683520000000000       6.177133042429884E-003
  0.683600000000000       6.177193912252844E-003
  0.683680000000000       6.177254807840083E-003
  0.683760000000000       6.177315729674771E-003
  0.683840000000000       6.177376678154812E-003
  0.683920000000000       6.177437652413343E-003
  0.684000000000000       6.177498653388281E-003
  0.684080000000000       6.177559680283818E-003
  0.684160000000000       6.177620733625756E-003
  0.684240000000000       6.177681812845660E-003
  0.684320000000000       6.177742918824603E-003
  0.684400000000000       6.177804050525194E-003
  0.684480000000000       6.177865208629552E-003
  0.684560000000000       6.177926392938727E-003
  0.684640000000000       6.177987603736935E-003
  0.684720000000000       6.178048840384687E-003
  0.684800000000000       6.178110103294100E-003
  0.684880000000000       6.178171392649912E-003
  0.684960000000000       6.178232708082643E-003
  0.685040000000000       6.178294050089673E-003
  0.685120000000000       6.178355417875193E-003
  0.685200000000000       6.178416812036059E-003
  0.685280000000000       6.178478232430163E-003
  0.685360000000000       6.178539679014872E-003
  0.685440000000000       6.178601151946506E-003
  0.685520000000000       6.178662651068745E-003
  0.685600000000000       6.178724176481066E-003
  0.685680000000000       6.178785727998726E-003
  0.685760000000000       6.178847305735414E-003
  0.685840000000000       6.178908909890080E-003
  0.685920000000000       6.178970539880081E-003
  0.686000000000000       6.179032196344903E-003
  0.686080000000000       6.179093879000331E-003
  0.686160000000000       6.179155587960051E-003
  0.686240000000000       6.179217323067743E-003
  0.686320000000000       6.179279084451306E-003
  0.686400000000000       6.179340872053896E-003
  0.686480000000000       6.179402685889724E-003
  0.686560000000000       6.179464525930368E-003
  0.686640000000000       6.179526392076352E-003
  0.686720000000000       6.179588284356097E-003
  0.686800000000000       6.179650203082244E-003
  0.686880000000000       6.179712148197947E-003
  0.686960000000000       6.179774119248461E-003
  0.687040000000000       6.179836116560634E-003
  0.687120000000000       6.179898140162888E-003
  0.687200000000000       6.179960189856271E-003
  0.687280000000000       6.180022266010266E-003
  0.687360000000000       6.180084368028017E-003
  0.687440000000000       6.180146496648487E-003
  0.687520000000000       6.180208651274822E-003
  0.687600000000000       6.180270832162816E-003
  0.687680000000000       6.180333039369313E-003
  0.687760000000000       6.180395272510620E-003
  0.687840000000000       6.180457532112538E-003
  0.687920000000000       6.180519817805586E-003
  0.688000000000000       6.180582129632396E-003
  0.688080000000000       6.180644467891395E-003
  0.688160000000000       6.180706832127836E-003
  0.688240000000000       6.180769222910155E-003
  0.688320000000000       6.180831639826235E-003
  0.688400000000000       6.180894082918709E-003
  0.688480000000000       6.180956552031259E-003
  0.688560000000000       6.181019047604420E-003
  0.688640000000000       6.181081569155023E-003
  0.688720000000000       6.181144117194660E-003
  0.688800000000000       6.181206691041208E-003
  0.688880000000000       6.181269291589953E-003
  0.688960000000000       6.181331918229827E-003
  0.689040000000000       6.181394570804511E-003
  0.689120000000000       6.181457249854017E-003
  0.689200000000000       6.181519954980442E-003
  0.689280000000000       6.181582686340104E-003
  0.689360000000000       6.181645443989848E-003
  0.689440000000000       6.181708227432293E-003
  0.689520000000000       6.181771037505879E-003
  0.689600000000000       6.181833873826915E-003
  0.689680000000000       6.181896736210658E-003
  0.689760000000000       6.181959624827638E-003
  0.689840000000000       6.182022539905230E-003
  0.689920000000000       6.182085480789735E-003
  0.690000000000000       6.182148447964320E-003
  0.690080000000000       6.182211441386355E-003
  0.690160000000000       6.182274460927940E-003
  0.690240000000000       6.182337507058034E-003
  0.690320000000000       6.182400578980830E-003
  0.690400000000000       6.182463677236339E-003
  0.690480000000000       6.182526801767719E-003
  0.690560000000000       6.182589952432860E-003
  0.690640000000000       6.182653129473348E-003
  0.690720000000000       6.182716332732863E-003
  0.690800000000000       6.182779561600339E-003
  0.690880000000000       6.182842817312118E-003
  0.690960000000000       6.182906098887653E-003
  0.691040000000000       6.182969406909589E-003
  0.691120000000000       6.183032741207396E-003
  0.691200000000000       6.183096101368957E-003
  0.691280000000000       6.183159487593227E-003
  0.691360000000000       6.183222900832331E-003
  0.691440000000000       6.183286339508865E-003
  0.691520000000000       6.183349804987071E-003
  0.691600000000000       6.183413295987972E-003
  0.691680000000000       6.183476813605805E-003
  0.691760000000000       6.183540357115814E-003
  0.691840000000000       6.183603927256965E-003
  0.691920000000000       6.183667523347137E-003
  0.692000000000000       6.183731145670546E-003
  0.692080000000000       6.183794794212983E-003
  0.692160000000000       6.183858468889181E-003
  0.692240000000000       6.183922169656509E-003
  0.692320000000000       6.183985896770761E-003
  0.692400000000000       6.184049650302993E-003
  0.692480000000000       6.184113429784244E-003
  0.692560000000000       6.184177235385047E-003
  0.692640000000000       6.184241067219088E-003
  0.692720000000000       6.184304925428475E-003
  0.692800000000000       6.184368809515828E-003
  0.692880000000000       6.184432720220113E-003
  0.692960000000000       6.184496656717099E-003
  0.693040000000000       6.184560619717328E-003
  0.693120000000000       6.184624608709211E-003
  0.693200000000000       6.184688624119073E-003
  0.693280000000000       6.184752665534799E-003
  0.693360000000000       6.184816733212185E-003
  0.693440000000000       6.184880826909645E-003
  0.693520000000000       6.184944946726657E-003
  0.693600000000000       6.185009093089545E-003
  0.693680000000000       6.185073265500930E-003
  0.693760000000000       6.185137464131341E-003
  0.693840000000000       6.185201688952358E-003
  0.693920000000000       6.185265940120300E-003
  0.694000000000000       6.185330217223051E-003
  0.694080000000000       6.185394520260613E-003
  0.694160000000000       6.185458849971948E-003
  0.694240000000000       6.185523205817046E-003
  0.694320000000000       6.185587587582742E-003
  0.694400000000000       6.185651995581676E-003
  0.694480000000000       6.185716429913325E-003
  0.694560000000000       6.185780890478210E-003
  0.694640000000000       6.185845377134225E-003
  0.694720000000000       6.185909889995057E-003
  0.694800000000000       6.185974428918595E-003
  0.694880000000000       6.186038994260113E-003
  0.694960000000000       6.186103585607495E-003
  0.695040000000000       6.186168203344434E-003
  0.695120000000000       6.186232846859863E-003
  0.695200000000000       6.186297516963802E-003
  0.695280000000000       6.186362213102026E-003
  0.695360000000000       6.186426935402434E-003
  0.695440000000000       6.186491683921869E-003
  0.695520000000000       6.186556458603488E-003
  0.695600000000000       6.186621259305181E-003
  0.695680000000000       6.186686086623806E-003
  0.695760000000000       6.186750939891451E-003
  0.695840000000000       6.186815819378123E-003
  0.695920000000000       6.186880724955924E-003
  0.696000000000000       6.186945656496957E-003
  0.696080000000000       6.187010614640710E-003
  0.696160000000000       6.187075598733483E-003
  0.696240000000000       6.187140608874753E-003
  0.696320000000000       6.187205645576111E-003
  0.696400000000000       6.187270708127014E-003
  0.696480000000000       6.187335797053262E-003
  0.696560000000000       6.187400911900110E-003
  0.696640000000000       6.187466053193359E-003
  0.696720000000000       6.187531220279308E-003
  0.696800000000000       6.187596414124297E-003
  0.696880000000000       6.187661633676723E-003
  0.696960000000000       6.187726879703970E-003
  0.697040000000000       6.187792151850769E-003
  0.697120000000000       6.187857450060275E-003
  0.697200000000000       6.187922774503019E-003
  0.697280000000000       6.187988125122158E-003
  0.697360000000000       6.188053501960323E-003
  0.697440000000000       6.188118904932250E-003
  0.697520000000000       6.188184333838987E-003
  0.697600000000000       6.188249789362655E-003
  0.697680000000000       6.188315270636392E-003
  0.697760000000000       6.188380778200209E-003
  0.697840000000000       6.188446311926211E-003
  0.697920000000000       6.188511872084402E-003
  0.698000000000000       6.188577458362144E-003
  0.698080000000000       6.188643070631539E-003
  0.698160000000000       6.188708708892588E-003
  0.698240000000000       6.188774373685303E-003
  0.698320000000000       6.188840064526514E-003
  0.698400000000000       6.188905781544119E-003
  0.698480000000000       6.188971524567589E-003
  0.698560000000000       6.189037293980616E-003
  0.698640000000000       6.189103089598458E-003
  0.698720000000000       6.189168910994792E-003
  0.698800000000000       6.189234759008056E-003
  0.698880000000000       6.189300633311402E-003
  0.698960000000000       6.189366533180075E-003
  0.699040000000000       6.189432459580414E-003
  0.699120000000000       6.189498412015038E-003
  0.699200000000000       6.189564390469738E-003
  0.699280000000000       6.189630395470314E-003
  0.699360000000000       6.189696426206748E-003
  0.699440000000000       6.189762483574324E-003
  0.699520000000000       6.189828566734602E-003
  0.699600000000000       6.189894676256014E-003
  0.699680000000000       6.189960811811713E-003
  0.699760000000000       6.190026973842234E-003
  0.699840000000000       6.190093161480715E-003
  0.699920000000000       6.190159375707705E-003
  0.700000000000000       6.190225616111090E-003
  0.700080000000000       6.190291882534549E-003
  0.700160000000000       6.190358175077560E-003
  0.700240000000000       6.190424493882230E-003
  0.700320000000000       6.190490838763819E-003
  0.700400000000000       6.190557209779169E-003
  0.700480000000000       6.190623606956703E-003
  0.700560000000000       6.190690030509583E-003
  0.700640000000000       6.190756479784110E-003
  0.700720000000000       6.190822955618725E-003
  0.700800000000000       6.190889457558680E-003
  0.700880000000000       6.190955985547131E-003
  0.700960000000000       6.191022539711977E-003
  0.701040000000000       6.191089120081639E-003
  0.701120000000000       6.191155726485587E-003
  0.701200000000000       6.191222358980664E-003
  0.701280000000000       6.191289017879509E-003
  0.701360000000000       6.191355702741586E-003
  0.701440000000000       6.191422413936377E-003
  0.701520000000000       6.191489151449670E-003
  0.701600000000000       6.191555914855141E-003
  0.701680000000000       6.191622704124367E-003
  0.701760000000000       6.191689519740518E-003
  0.701840000000000       6.191756361703594E-003
  0.701920000000000       6.191823229629901E-003
  0.702000000000000       6.191890123604705E-003
  0.702080000000000       6.191957044168018E-003
  0.702160000000000       6.192023990794038E-003
  0.702240000000000       6.192090963113284E-003
  0.702320000000000       6.192157961878931E-003
  0.702400000000000       6.192224986963080E-003
  0.702480000000000       6.192292037882564E-003
  0.702560000000000       6.192359115234237E-003
  0.702640000000000       6.192426218620196E-003
  0.702720000000000       6.192493347926754E-003
  0.702800000000000       6.192560503892875E-003
  0.702880000000000       6.192627685310637E-003
  0.702960000000000       6.192694893146378E-003
  0.703040000000000       6.192762127414309E-003
  0.703120000000000       6.192829387489152E-003
  0.703200000000000       6.192896673925131E-003
  0.703280000000000       6.192963986551715E-003
  0.703360000000000       6.193031325084686E-003
  0.703440000000000       6.193098690064059E-003
  0.703520000000000       6.193166080907187E-003
  0.703600000000000       6.193233497884077E-003
  0.703680000000000       6.193300941165259E-003
  0.703760000000000       6.193368410523360E-003
  0.703840000000000       6.193435905915746E-003
  0.703920000000000       6.193503427612424E-003
  0.704000000000000       6.193570975343388E-003
  0.704080000000000       6.193638549336012E-003
  0.704160000000000       6.193706149206602E-003
  0.704240000000000       6.193773775381484E-003
  0.704320000000000       6.193841427974345E-003
  0.704400000000000       6.193909106487806E-003
  0.704480000000000       6.193976810936076E-003
  0.704560000000000       6.194044541745481E-003
  0.704640000000000       6.194112298489696E-003
  0.704720000000000       6.194180081694523E-003
  0.704800000000000       6.194247890549943E-003
  0.704880000000000       6.194315725993872E-003
  0.704960000000000       6.194383587671038E-003
  0.705040000000000       6.194451474998797E-003
  0.705120000000000       6.194519388687692E-003
  0.705200000000000       6.194587328510349E-003
  0.705280000000000       6.194655294594665E-003
  0.705360000000000       6.194723286684845E-003
  0.705440000000000       6.194791304724046E-003
  0.705520000000000       6.194859349181226E-003
  0.705600000000000       6.194927419928487E-003
  0.705680000000000       6.194995516511082E-003
  0.705760000000000       6.195063639184806E-003
  0.705840000000000       6.195131788091768E-003
  0.705920000000000       6.195199962919330E-003
  0.706000000000000       6.195268164136448E-003
  0.706080000000000       6.195336391259954E-003
  0.706160000000000       6.195404644829861E-003
  0.706240000000000       6.195472924164048E-003
  0.706320000000000       6.195541230086744E-003
  0.706400000000000       6.195609561830562E-003
  0.706480000000000       6.195677919722354E-003
  0.706560000000000       6.195746303634220E-003
  0.706640000000000       6.195814713935644E-003
  0.706720000000000       6.195883150299775E-003
  0.706800000000000       6.195951612683982E-003
  0.706880000000000       6.196020101116684E-003
  0.706960000000000       6.196088615725782E-003
  0.707040000000000       6.196157156553906E-003
  0.707120000000000       6.196225723487370E-003
  0.707200000000000       6.196294316412488E-003
  0.707280000000000       6.196362935798217E-003
  0.707360000000000       6.196431580749274E-003
  0.707440000000000       6.196500252374105E-003
  0.707520000000000       6.196568949933746E-003
  0.707600000000000       6.196637673556094E-003
  0.707680000000000       6.196706423283783E-003
  0.707760000000000       6.196775199202077E-003
  0.707840000000000       6.196844001140445E-003
  0.707920000000000       6.196912829397317E-003
  0.708000000000000       6.196981683546366E-003
  0.708080000000000       6.197050563914442E-003
  0.708160000000000       6.197119470487334E-003
  0.708240000000000       6.197188403122934E-003
  0.708320000000000       6.197257361750187E-003
  0.708400000000000       6.197326346582255E-003
  0.708480000000000       6.197395357320713E-003
  0.708560000000000       6.197464394477149E-003
  0.708640000000000       6.197533457568394E-003
  0.708720000000000       6.197602547134463E-003
  0.708800000000000       6.197671662621130E-003
  0.708880000000000       6.197740803943131E-003
  0.708960000000000       6.197809971455737E-003
  0.709040000000000       6.197879165315268E-003
  0.709120000000000       6.197948385194874E-003
  0.709200000000000       6.198017631364561E-003
  0.709280000000000       6.198086903412215E-003
  0.709360000000000       6.198156201380468E-003
  0.709440000000000       6.198225525709856E-003
  0.709520000000000       6.198294876087741E-003
  0.709600000000000       6.198364252656231E-003
  0.709680000000000       6.198433655301639E-003
  0.709760000000000       6.198503084308183E-003
  0.709840000000000       6.198572538951109E-003
  0.709920000000000       6.198642019841483E-003
  0.710000000000000       6.198711526965096E-003
  0.710080000000000       6.198781060066150E-003
  0.710160000000000       6.198850619315178E-003
  0.710240000000000       6.198920204740600E-003
  0.710320000000000       6.198989816228729E-003
  0.710400000000000       6.199059453850620E-003
  0.710480000000000       6.199129117535219E-003
  0.710560000000000       6.199198807367790E-003
  0.710640000000000       6.199268523433599E-003
  0.710720000000000       6.199338265348953E-003
  0.710800000000000       6.199408033511756E-003
  0.710880000000000       6.199477827737266E-003
  0.710960000000000       6.199547647968640E-003
  0.711040000000000       6.199617494490096E-003
  0.711120000000000       6.199687367131102E-003
  0.711200000000000       6.199757265650075E-003
  0.711280000000000       6.199827190331231E-003
  0.711360000000000       6.199897141288258E-003
  0.711440000000000       6.199967118080619E-003
  0.711520000000000       6.200037121063585E-003
  0.711600000000000       6.200107150549795E-003
  0.711680000000000       6.200177205530278E-003
  0.711760000000000       6.200247286971373E-003
  0.711840000000000       6.200317394105693E-003
  0.711920000000000       6.200387527885366E-003
  0.712000000000000       6.200457687130890E-003
  0.712080000000000       6.200527873064399E-003
  0.712160000000000       6.200598084875875E-003
  0.712240000000000       6.200668322735848E-003
  0.712320000000000       6.200738586942745E-003
  0.712400000000000       6.200808877098663E-003
  0.712480000000000       6.200879193132548E-003
  0.712560000000000       6.200949535484935E-003
  0.712640000000000       6.201019903786343E-003
  0.712720000000000       6.201090298363621E-003
  0.712800000000000       6.201160718818866E-003
  0.712880000000000       6.201231165450505E-003
  0.712960000000000       6.201301638215907E-003
  0.713040000000000       6.201372136958750E-003
  0.713120000000000       6.201442661892199E-003
  0.713200000000000       6.201513212987831E-003
  0.713280000000000       6.201583790060906E-003
  0.713360000000000       6.201654393239320E-003
  0.713440000000000       6.201725022480443E-003
  0.713520000000000       6.201795677897960E-003
  0.713600000000000       6.201866359548714E-003
  0.713680000000000       6.201937066963748E-003
  0.713760000000000       6.202007800427279E-003
  0.713840000000000       6.202078560408265E-003
  0.713920000000000       6.202149346196163E-003
  0.714000000000000       6.202220158132033E-003
  0.714080000000000       6.202290996002714E-003
  0.714160000000000       6.202361860035577E-003
  0.714240000000000       6.202432749989040E-003
  0.714320000000000       6.202503666232585E-003
  0.714400000000000       6.202574608737788E-003
  0.714480000000000       6.202645577220434E-003
  0.714560000000000       6.202716571609469E-003
  0.714640000000000       6.202787592018578E-003
  0.714720000000000       6.202858638618292E-003
  0.714800000000000       6.202929711579142E-003
  0.714880000000000       6.203000810346904E-003
  0.714960000000000       6.203071935205796E-003
  0.715040000000000       6.203143085999497E-003
  0.715120000000000       6.203214262983803E-003
  0.715200000000000       6.203285466229769E-003
  0.715280000000000       6.203356695652130E-003
  0.715360000000000       6.203427950412444E-003
  0.715440000000000       6.203499231960220E-003
  0.715520000000000       6.203570539513859E-003
  0.715600000000000       6.203641872845989E-003
  0.715680000000000       6.203713232468201E-003
  0.715760000000000       6.203784617854691E-003
  0.715840000000000       6.203856029673372E-003
  0.715920000000000       6.203927467441073E-003
  0.716000000000000       6.203998931442013E-003
  0.716080000000000       6.204070421448816E-003
  0.716160000000000       6.204141937305164E-003
  0.716240000000000       6.204213479480015E-003
  0.716320000000000       6.204285047532832E-003
  0.716400000000000       6.204356641762044E-003
  0.716480000000000       6.204428262281337E-003
  0.716560000000000       6.204499908678596E-003
  0.716640000000000       6.204571581010666E-003
  0.716720000000000       6.204643279362810E-003
  0.716800000000000       6.204715004061879E-003
  0.716880000000000       6.204786754624703E-003
  0.716960000000000       6.204858531406555E-003
  0.717040000000000       6.204930334194270E-003
  0.717120000000000       6.205002163144169E-003
  0.717200000000000       6.205074018000457E-003
  0.717280000000000       6.205145898777343E-003
  0.717360000000000       6.205217805957997E-003
  0.717440000000000       6.205289738988196E-003
  0.717520000000000       6.205361698237422E-003
  0.717600000000000       6.205433683449880E-003
  0.717680000000000       6.205505694725045E-003
  0.717760000000000       6.205577732219237E-003
  0.717840000000000       6.205649795662450E-003
  0.717920000000000       6.205721885154159E-003
  0.718000000000000       6.205794000594889E-003
  0.718080000000000       6.205866142268857E-003
  0.718160000000000       6.205938309707105E-003
  0.718240000000000       6.206010503435434E-003
  0.718320000000000       6.206082723453844E-003
  0.718400000000000       6.206154969208112E-003
  0.718480000000000       6.206227241152985E-003
  0.718560000000000       6.206299539203198E-003
  0.718640000000000       6.206371863543492E-003
  0.718720000000000       6.206444213179108E-003
  0.718800000000000       6.206516589246914E-003
  0.718880000000000       6.206588991590590E-003
  0.718960000000000       6.206661419869076E-003
  0.719040000000000       6.206733873997106E-003
  0.719120000000000       6.206806354486272E-003
  0.719200000000000       6.206878861166044E-003
  0.719280000000000       6.206951393510619E-003
  0.719360000000000       6.207023951861058E-003
  0.719440000000000       6.207096536444735E-003
  0.719520000000000       6.207169147190595E-003
  0.719600000000000       6.207241783786000E-003
  0.719680000000000       6.207314446657276E-003
  0.719760000000000       6.207387135278620E-003
  0.719840000000000       6.207459850317943E-003
  0.719920000000000       6.207532591050492E-003
  0.720000000000000       6.207605357987856E-003
  0.720080000000000       6.207678151044772E-003
  0.720160000000000       6.207750969809123E-003
  0.720240000000000       6.207823815147773E-003
  0.720320000000000       6.207896686407022E-003
  0.720400000000000       6.207969583458973E-003
  0.720480000000000       6.208042506332046E-003
  0.720560000000000       6.208115455978370E-003
  0.720640000000000       6.208188431204232E-003
  0.720720000000000       6.208261432549645E-003
  0.720800000000000       6.208334459957766E-003
  0.720880000000000       6.208407513400172E-003
  0.720960000000000       6.208480592848443E-003
  0.721040000000000       6.208553698402054E-003
  0.721120000000000       6.208626830203113E-003
  0.721200000000000       6.208699987597922E-003
  0.721280000000000       6.208773171297022E-003
  0.721360000000000       6.208846381016198E-003
  0.721440000000000       6.208919616641762E-003
  0.721520000000000       6.208992878571618E-003
  0.721600000000000       6.209066166208910E-003
  0.721680000000000       6.209139480150495E-003
  0.721760000000000       6.209212820225841E-003
  0.721840000000000       6.209286186022834E-003
  0.721920000000000       6.209359578053065E-003
  0.722000000000000       6.209432996146003E-003
  0.722080000000000       6.209506440187963E-003
  0.722160000000000       6.209579910335262E-003
  0.722240000000000       6.209653406360528E-003
  0.722320000000000       6.209726928718507E-003
  0.722400000000000       6.209800476727079E-003
  0.722480000000000       6.209874050997311E-003
  0.722560000000000       6.209947651344461E-003
  0.722640000000000       6.210021277626421E-003
  0.722720000000000       6.210094929928456E-003
  0.722800000000000       6.210168608293199E-003
  0.722880000000000       6.210242312550119E-003
  0.722960000000000       6.210316043011855E-003
  0.723040000000000       6.210389799323136E-003
  0.723120000000000       6.210463581810811E-003
  0.723200000000000       6.210537390432248E-003
  0.723280000000000       6.210611225201657E-003
  0.723360000000000       6.210685085507973E-003
  0.723440000000000       6.210758972331743E-003
  0.723520000000000       6.210832884976637E-003
  0.723600000000000       6.210906823428442E-003
  0.723680000000000       6.210980788085064E-003
  0.723760000000000       6.211054778818604E-003
  0.723840000000000       6.211128795685906E-003
  0.723920000000000       6.211202838246433E-003
  0.724000000000000       6.211276907111252E-003
  0.724080000000000       6.211351001953514E-003
  0.724160000000000       6.211425122659531E-003
  0.724240000000000       6.211499269712473E-003
  0.724320000000000       6.211573442600749E-003
  0.724400000000000       6.211647641622787E-003
  0.724480000000000       6.211721866380682E-003
  0.724560000000000       6.211796117229707E-003
  0.724640000000000       6.211870394070385E-003
  0.724720000000000       6.211944697329042E-003
  0.724800000000000       6.212019026408822E-003
  0.724880000000000       6.212093381224460E-003
  0.724960000000000       6.212167762486499E-003
  0.725040000000000       6.212242169356497E-003
  0.725120000000000       6.212316602473945E-003
  0.725200000000000       6.212391061597256E-003
  0.725280000000000       6.212465546484847E-003
  0.725360000000000       6.212540057563044E-003
  0.725440000000000       6.212614595101851E-003
  0.725520000000000       6.212689158149143E-003
  0.725600000000000       6.212763747344408E-003
  0.725680000000000       6.212838362645013E-003
  0.725760000000000       6.212913003468313E-003
  0.725840000000000       6.212987670880122E-003
  0.725920000000000       6.213062364027789E-003
  0.726000000000000       6.213137083351850E-003
  0.726080000000000       6.213211828667565E-003
  0.726160000000000       6.213286599719137E-003
  0.726240000000000       6.213361397231321E-003
  0.726320000000000       6.213436220394098E-003
  0.726400000000000       6.213511069846956E-003
  0.726480000000000       6.213585944936196E-003
  0.726560000000000       6.213660846343939E-003
  0.726640000000000       6.213735773743335E-003
  0.726720000000000       6.213810726992276E-003
  0.726800000000000       6.213885706133394E-003
  0.726880000000000       6.213960711422484E-003
  0.726960000000000       6.214035743229030E-003
  0.727040000000000       6.214110800288265E-003
  0.727120000000000       6.214185883538104E-003
  0.727200000000000       6.214260993248556E-003
  0.727280000000000       6.214336128396437E-003
  0.727360000000000       6.214411289749134E-003
  0.727440000000000       6.214486477235593E-003
  0.727520000000000       6.214561690415277E-003
  0.727600000000000       6.214636929799778E-003
  0.727680000000000       6.214712195318040E-003
  0.727760000000000       6.214787486501106E-003
  0.727840000000000       6.214862803945832E-003
  0.727920000000000       6.214938147183258E-003
  0.728000000000000       6.215013516881297E-003
  0.728080000000000       6.215088912102030E-003
  0.728160000000000       6.215164333499158E-003
  0.728240000000000       6.215239780802673E-003
  0.728320000000000       6.215315254040999E-003
  0.728400000000000       6.215390753413087E-003
  0.728480000000000       6.215466278947358E-003
  0.728560000000000       6.215541830316963E-003
  0.728640000000000       6.215617407649799E-003
  0.728720000000000       6.215693010803758E-003
  0.728800000000000       6.215768640375697E-003
  0.728880000000000       6.215844295598228E-003
  0.728960000000000       6.215919976954521E-003
  0.729040000000000       6.215995684217202E-003
  0.729120000000000       6.216071417343639E-003
  0.729200000000000       6.216147176674892E-003
  0.729280000000000       6.216222962253593E-003
  0.729360000000000       6.216298773340779E-003
  0.729440000000000       6.216374610789100E-003
  0.729520000000000       6.216450473802749E-003
  0.729600000000000       6.216526363390696E-003
  0.729680000000000       6.216602278387651E-003
  0.729760000000000       6.216678219518369E-003
  0.729840000000000       6.216754186896534E-003
  0.729920000000000       6.216830179896871E-003
  0.730000000000000       6.216906199102024E-003
  0.730080000000000       6.216982244199355E-003
  0.730160000000000       6.217058315629399E-003
  0.730240000000000       6.217134412582138E-003
  0.730320000000000       6.217210535739693E-003
  0.730400000000000       6.217286684888901E-003
  0.730480000000000       6.217362859987131E-003
  0.730560000000000       6.217439060977537E-003
  0.730640000000000       6.217515287888543E-003
  0.730720000000000       6.217591541146473E-003
  0.730800000000000       6.217667819941309E-003
  0.730880000000000       6.217744125054648E-003
  0.730960000000000       6.217820455946477E-003
  0.731040000000000       6.217896812730484E-003
  0.731120000000000       6.217973195776150E-003
  0.731200000000000       6.218049604586096E-003
  0.731280000000000       6.218126039458750E-003
  0.731360000000000       6.218202500252002E-003
  0.731440000000000       6.218278987335336E-003
  0.731520000000000       6.218355500296636E-003
  0.731600000000000       6.218432038965372E-003
  0.731680000000000       6.218508603639972E-003
  0.731760000000000       6.218585194533600E-003
  0.731840000000000       6.218661810978344E-003
  0.731920000000000       6.218738454011597E-003
  0.732000000000000       6.218815122496491E-003
  0.732080000000000       6.218891817100936E-003
  0.732160000000000       6.218968537725456E-003
  0.732240000000000       6.219045284284786E-003
  0.732320000000000       6.219122056906824E-003
  0.732400000000000       6.219198855349984E-003
  0.732480000000000       6.219275679614267E-003
  0.732560000000000       6.219352530253897E-003
  0.732640000000000       6.219429406473066E-003
  0.732720000000000       6.219506309024948E-003
  0.732800000000000       6.219583237383742E-003
  0.732880000000000       6.219660191648924E-003
  0.732960000000000       6.219737171763651E-003
  0.733040000000000       6.219814178068984E-003
  0.733120000000000       6.219891210337548E-003
  0.733200000000000       6.219968268441445E-003
  0.733280000000000       6.220045352409099E-003
  0.733360000000000       6.220122462837364E-003
  0.733440000000000       6.220199598873589E-003
  0.733520000000000       6.220276760787780E-003
  0.733600000000000       6.220353948835734E-003
  0.733680000000000       6.220431162633756E-003
  0.733760000000000       6.220508402579750E-003
  0.733840000000000       6.220585668574242E-003
  0.733920000000000       6.220662960389856E-003
  0.734000000000000       6.220740278069226E-003
  0.734080000000000       6.220817621896569E-003
  0.734160000000000       6.220894991786619E-003
  0.734240000000000       6.220972387114099E-003
  0.734320000000000       6.221049808646396E-003
  0.734400000000000       6.221127256156134E-003
  0.734480000000000       6.221204729856478E-003
  0.734560000000000       6.221282229264258E-003
  0.734640000000000       6.221359754763168E-003
  0.734720000000000       6.221437306111622E-003
  0.734800000000000       6.221514883551205E-003
  0.734880000000000       6.221592486882966E-003
  0.734960000000000       6.221670115936374E-003
  0.735040000000000       6.221747771265652E-003
  0.735120000000000       6.221825452501318E-003
  0.735200000000000       6.221903159529685E-003
  0.735280000000000       6.221980892592339E-003
  0.735360000000000       6.222058651461904E-003
  0.735440000000000       6.222136436223647E-003
  0.735520000000000       6.222214247488634E-003
  0.735600000000000       6.222292084162629E-003
  0.735680000000000       6.222369946842488E-003
  0.735760000000000       6.222447835698742E-003
  0.735840000000000       6.222525750290853E-003
  0.735920000000000       6.222603691059359E-003
  0.736000000000000       6.222681657620566E-003
  0.736080000000000       6.222759650187638E-003
  0.736160000000000       6.222837668774784E-003
  0.736240000000000       6.222915712998312E-003
  0.736320000000000       6.222993783227704E-003
  0.736400000000000       6.223071879747178E-003
  0.736480000000000       6.223150001860401E-003
  0.736560000000000       6.223228149851590E-003
  0.736640000000000       6.223306323948120E-003
  0.736720000000000       6.223384524263676E-003
  0.736800000000000       6.223462750087717E-003
  0.736880000000000       6.223541002088152E-003
  0.736960000000000       6.223619279824445E-003
  0.737040000000000       6.223697583708710E-003
  0.737120000000000       6.223775913527786E-003
  0.737200000000000       6.223854269182195E-003
  0.737280000000000       6.223932650757203E-003
  0.737360000000000       6.224011058309654E-003
  0.737440000000000       6.224089491725860E-003
  0.737520000000000       6.224167951034244E-003
  0.737600000000000       6.224246436490600E-003
  0.737680000000000       6.224324947654392E-003
  0.737760000000000       6.224403485094055E-003
  0.737840000000000       6.224482048155889E-003
  0.737920000000000       6.224560637252009E-003
  0.738000000000000       6.224639252211884E-003
  0.738080000000000       6.224717893120780E-003
  0.738160000000000       6.224796560234492E-003
  0.738240000000000       6.224875252856688E-003
  0.738320000000000       6.224953971669490E-003
  0.738400000000000       6.225032716246571E-003
  0.738480000000000       6.225111486886360E-003
  0.738560000000000       6.225190283446747E-003
  0.738640000000000       6.225269105671939E-003
  0.738720000000000       6.225347954130368E-003
  0.738800000000000       6.225426828367287E-003
  0.738880000000000       6.225505728908499E-003
  0.738960000000000       6.225584654602923E-003
  0.739040000000000       6.225663606900068E-003
  0.739120000000000       6.225742584762540E-003
  0.739200000000000       6.225821588772985E-003
  0.739280000000000       6.225900618476655E-003
  0.739360000000000       6.225979674243032E-003
  0.739440000000000       6.226058755944220E-003
  0.739520000000000       6.226137863324422E-003
  0.739600000000000       6.226216996824175E-003
  0.739680000000000       6.226296156471901E-003
  0.739760000000000       6.226375341756008E-003
  0.739840000000000       6.226454553145456E-003
  0.739920000000000       6.226533790299183E-003
