  0.660000000000000       5.311349858973014E-003
  0.660080000000000       5.311388726399625E-003
  0.660160000000000       5.311427659991975E-003
  0.660240000000000       5.311466659835330E-003
  0.660320000000000       5.311505726270749E-003
  0.660400000000000       5.311544859056650E-003
  0.660480000000000       5.311584058193031E-003
  0.660560000000000       5.311623323736737E-003
  0.660640000000000       5.311662655815664E-003
  0.660720000000000       5.311702054259283E-003
  0.660800000000000       5.311741519024960E-003
  0.660880000000000       5.311781050283227E-003
  0.660960000000000       5.311820647650390E-003
  0.661040000000000       5.311860311538564E-003
  0.661120000000000       5.311900042089857E-003
  0.661200000000000       5.311939838707414E-003
  0.661280000000000       5.311979702016512E-003
  0.661360000000000       5.312019631349241E-003
  0.661440000000000       5.312059627117716E-003
  0.661520000000000       5.312099689762474E-003
  0.661600000000000       5.312139818430862E-003
  0.661680000000000       5.312180013563417E-003
  0.661760000000000       5.312220275103297E-003
  0.661840000000000       5.312260602752073E-003
  0.661920000000000       5.312300997390818E-003
  0.662000000000000       5.312341458166881E-003
  0.662080000000000       5.312381985208160E-003
  0.662160000000000       5.312422578571497E-003
  0.662240000000000       5.312463238470056E-003
  0.662320000000000       5.312503965060156E-003
  0.662400000000000       5.312544757688099E-003
  0.662480000000000       5.312585616879684E-003
  0.662560000000000       5.312626542492805E-003
  0.662640000000000       5.312667534129557E-003
  0.662720000000000       5.312708592372584E-003
  0.662800000000000       5.312749717136623E-003
  0.662880000000000       5.312790908478516E-003
  0.662960000000000       5.312832165872462E-003
  0.663040000000000       5.312873489886894E-003
  0.663120000000000       5.312914879967590E-003
  0.663200000000000       5.312956336853514E-003
  0.663280000000000       5.312997859620961E-003
  0.663360000000000       5.313039449293112E-003
  0.663440000000000       5.313081105244689E-003
  0.663520000000000       5.313122827575168E-003
  0.663600000000000       5.313164616227706E-003
  0.663680000000000       5.313206471514943E-003
  0.663760000000000       5.313248393124238E-003
  0.663840000000000       5.313290380785585E-003
  0.663920000000000       5.313332435294794E-003
  0.664000000000000       5.313374555770790E-003
  0.664080000000000       5.313416742810429E-003
  0.664160000000000       5.313458996470555E-003
  0.664240000000000       5.313501316481162E-003
  0.664320000000000       5.313543702785407E-003
  0.664400000000000       5.313586155383288E-003
  0.664480000000000       5.313628674573235E-003
  0.664560000000000       5.313671259857867E-003
  0.664640000000000       5.313713911876673E-003
  0.664720000000000       5.313756630146483E-003
  0.664800000000000       5.313799414866250E-003
  0.664880000000000       5.313842266035974E-003
  0.664960000000000       5.313885183769341E-003
  0.665040000000000       5.313928167583182E-003
  0.665120000000000       5.313971217974878E-003
  0.665200000000000       5.314014334518103E-003
  0.665280000000000       5.314057517809712E-003
  0.665360000000000       5.314100767238639E-003
  0.665440000000000       5.314144083330686E-003
  0.665520000000000       5.314187465702159E-003
  0.665600000000000       5.314230914367269E-003
  0.665680000000000       5.314274429652866E-003
  0.665760000000000       5.314318011104203E-003
  0.665840000000000       5.314361658906020E-003
  0.665920000000000       5.314405373470433E-003
  0.666000000000000       5.314449154342694E-003
  0.666080000000000       5.314493001295429E-003
  0.666160000000000       5.314536915124447E-003
  0.666240000000000       5.314580895090782E-003
  0.666320000000000       5.314624941464442E-003
  0.666400000000000       5.314669054245425E-003
  0.666480000000000       5.314713233405311E-003
  0.666560000000000       5.314757478929889E-003
  0.666640000000000       5.314801790989688E-003
  0.666720000000000       5.314846169371546E-003
  0.666800000000000       5.314890614118096E-003
  0.666880000000000       5.314935125470922E-003
  0.666960000000000       5.314979703174228E-003
  0.667040000000000       5.315024347085907E-003
  0.667120000000000       5.315069057646494E-003
  0.667200000000000       5.315113834657038E-003
  0.667280000000000       5.315158677677002E-003
  0.667360000000000       5.315203587402718E-003
  0.667440000000000       5.315248563478914E-003
  0.667520000000000       5.315293605862959E-003
  0.667600000000000       5.315338714597485E-003
  0.667680000000000       5.315383889924075E-003
  0.667760000000000       5.315429131473249E-003
  0.667840000000000       5.315474439955548E-003
  0.667920000000000       5.315519814390424E-003
  0.668000000000000       5.315565255161570E-003
  0.668080000000000       5.315610762425305E-003
  0.668160000000000       5.315656336138997E-003
  0.668240000000000       5.315701976331067E-003
  0.668320000000000       5.315747682987305E-003
  0.668400000000000       5.315793455738228E-003
  0.668480000000000       5.315839295209113E-003
  0.668560000000000       5.315885200817317E-003
  0.668640000000000       5.315931173131273E-003
  0.668720000000000       5.315977211554124E-003
  0.668800000000000       5.316023316640096E-003
  0.668880000000000       5.316069487834963E-003
  0.668960000000000       5.316115725764004E-003
  0.669040000000000       5.316162029844574E-003
  0.669120000000000       5.316208400289835E-003
  0.669200000000000       5.316254837540325E-003
  0.669280000000000       5.316301340885499E-003
  0.669360000000000       5.316347910666420E-003
  0.669440000000000       5.316394546669923E-003
  0.669520000000000       5.316441249421811E-003
  0.669600000000000       5.316488018509969E-003
  0.669680000000000       5.316534853877553E-003
  0.669760000000000       5.316581755851413E-003
  0.669840000000000       5.316628723976802E-003
  0.669920000000000       5.316675758779522E-003
  0.670000000000000       5.316722859804824E-003
  0.670080000000000       5.316770027109553E-003
  0.670160000000000       5.316817260821605E-003
  0.670240000000000       5.316864561424151E-003
  0.670320000000000       5.316911928007696E-003
  0.670400000000000       5.316959361268570E-003
  0.670480000000000       5.317006860624130E-003
  0.670560000000000       5.317054426557544E-003
  0.670640000000000       5.317102058898283E-003
  0.670720000000000       5.317149757632134E-003
  0.670800000000000       5.317197522616991E-003
  0.670880000000000       5.317245354421286E-003
  0.670960000000000       5.317293252377110E-003
  0.671040000000000       5.317341216683414E-003
  0.671120000000000       5.317389247567573E-003
  0.671200000000000       5.317437344603260E-003
  0.671280000000000       5.317485508373122E-003
  0.671360000000000       5.317533738337144E-003
  0.671440000000000       5.317582034694280E-003
  0.671520000000000       5.317630397359264E-003
  0.671600000000000       5.317678826630524E-003
  0.671680000000000       5.317727322209632E-003
  0.671760000000000       5.317775884352383E-003
  0.671840000000000       5.317824512746139E-003
  0.671920000000000       5.317873207675117E-003
  0.672000000000000       5.317921968954576E-003
  0.672080000000000       5.317970796527672E-003
  0.672160000000000       5.318019690564935E-003
  0.672240000000000       5.318068651066366E-003
  0.672320000000000       5.318117678017754E-003
  0.672400000000000       5.318166771191724E-003
  0.672480000000000       5.318215931128290E-003
  0.672560000000000       5.318265157060065E-003
  0.672640000000000       5.318314449669171E-003
  0.672720000000000       5.318363808486649E-003
  0.672800000000000       5.318413233810926E-003
  0.672880000000000       5.318462725741480E-003
  0.672960000000000       5.318512283653033E-003
  0.673040000000000       5.318561908426656E-003
  0.673120000000000       5.318611599280754E-003
  0.673200000000000       5.318661356655863E-003
  0.673280000000000       5.318711180438297E-003
  0.673360000000000       5.318761070628054E-003
  0.673440000000000       5.318811027466720E-003
  0.673520000000000       5.318861050456914E-003
  0.673600000000000       5.318911139541794E-003
  0.673680000000000       5.318961295545589E-003
  0.673760000000000       5.319011517843020E-003
  0.673840000000000       5.319061806505144E-003
  0.673920000000000       5.319112161389850E-003
  0.674000000000000       5.319162582596616E-003
  0.674080000000000       5.319213070651242E-003
  0.674160000000000       5.319263625141613E-003
  0.674240000000000       5.319314245556140E-003
  0.674320000000000       5.319364932704840E-003
  0.674400000000000       5.319415686147178E-003
  0.674480000000000       5.319466506039473E-003
  0.674560000000000       5.319517392424356E-003
  0.674640000000000       5.319568345202353E-003
  0.674720000000000       5.319619364245565E-003
  0.674800000000000       5.319670449824000E-003
  0.674880000000000       5.319721601823969E-003
  0.674960000000000       5.319772820231262E-003
  0.675040000000000       5.319824105017457E-003
  0.675120000000000       5.319875456026236E-003
  0.675200000000000       5.319926873769188E-003
  0.675280000000000       5.319978357635247E-003
  0.675360000000000       5.320029908136004E-003
  0.675440000000000       5.320081525029875E-003
  0.675520000000000       5.320133207933165E-003
  0.675600000000000       5.320184957584840E-003
  0.675680000000000       5.320236773558574E-003
  0.675760000000000       5.320288656095951E-003
  0.675840000000000       5.320340604784857E-003
  0.675920000000000       5.320392620051618E-003
  0.676000000000000       5.320444701711492E-003
  0.676080000000000       5.320496849792900E-003
  0.676160000000000       5.320549064295844E-003
  0.676240000000000       5.320601345021370E-003
  0.676320000000000       5.320653692367384E-003
  0.676400000000000       5.320706106035456E-003
  0.676480000000000       5.320758586196118E-003
  0.676560000000000       5.320811132664627E-003
  0.676640000000000       5.320863745497829E-003
  0.676720000000000       5.320916424852041E-003
  0.676800000000000       5.320969170684631E-003
  0.676880000000000       5.321021982839281E-003
  0.676960000000000       5.321074861244935E-003
  0.677040000000000       5.321127806001070E-003
  0.677120000000000       5.321180817633487E-003
  0.677200000000000       5.321233895303746E-003
  0.677280000000000       5.321287039239220E-003
  0.677360000000000       5.321340250164664E-003
  0.677440000000000       5.321393526673202E-003
  0.677520000000000       5.321446870171710E-003
  0.677600000000000       5.321500280248071E-003
  0.677680000000000       5.321553756177533E-003
  0.677760000000000       5.321607298741694E-003
  0.677840000000000       5.321660907897919E-003
  0.677920000000000       5.321714583418836E-003
  0.678000000000000       5.321768324934962E-003
  0.678080000000000       5.321822133327370E-003
  0.678160000000000       5.321876007885518E-003
  0.678240000000000       5.321929949007310E-003
  0.678320000000000       5.321983956309052E-003
  0.678400000000000       5.322038029975485E-003
  0.678480000000000       5.322092170475568E-003
  0.678560000000000       5.322146377041915E-003
  0.678640000000000       5.322200650143483E-003
  0.678720000000000       5.322254989496056E-003
  0.678800000000000       5.322309395440695E-003
  0.678880000000000       5.322363867465808E-003
  0.678960000000000       5.322418406125618E-003
  0.679040000000000       5.322473011064855E-003
  0.679120000000000       5.322527682795109E-003
  0.679200000000000       5.322582420691103E-003
  0.679280000000000       5.322637225278638E-003
  0.679360000000000       5.322692095605586E-003
  0.679440000000000       5.322747032936715E-003
  0.679520000000000       5.322802036206210E-003
  0.679600000000000       5.322857106167245E-003
  0.679680000000000       5.322912242322442E-003
  0.679760000000000       5.322967445396554E-003
  0.679840000000000       5.323022714295345E-003
  0.679920000000000       5.323078049828834E-003
  0.680000000000000       5.323133451840701E-003
  0.680080000000000       5.323188920046729E-003
  0.680160000000000       5.323244455086407E-003
  0.680240000000000       5.323300056036030E-003
  0.680320000000000       5.323355723478241E-003
  0.680400000000000       5.323411457413042E-003
  0.680480000000000       5.323467257812010E-003
  0.680560000000000       5.323523124376717E-003
  0.680640000000000       5.323579057704021E-003
  0.680720000000000       5.323635057140220E-003
  0.680800000000000       5.323691123125852E-003
  0.680880000000000       5.323747255547229E-003
  0.680960000000000       5.323803454262244E-003
  0.681040000000000       5.323859719683011E-003
  0.681120000000000       5.323916050900036E-003
  0.681200000000000       5.323972448936499E-003
  0.681280000000000       5.324028913337654E-003
  0.681360000000000       5.324085444075078E-003
  0.681440000000000       5.324142041319303E-003
  0.681520000000000       5.324198704857164E-003
  0.681600000000000       5.324255434830772E-003
  0.681680000000000       5.324312231083806E-003
  0.681760000000000       5.324369093928905E-003
  0.681840000000000       5.324426023096063E-003
  0.681920000000000       5.324483018727389E-003
  0.682000000000000       5.324540080552876E-003
  0.682080000000000       5.324597209126748E-003
  0.682160000000000       5.324654403965835E-003
  0.682240000000000       5.324711665112770E-003
  0.682320000000000       5.324768992695451E-003
  0.682400000000000       5.324826386628612E-003
  0.682480000000000       5.324883846912255E-003
  0.682560000000000       5.324941373574799E-003
  0.682640000000000       5.324998966786777E-003
  0.682720000000000       5.325056626519765E-003
  0.682800000000000       5.325114352347438E-003
  0.682880000000000       5.325172144781388E-003
  0.682960000000000       5.325230003679505E-003
  0.683040000000000       5.325287928601253E-003
  0.683120000000000       5.325345920413494E-003
  0.683200000000000       5.325403978235155E-003
  0.683280000000000       5.325462102620460E-003
  0.683360000000000       5.325520293270981E-003
  0.683440000000000       5.325578550584621E-003
  0.683520000000000       5.325636874319795E-003
  0.683600000000000       5.325695264078601E-003
  0.683680000000000       5.325753720528948E-003
  0.683760000000000       5.325812243272932E-003
  0.683840000000000       5.325870832495295E-003
  0.683920000000000       5.325929488039716E-003
  0.684000000000000       5.325988210005673E-003
  0.684080000000000       5.326046998407375E-003
  0.684160000000000       5.326105853202191E-003
  0.684240000000000       5.326164774262222E-003
  0.684320000000000       5.326223761942740E-003
  0.684400000000000       5.326282815490569E-003
  0.684480000000000       5.326341936099422E-003
  0.684560000000000       5.326401122561376E-003
  0.684640000000000       5.326460375885401E-003
  0.684720000000000       5.326519695559907E-003
  0.684800000000000       5.326579081130146E-003
  0.684880000000000       5.326638533704565E-003
  0.684960000000000       5.326698052359458E-003
  0.685040000000000       5.326757637464308E-003
  0.685120000000000       5.326817288905428E-003
  0.685200000000000       5.326877006881770E-003
  0.685280000000000       5.326936791052273E-003
  0.685360000000000       5.326996641928528E-003
  0.685440000000000       5.327056558842625E-003
  0.685520000000000       5.327116542306155E-003
  0.685600000000000       5.327176592361749E-003
  0.685680000000000       5.327236708497819E-003
  0.685760000000000       5.327296891154899E-003
  0.685840000000000       5.327357140233514E-003
  0.685920000000000       5.327417455762085E-003
  0.686000000000000       5.327477837740614E-003
  0.686080000000000       5.327538285813827E-003
  0.686160000000000       5.327598800351208E-003
  0.686240000000000       5.327659381409600E-003
  0.686320000000000       5.327720028846895E-003
  0.686400000000000       5.327780742478350E-003
  0.686480000000000       5.327841522801347E-003
  0.686560000000000       5.327902369261662E-003
  0.686640000000000       5.327963282157722E-003
  0.686720000000000       5.328024261603215E-003
  0.686800000000000       5.328085307356557E-003
  0.686880000000000       5.328146419588276E-003
  0.686960000000000       5.328207598213109E-003
  0.687040000000000       5.328268843074736E-003
  0.687120000000000       5.328330154201578E-003
  0.687200000000000       5.328391531920485E-003
  0.687280000000000       5.328452976075138E-003
  0.687360000000000       5.328514486708170E-003
  0.687440000000000       5.328576063506941E-003
  0.687520000000000       5.328637706670403E-003
  0.687600000000000       5.328699416496985E-003
  0.687680000000000       5.328761192446674E-003
  0.687760000000000       5.328823034903164E-003
  0.687840000000000       5.328884943724344E-003
  0.687920000000000       5.328946919180223E-003
  0.688000000000000       5.329008960531834E-003
  0.688080000000000       5.329071068532355E-003
  0.688160000000000       5.329133242954410E-003
  0.688240000000000       5.329195483641681E-003
  0.688320000000000       5.329257790608378E-003
  0.688400000000000       5.329320164366092E-003
  0.688480000000000       5.329382604261124E-003
  0.688560000000000       5.329445110662957E-003
  0.688640000000000       5.329507683344215E-003
  0.688720000000000       5.329570322546485E-003
  0.688800000000000       5.329633027772385E-003
  0.688880000000000       5.329695799760881E-003
  0.688960000000000       5.329758637886695E-003
  0.689040000000000       5.329821542604574E-003
  0.689120000000000       5.329884513417139E-003
  0.689200000000000       5.329947551205461E-003
  0.689280000000000       5.330010654733198E-003
  0.689360000000000       5.330073825009319E-003
  0.689440000000000       5.330137061479601E-003
  0.689520000000000       5.330200364641425E-003
  0.689600000000000       5.330263733954777E-003
  0.689680000000000       5.330327169504923E-003
  0.689760000000000       5.330390671561869E-003
  0.689840000000000       5.330454240097194E-003
  0.689920000000000       5.330517874940367E-003
  0.690000000000000       5.330581576048755E-003
  0.690080000000000       5.330645343806052E-003
  0.690160000000000       5.330709177828564E-003
  0.690240000000000       5.330773078016816E-003
  0.690320000000000       5.330837045109772E-003
  0.690400000000000       5.330901078098461E-003
  0.690480000000000       5.330965177508685E-003
  0.690560000000000       5.331029343496763E-003
  0.690640000000000       5.331093576133750E-003
  0.690720000000000       5.331157874481730E-003
  0.690800000000000       5.331222239350720E-003
  0.690880000000000       5.331286670939673E-003
  0.690960000000000       5.331351168822263E-003
  0.691040000000000       5.331415733083756E-003
  0.691120000000000       5.331480363539410E-003
  0.691200000000000       5.331545060459231E-003
  0.691280000000000       5.331609823829010E-003
  0.691360000000000       5.331674653677166E-003
  0.691440000000000       5.331739549620008E-003
  0.691520000000000       5.331804512154915E-003
  0.691600000000000       5.331869540926615E-003
  0.691680000000000       5.331934636176695E-003
  0.691760000000000       5.331999797620935E-003
  0.691840000000000       5.332065025742506E-003
  0.691920000000000       5.332130320214557E-003
  0.692000000000000       5.332195680738661E-003
  0.692080000000000       5.332261107982728E-003
  0.692160000000000       5.332326601378324E-003
  0.692240000000000       5.332392161408617E-003
  0.692320000000000       5.332457787434120E-003
  0.692400000000000       5.332523480193797E-003
  0.692480000000000       5.332589238977104E-003
  0.692560000000000       5.332655064451953E-003
  0.692640000000000       5.332720956021487E-003
  0.692720000000000       5.332786914126243E-003
  0.692800000000000       5.332852938752009E-003
  0.692880000000000       5.332919029685624E-003
  0.692960000000000       5.332985186827611E-003
  0.693040000000000       5.333051410419554E-003
  0.693120000000000       5.333117700376189E-003
  0.693200000000000       5.333184056612251E-003
  0.693280000000000       5.333250479454588E-003
  0.693360000000000       5.333316968547930E-003
  0.693440000000000       5.333383523878066E-003
  0.693520000000000       5.333450145913955E-003
  0.693600000000000       5.333516833959263E-003
  0.693680000000000       5.333583588653480E-003
  0.693760000000000       5.333650409556068E-003
  0.693840000000000       5.333717296937036E-003
  0.693920000000000       5.333784250512164E-003
  0.694000000000000       5.333851270622515E-003
  0.694080000000000       5.333918356955448E-003
  0.694160000000000       5.333985509653073E-003
  0.694240000000000       5.334052728871708E-003
  0.694320000000000       5.334120014511879E-003
  0.694400000000000       5.334187366161470E-003
  0.694480000000000       5.334254784886295E-003
  0.694560000000000       5.334322269094739E-003
  0.694640000000000       5.334389820278940E-003
  0.694720000000000       5.334457437586249E-003
  0.694800000000000       5.334525121215617E-003
  0.694880000000000       5.334592871437050E-003
  0.694960000000000       5.334660687824223E-003
  0.695040000000000       5.334728570632930E-003
  0.695120000000000       5.334796520147390E-003
  0.695200000000000       5.334864535642848E-003
  0.695280000000000       5.334932617232991E-003
  0.695360000000000       5.335000765727838E-003
  0.695440000000000       5.335068980388425E-003
  0.695520000000000       5.335137261470547E-003
  0.695600000000000       5.335205608704197E-003
  0.695680000000000       5.335274022430437E-003
  0.695760000000000       5.335342502549790E-003
  0.695840000000000       5.335411049161732E-003
  0.695920000000000       5.335479661996257E-003
  0.696000000000000       5.335548341053365E-003
  0.696080000000000       5.335617086418321E-003
  0.696160000000000       5.335685898730614E-003
  0.696240000000000       5.335754776867586E-003
  0.696320000000000       5.335823721454514E-003
  0.696400000000000       5.335892732377712E-003
  0.696480000000000       5.335961809750867E-003
  0.696560000000000       5.336030953645033E-003
  0.696640000000000       5.336100163363878E-003
  0.696720000000000       5.336169439902162E-003
  0.696800000000000       5.336238782805137E-003
  0.696880000000000       5.336308191973328E-003
  0.696960000000000       5.336377667619897E-003
  0.697040000000000       5.336447209304308E-003
  0.697120000000000       5.336516817637627E-003
  0.697200000000000       5.336586492079843E-003
  0.697280000000000       5.336656233156756E-003
  0.697360000000000       5.336726040569940E-003
  0.697440000000000       5.336795914177284E-003
  0.697520000000000       5.336865853850892E-003
  0.697600000000000       5.336935860386572E-003
  0.697680000000000       5.337005933059569E-003
  0.697760000000000       5.337076072154102E-003
  0.697840000000000       5.337146277741223E-003
  0.697920000000000       5.337216549394608E-003
  0.698000000000000       5.337286887767956E-003
  0.698080000000000       5.337357292108092E-003
  0.698160000000000       5.337427762798708E-003
  0.698240000000000       5.337498300152444E-003
  0.698320000000000       5.337568903714552E-003
  0.698400000000000       5.337639573456610E-003
  0.698480000000000       5.337710309890210E-003
  0.698560000000000       5.337781112361651E-003
  0.698640000000000       5.337851981283049E-003
  0.698720000000000       5.337922916625982E-003
  0.698800000000000       5.337993918333606E-003
  0.698880000000000       5.338064986377501E-003
  0.698960000000000       5.338136120530291E-003
  0.699040000000000       5.338207321346201E-003
  0.699120000000000       5.338278588427326E-003
  0.699200000000000       5.338349921944197E-003
  0.699280000000000       5.338421321697862E-003
  0.699360000000000       5.338492787702532E-003
  0.699440000000000       5.338564320199791E-003
  0.699520000000000       5.338635919004898E-003
  0.699600000000000       5.338707583847847E-003
  0.699680000000000       5.338779315524445E-003
  0.699760000000000       5.338851113366783E-003
  0.699840000000000       5.338922977516970E-003
  0.699920000000000       5.338994907975004E-003
  0.700000000000000       5.339066904854573E-003
  0.700080000000000       5.339138968041991E-003
  0.700160000000000       5.339211097650943E-003
  0.700240000000000       5.339283293311948E-003
  0.700320000000000       5.339355555835024E-003
  0.700400000000000       5.339427884282256E-003
  0.700480000000000       5.339500279705246E-003
  0.700560000000000       5.339572740640276E-003
  0.700640000000000       5.339645268138949E-003
  0.700720000000000       5.339717862087579E-003
  0.700800000000000       5.339790522415112E-003
  0.700880000000000       5.339863249050492E-003
  0.700960000000000       5.339936041894245E-003
  0.701040000000000       5.340008901230587E-003
  0.701120000000000       5.340081826903199E-003
  0.701200000000000       5.340154818997345E-003
  0.701280000000000       5.340227877143545E-003
  0.701360000000000       5.340301001981285E-003
  0.701440000000000       5.340374192885290E-003
  0.701520000000000       5.340447450125563E-003
  0.701600000000000       5.340520773929481E-003
  0.701680000000000       5.340594164012825E-003
  0.701760000000000       5.340667620219276E-003
  0.701840000000000       5.340741142989370E-003
  0.701920000000000       5.340814731896782E-003
  0.702000000000000       5.340888387396259E-003
  0.702080000000000       5.340962109075687E-003
  0.702160000000000       5.341035897048752E-003
  0.702240000000000       5.341109751443352E-003
  0.702320000000000       5.341183672231065E-003
  0.702400000000000       5.341257659042409E-003
  0.702480000000000       5.341331712388975E-003
  0.702560000000000       5.341405832029179E-003
  0.702640000000000       5.341480018304080E-003
  0.702720000000000       5.341554270645244E-003
  0.702800000000000       5.341628589180570E-003
  0.702880000000000       5.341702974194274E-003
  0.702960000000000       5.341777425501616E-003
  0.703040000000000       5.341851943273124E-003
  0.703120000000000       5.341926527125108E-003
  0.703200000000000       5.342001177483891E-003
  0.703280000000000       5.342075894136312E-003
  0.703360000000000       5.342150677110791E-003
  0.703440000000000       5.342225526705758E-003
  0.703520000000000       5.342300442139614E-003
  0.703600000000000       5.342375424208168E-003
  0.703680000000000       5.342450472342986E-003
  0.703760000000000       5.342525586870917E-003
  0.703840000000000       5.342600768118811E-003
  0.703920000000000       5.342676015234017E-003
  0.704000000000000       5.342751328742335E-003
  0.704080000000000       5.342826708785876E-003
  0.704160000000000       5.342902155123053E-003
  0.704240000000000       5.342977667739657E-003
  0.704320000000000       5.343053246507790E-003
  0.704400000000000       5.343128891924832E-003
  0.704480000000000       5.343204603223396E-003
  0.704560000000000       5.343280381028759E-003
  0.704640000000000       5.343356225170393E-003
  0.704720000000000       5.343432135733562E-003
  0.704800000000000       5.343508112462470E-003
  0.704880000000000       5.343584155655546E-003
  0.704960000000000       5.343660265255946E-003
  0.705040000000000       5.343736440936820E-003
  0.705120000000000       5.343812683081862E-003
  0.705200000000000       5.343888991435276E-003
  0.705280000000000       5.343965365997062E-003
  0.705360000000000       5.344041807221967E-003
  0.705440000000000       5.344118314470504E-003
  0.705520000000000       5.344194888325316E-003
  0.705600000000000       5.344271528246392E-003
  0.705680000000000       5.344348234574792E-003
  0.705760000000000       5.344425007154197E-003
  0.705840000000000       5.344501846098294E-003
  0.705920000000000       5.344578751492347E-003
  0.706000000000000       5.344655722853187E-003
  0.706080000000000       5.344732760735039E-003
  0.706160000000000       5.344809865024214E-003
  0.706240000000000       5.344887035479130E-003
  0.706320000000000       5.344964272142417E-003
  0.706400000000000       5.345041575539878E-003
  0.706480000000000       5.345118944747807E-003
  0.706560000000000       5.345196380718332E-003
  0.706640000000000       5.345273882627222E-003
  0.706720000000000       5.345351451156600E-003
  0.706800000000000       5.345429085624343E-003
  0.706880000000000       5.345506786627308E-003
  0.706960000000000       5.345584554051808E-003
  0.707040000000000       5.345662387556783E-003
  0.707120000000000       5.345740287454871E-003
  0.707200000000000       5.345818253760282E-003
  0.707280000000000       5.345896286217223E-003
  0.707360000000000       5.345974385095698E-003
  0.707440000000000       5.346052550438341E-003
  0.707520000000000       5.346130781634085E-003
  0.707600000000000       5.346209079706111E-003
  0.707680000000000       5.346287443560183E-003
  0.707760000000000       5.346365873921056E-003
  0.707840000000000       5.346444370461879E-003
  0.707920000000000       5.346522933253706E-003
  0.708000000000000       5.346601562708653E-003
  0.708080000000000       5.346680258357762E-003
  0.708160000000000       5.346759020058923E-003
  0.708240000000000       5.346837848039510E-003
  0.708320000000000       5.346916742569530E-003
  0.708400000000000       5.346995703663194E-003
  0.708480000000000       5.347074730467850E-003
  0.708560000000000       5.347153823907203E-003
  0.708640000000000       5.347232983569140E-003
  0.708720000000000       5.347312209538924E-003
  0.708800000000000       5.347391501546551E-003
  0.708880000000000       5.347470860132032E-003
  0.708960000000000       5.347550285224312E-003
  0.709040000000000       5.347629776269170E-003
  0.709120000000000       5.347709333835039E-003
  0.709200000000000       5.347788957339273E-003
  0.709280000000000       5.347868647520838E-003
  0.709360000000000       5.347948403754455E-003
  0.709440000000000       5.348028226310132E-003
  0.709520000000000       5.348108115202078E-003
  0.709600000000000       5.348188070444505E-003
  0.709680000000000       5.348268091653719E-003
  0.709760000000000       5.348348179739216E-003
  0.709840000000000       5.348428333763078E-003
  0.709920000000000       5.348508554137422E-003
  0.710000000000000       5.348588840535396E-003
  0.710080000000000       5.348669193582279E-003
  0.710160000000000       5.348749612652793E-003
  0.710240000000000       5.348830098230107E-003
  0.710320000000000       5.348910649902106E-003
  0.710400000000000       5.348991268038273E-003
  0.710480000000000       5.349071952411234E-003
  0.710560000000000       5.349152703049410E-003
  0.710640000000000       5.349233520208597E-003
  0.710720000000000       5.349314403235095E-003
  0.710800000000000       5.349395352768394E-003
  0.710880000000000       5.349476368581119E-003
  0.710960000000000       5.349557450659060E-003
  0.711040000000000       5.349638599101692E-003
  0.711120000000000       5.349719813852172E-003
  0.711200000000000       5.349801094697338E-003
  0.711280000000000       5.349882441694032E-003
  0.711360000000000       5.349963855240159E-003
  0.711440000000000       5.350045335079923E-003
  0.711520000000000       5.350126881000162E-003
  0.711600000000000       5.350208493555098E-003
  0.711680000000000       5.350290171934714E-003
  0.711760000000000       5.350371916991659E-003
  0.711840000000000       5.350453727944338E-003
  0.711920000000000       5.350535605375396E-003
  0.712000000000000       5.350617549071669E-003
  0.712080000000000       5.350699559146844E-003
  0.712160000000000       5.350781635387759E-003
  0.712240000000000       5.350863777979154E-003
  0.712320000000000       5.350945986707868E-003
  0.712400000000000       5.351028261943381E-003
  0.712480000000000       5.351110603060417E-003
  0.712560000000000       5.351193010868994E-003
  0.712640000000000       5.351275484516461E-003
  0.712720000000000       5.351358024755993E-003
  0.712800000000000       5.351440631346006E-003
  0.712880000000000       5.351523304073336E-003
  0.712960000000000       5.351606042980617E-003
  0.713040000000000       5.351688848067849E-003
  0.713120000000000       5.351771719775567E-003
  0.713200000000000       5.351854657535338E-003
  0.713280000000000       5.351937661546114E-003
  0.713360000000000       5.352020731637364E-003
  0.713440000000000       5.352103868505421E-003
  0.713520000000000       5.352187071127102E-003
  0.713600000000000       5.352270340355059E-003
  0.713680000000000       5.352353675734545E-003
  0.713760000000000       5.352437077421879E-003
  0.713840000000000       5.352520545402851E-003
  0.713920000000000       5.352604079492718E-003
  0.714000000000000       5.352687679734115E-003
  0.714080000000000       5.352771346709684E-003
  0.714160000000000       5.352855079623620E-003
  0.714240000000000       5.352938878731717E-003
  0.714320000000000       5.353022744019765E-003
  0.714400000000000       5.353106675970932E-003
  0.714480000000000       5.353190674130471E-003
  0.714560000000000       5.353274738271008E-003
  0.714640000000000       5.353358868818870E-003
  0.714720000000000       5.353443065361941E-003
  0.714800000000000       5.353527328568131E-003
  0.714880000000000       5.353611657797953E-003
  0.714960000000000       5.353696053207724E-003
  0.715040000000000       5.353780515181140E-003
  0.715120000000000       5.353865043377138E-003
  0.715200000000000       5.353949637511502E-003
  0.715280000000000       5.354034298024769E-003
  0.715360000000000       5.354119024774829E-003
  0.715440000000000       5.354203817846948E-003
  0.715520000000000       5.354288677070596E-003
  0.715600000000000       5.354373602658936E-003
  0.715680000000000       5.354458594540912E-003
  0.715760000000000       5.354543652489153E-003
  0.715840000000000       5.354628776958404E-003
  0.715920000000000       5.354713967621817E-003
  0.716000000000000       5.354799224308860E-003
  0.716080000000000       5.354884547374806E-003
  0.716160000000000       5.354969936549648E-003
  0.716240000000000       5.355055392231290E-003
  0.716320000000000       5.355140914007617E-003
  0.716400000000000       5.355226501978106E-003
  0.716480000000000       5.355312156213810E-003
  0.716560000000000       5.355397876700519E-003
  0.716640000000000       5.355483663409811E-003
  0.716720000000000       5.355569516412740E-003
  0.716800000000000       5.355655435879837E-003
  0.716880000000000       5.355741421185823E-003
  0.716960000000000       5.355827473027031E-003
  0.717040000000000       5.355913590835027E-003
  0.717120000000000       5.355999775064558E-003
  0.717200000000000       5.356086025758256E-003
  0.717280000000000       5.356172342020838E-003
  0.717360000000000       5.356258725372865E-003
  0.717440000000000       5.356345174322198E-003
  0.717520000000000       5.356431689607800E-003
  0.717600000000000       5.356518271158617E-003
  0.717680000000000       5.356604919344133E-003
  0.717760000000000       5.356691633325906E-003
  0.717840000000000       5.356778413871322E-003
  0.717920000000000       5.356865260255628E-003
  0.718000000000000       5.356952173160946E-003
  0.718080000000000       5.357039152232002E-003
  0.718160000000000       5.357126197554064E-003
  0.718240000000000       5.357213309013443E-003
  0.718320000000000       5.357300486652773E-003
  0.718400000000000       5.357387730869956E-003
  0.718480000000000       5.357475040570759E-003
  0.718560000000000       5.357562416963103E-003
  0.718640000000000       5.357649859762770E-003
  0.718720000000000       5.357737368742389E-003
  0.718800000000000       5.357824943774060E-003
  0.718880000000000       5.357912585014103E-003
  0.718960000000000       5.358000292590415E-003
  0.719040000000000       5.358088066431944E-003
  0.719120000000000       5.358175906325525E-003
  0.719200000000000       5.358263812683273E-003
  0.719280000000000       5.358351785164129E-003
  0.719360000000000       5.358439823782302E-003
  0.719440000000000       5.358527928566215E-003
  0.719520000000000       5.358616099487446E-003
  0.719600000000000       5.358704337199694E-003
  0.719680000000000       5.358792640182398E-003
  0.719760000000000       5.358881010439288E-003
  0.719840000000000       5.358969446208218E-003
  0.719920000000000       5.359057948384472E-003
  0.720000000000000       5.359146516882785E-003
  0.720080000000000       5.359235151575260E-003
  0.720160000000000       5.359323852419263E-003
  0.720240000000000       5.359412619429006E-003
  0.720320000000000       5.359501452746596E-003
  0.720400000000000       5.359590352030975E-003
  0.720480000000000       5.359679317680045E-003
  0.720560000000000       5.359768350105921E-003
  0.720640000000000       5.359857447944361E-003
  0.720720000000000       5.359946612360656E-003
  0.720800000000000       5.360035843013745E-003
  0.720880000000000       5.360125139477302E-003
  0.720960000000000       5.360214502518713E-003
  0.721040000000000       5.360303931754285E-003
  0.721120000000000       5.360393427112965E-003
  0.721200000000000       5.360482988509486E-003
  0.721280000000000       5.360572616469651E-003
  0.721360000000000       5.360662310453446E-003
  0.721440000000000       5.360752070958253E-003
  0.721520000000000       5.360841897188263E-003
  0.721600000000000       5.360931789825597E-003
  0.721680000000000       5.361021748429718E-003
  0.721760000000000       5.361111773583272E-003
  0.721840000000000       5.361201864859933E-003
  0.721920000000000       5.361292022131803E-003
  0.722000000000000       5.361382245725733E-003
  0.722080000000000       5.361472535428558E-003
  0.722160000000000       5.361562891723449E-003
  0.722240000000000       5.361653313814597E-003
  0.722320000000000       5.361743802327280E-003
  0.722400000000000       5.361834356778328E-003
  0.722480000000000       5.361924977736177E-003
  0.722560000000000       5.362015664731868E-003
  0.722640000000000       5.362106417793822E-003
  0.722720000000000       5.362197237518896E-003
  0.722800000000000       5.362288122912329E-003
  0.722880000000000       5.362379074656243E-003
  0.722960000000000       5.362470092395367E-003
  0.723040000000000       5.362561176769188E-003
  0.723120000000000       5.362652327223483E-003
  0.723200000000000       5.362743543687199E-003
  0.723280000000000       5.362834826401919E-003
  0.723360000000000       5.362926175325012E-003
  0.723440000000000       5.363017590541742E-003
  0.723520000000000       5.363109071782102E-003
  0.723600000000000       5.363200619188203E-003
  0.723680000000000       5.363292233030049E-003
  0.723760000000000       5.363383912653941E-003
  0.723840000000000       5.363475658670947E-003
  0.723920000000000       5.363567470967379E-003
  0.724000000000000       5.363659349330075E-003
  0.724080000000000       5.363751294128517E-003
  0.724160000000000       5.363843304680583E-003
  0.724240000000000       5.363935381668395E-003
  0.724320000000000       5.364027524694049E-003
  0.724400000000000       5.364119734084394E-003
  0.724480000000000       5.364212009569425E-003
  0.724560000000000       5.364304351234406E-003
  0.724640000000000       5.364396759093549E-003
  0.724720000000000       5.364489233075798E-003
  0.724800000000000       5.364581773309052E-003
  0.724880000000000       5.364674379906998E-003
  0.724960000000000       5.364767052144882E-003
  0.725040000000000       5.364859790690613E-003
  0.725120000000000       5.364952595657880E-003
  0.725200000000000       5.365045466989838E-003
  0.725280000000000       5.365138403876469E-003
  0.725360000000000       5.365231407539906E-003
  0.725440000000000       5.365324476971179E-003
  0.725520000000000       5.365417612681878E-003
  0.725600000000000       5.365510814700426E-003
  0.725680000000000       5.365604082685761E-003
  0.725760000000000       5.365697416978944E-003
  0.725840000000000       5.365790817366812E-003
  0.725920000000000       5.365884283948841E-003
  0.726000000000000       5.365977816781876E-003
  0.726080000000000       5.366071415880126E-003
  0.726160000000000       5.366165080660946E-003
  0.726240000000000       5.366258811976988E-003
  0.726320000000000       5.366352609302450E-003
  0.726400000000000       5.366446473092080E-003
  0.726480000000000       5.366540402493226E-003
  0.726560000000000       5.366634398372750E-003
  0.726640000000000       5.366728460545912E-003
  0.726720000000000       5.366822588657439E-003
  0.726800000000000       5.366916782991549E-003
  0.726880000000000       5.367011043661930E-003
  0.726960000000000       5.367105370242254E-003
  0.727040000000000       5.367199763045161E-003
  0.727120000000000       5.367294222099073E-003
  0.727200000000000       5.367388747020297E-003
  0.727280000000000       5.367483338448321E-003
  0.727360000000000       5.367577995885765E-003
  0.727440000000000       5.367672719631057E-003
  0.727520000000000       5.367767509272082E-003
  0.727600000000000       5.367862365078847E-003
  0.727680000000000       5.367957287207670E-003
  0.727760000000000       5.368052275388547E-003
  0.727840000000000       5.368147329848850E-003
  0.727920000000000       5.368242450048567E-003
  0.728000000000000       5.368337636996668E-003
  0.728080000000000       5.368432889584707E-003
  0.728160000000000       5.368528208523227E-003
  0.728240000000000       5.368623593556433E-003
  0.728320000000000       5.368719044655901E-003
  0.728400000000000       5.368814561921110E-003
  0.728480000000000       5.368910145551010E-003
  0.728560000000000       5.369005795289806E-003
  0.728640000000000       5.369101511094865E-003
  0.728720000000000       5.369197292795658E-003
  0.728800000000000       5.369293140875354E-003
  0.728880000000000       5.369389054978680E-003
  0.728960000000000       5.369485035517752E-003
  0.729040000000000       5.369581081966768E-003
  0.729120000000000       5.369677194567313E-003
  0.729200000000000       5.369773373347809E-003
  0.729280000000000       5.369869618080881E-003
  0.729360000000000       5.369965929221277E-003
  0.729440000000000       5.370062306186352E-003
  0.729520000000000       5.370158749629806E-003
  0.729600000000000       5.370255258869517E-003
  0.729680000000000       5.370351834218124E-003
  0.729760000000000       5.370448475931423E-003
  0.729840000000000       5.370545183753617E-003
  0.729920000000000       5.370641957656287E-003
  0.730000000000000       5.370738797667852E-003
  0.730080000000000       5.370835703973054E-003
  0.730160000000000       5.370932675975038E-003
  0.730240000000000       5.371029714327503E-003
  0.730320000000000       5.371126819087291E-003
  0.730400000000000       5.371223989685970E-003
  0.730480000000000       5.371321226507231E-003
  0.730560000000000       5.371418529437389E-003
  0.730640000000000       5.371515898348545E-003
  0.730720000000000       5.371613333837556E-003
  0.730800000000000       5.371710834994926E-003
  0.730880000000000       5.371808402232770E-003
  0.730960000000000       5.371906035750041E-003
  0.731040000000000       5.372003735319365E-003
  0.731120000000000       5.372101500841265E-003
  0.731200000000000       5.372199332969441E-003
  0.731280000000000       5.372297230865453E-003
  0.731360000000000       5.372395194827729E-003
  0.731440000000000       5.372493225225750E-003
  0.731520000000000       5.372591321746879E-003
  0.731600000000000       5.372689483808469E-003
  0.731680000000000       5.372787712362648E-003
  0.731760000000000       5.372886006897826E-003
  0.731840000000000       5.372984367712431E-003
  0.731920000000000       5.373082794891727E-003
  0.732000000000000       5.373181287639906E-003
  0.732080000000000       5.373279846425928E-003
  0.732160000000000       5.373378471747171E-003
  0.732240000000000       5.373477163134677E-003
  0.732320000000000       5.373575920332652E-003
  0.732400000000000       5.373674743909530E-003
  0.732480000000000       5.373773633296875E-003
  0.732560000000000       5.373872589134177E-003
  0.732640000000000       5.373971610810369E-003
  0.732720000000000       5.374070698709144E-003
  0.732800000000000       5.374169852659972E-003
  0.732880000000000       5.374269072691274E-003
  0.732960000000000       5.374368358973581E-003
  0.733040000000000       5.374467711222675E-003
  0.733120000000000       5.374567129623298E-003
  0.733200000000000       5.374666614132818E-003
  0.733280000000000       5.374766164594914E-003
  0.733360000000000       5.374865781180117E-003
  0.733440000000000       5.374965463959481E-003
  0.733520000000000       5.375065212961428E-003
  0.733600000000000       5.375165027830687E-003
  0.733680000000000       5.375264908567257E-003
  0.733760000000000       5.375364855682730E-003
  0.733840000000000       5.375464868864466E-003
  0.733920000000000       5.375564948467738E-003
  0.734000000000000       5.375665093625682E-003
  0.734080000000000       5.375765305034631E-003
  0.734160000000000       5.375865582651951E-003
  0.734240000000000       5.375965926307114E-003
  0.734320000000000       5.376066336000119E-003
  0.734400000000000       5.376166811773598E-003
  0.734480000000000       5.376267353584919E-003
  0.734560000000000       5.376367961604612E-003
  0.734640000000000       5.376468635491616E-003
  0.734720000000000       5.376569375771734E-003
  0.734800000000000       5.376670181691790E-003
  0.734880000000000       5.376771054047592E-003
  0.734960000000000       5.376871992384392E-003
  0.735040000000000       5.376972996901142E-003
  0.735120000000000       5.377074067384680E-003
  0.735200000000000       5.377175203778162E-003
  0.735280000000000       5.377276406351595E-003
  0.735360000000000       5.377377675176032E-003
  0.735440000000000       5.377479009839359E-003
  0.735520000000000       5.377580410881589E-003
  0.735600000000000       5.377681877734287E-003
  0.735680000000000       5.377783410567983E-003
  0.735760000000000       5.377885009851636E-003
  0.735840000000000       5.377986674675751E-003
  0.735920000000000       5.378088405978244E-003
  0.736000000000000       5.378190203020151E-003
  0.736080000000000       5.378292066384117E-003
  0.736160000000000       5.378393995828557E-003
  0.736240000000000       5.378495991268207E-003
  0.736320000000000       5.378598052845174E-003
  0.736400000000000       5.378700180161556E-003
  0.736480000000000       5.378802373785786E-003
  0.736560000000000       5.378904633589966E-003
  0.736640000000000       5.379006959360933E-003
  0.736720000000000       5.379109351070267E-003
  0.736800000000000       5.379211808860074E-003
  0.736880000000000       5.379314332829833E-003
  0.736960000000000       5.379416922595848E-003
  0.737040000000000       5.379519578641290E-003
  0.737120000000000       5.379622300639309E-003
  0.737200000000000       5.379725089030441E-003
  0.737280000000000       5.379827943004668E-003
  0.737360000000000       5.379930863229899E-003
  0.737440000000000       5.380033849436128E-003
  0.737520000000000       5.380136901779676E-003
  0.737600000000000       5.380240020345806E-003
  0.737680000000000       5.380343204452399E-003
  0.737760000000000       5.380446454966315E-003
  0.737840000000000       5.380549771560706E-003
  0.737920000000000       5.380653153979776E-003
  0.738000000000000       5.380756602607218E-003
  0.738080000000000       5.380860117244080E-003
  0.738160000000000       5.380963697847730E-003
  0.738240000000000       5.381067344617119E-003
  0.738320000000000       5.381171057438561E-003
  0.738400000000000       5.381274836141526E-003
  0.738480000000000       5.381378680981808E-003
  0.738560000000000       5.381482591675191E-003
  0.738640000000000       5.381586568505892E-003
  0.738720000000000       5.381690611559176E-003
  0.738800000000000       5.381794720479772E-003
  0.738880000000000       5.381898895367155E-003
  0.738960000000000       5.382003136590808E-003
  0.739040000000000       5.382107443596507E-003
  0.739120000000000       5.382211816568994E-003
  0.739200000000000       5.382316255977227E-003
  0.739280000000000       5.382420761082241E-003
  0.739360000000000       5.382525332125621E-003
  0.739440000000000       5.382629969277897E-003
  0.739520000000000       5.382734672368539E-003
  0.739600000000000       5.382839441752819E-003
  0.739680000000000       5.382944276990199E-003
  0.739760000000000       5.383049178322264E-003
  0.739840000000000       5.383154145436376E-003
  0.739920000000000       5.383259178545697E-003
