  0.660000000000000       8.693523792125639E-003
  0.660080000000000       8.693782019668099E-003
  0.660160000000000       8.694040131013507E-003
  0.660240000000000       8.694298126243576E-003
  0.660320000000000       8.694556005277703E-003
  0.660400000000000       8.694813768123437E-003
  0.660480000000000       8.695071414805871E-003
  0.660560000000000       8.695328945198881E-003
  0.660640000000000       8.695586359530065E-003
  0.660720000000000       8.695843657800533E-003
  0.660800000000000       8.696100839744716E-003
  0.660880000000000       8.696357905415911E-003
  0.660960000000000       8.696614854985532E-003
  0.661040000000000       8.696871688325683E-003
  0.661120000000000       8.697128405562485E-003
  0.661200000000000       8.697385006624217E-003
  0.661280000000000       8.697641491406297E-003
  0.661360000000000       8.697897860104567E-003
  0.661440000000000       8.698154112256285E-003
  0.661520000000000       8.698410248486289E-003
  0.661600000000000       8.698666268237020E-003
  0.661680000000000       8.698922172089349E-003
  0.661760000000000       8.699177959427548E-003
  0.661840000000000       8.699433630850470E-003
  0.661920000000000       8.699689185722623E-003
  0.662000000000000       8.699944624643305E-003
  0.662080000000000       8.700199947220164E-003
  0.662160000000000       8.700455153594197E-003
  0.662240000000000       8.700710243604425E-003
  0.662320000000000       8.700965217491540E-003
  0.662400000000000       8.701220075243554E-003
  0.662480000000000       8.701474816477883E-003
  0.662560000000000       8.701729441911065E-003
  0.662640000000000       8.701983950684009E-003
  0.662720000000000       8.702238343268784E-003
  0.662800000000000       8.702492619616540E-003
  0.662880000000000       8.702746779714618E-003
  0.662960000000000       8.703000823613425E-003
  0.663040000000000       8.703254751076259E-003
  0.663120000000000       8.703508562489699E-003
  0.663200000000000       8.703762257504695E-003
  0.663280000000000       8.704015836219166E-003
  0.663360000000000       8.704269298599805E-003
  0.663440000000000       8.704522644799380E-003
  0.663520000000000       8.704775874924693E-003
  0.663600000000000       8.705028988407755E-003
  0.663680000000000       8.705281985704423E-003
  0.663760000000000       8.705534866770288E-003
  0.663840000000000       8.705787631251856E-003
  0.663920000000000       8.706040279842127E-003
  0.664000000000000       8.706292812174504E-003
  0.664080000000000       8.706545227717194E-003
  0.664160000000000       8.706797527405668E-003
  0.664240000000000       8.707049710550479E-003
  0.664320000000000       8.707301777427182E-003
  0.664400000000000       8.707553728061092E-003
  0.664480000000000       8.707805562268580E-003
  0.664560000000000       8.708057280376049E-003
  0.664640000000000       8.708308881879014E-003
  0.664720000000000       8.708560367189368E-003
  0.664800000000000       8.708811736148571E-003
  0.664880000000000       8.709062988640494E-003
  0.664960000000000       8.709314125071923E-003
  0.665040000000000       8.709565144940369E-003
  0.665120000000000       8.709816048403264E-003
  0.665200000000000       8.710066835750820E-003
  0.665280000000000       8.710317506780087E-003
  0.665360000000000       8.710568061324975E-003
  0.665440000000000       8.710818499440108E-003
  0.665520000000000       8.711068821212973E-003
  0.665600000000000       8.711319026795006E-003
  0.665680000000000       8.711569116024331E-003
  0.665760000000000       8.711819088669581E-003
  0.665840000000000       8.712068944947471E-003
  0.665920000000000       8.712318684984788E-003
  0.666000000000000       8.712568308535062E-003
  0.666080000000000       8.712817815902718E-003
  0.666160000000000       8.713067206732039E-003
  0.666240000000000       8.713316481432698E-003
  0.666320000000000       8.713565639625220E-003
  0.666400000000000       8.713814680982533E-003
  0.666480000000000       8.714063606568677E-003
  0.666560000000000       8.714312415509016E-003
  0.666640000000000       8.714561107979189E-003
  0.666720000000000       8.714809683959877E-003
  0.666800000000000       8.715058143851205E-003
  0.666880000000000       8.715306487307893E-003
  0.666960000000000       8.715554714097460E-003
  0.667040000000000       8.715802824573625E-003
  0.667120000000000       8.716050818665775E-003
  0.667200000000000       8.716298696489598E-003
  0.667280000000000       8.716546457608774E-003
  0.667360000000000       8.716794102483825E-003
  0.667440000000000       8.717041630981078E-003
  0.667520000000000       8.717289042930450E-003
  0.667600000000000       8.717536338380568E-003
  0.667680000000000       8.717783517593888E-003
  0.667760000000000       8.718030580260879E-003
  0.667840000000000       8.718277526646440E-003
  0.667920000000000       8.718524356558061E-003
  0.668000000000000       8.718771069826986E-003
  0.668080000000000       8.719017666732326E-003
  0.668160000000000       8.719264147355126E-003
  0.668240000000000       8.719510511190014E-003
  0.668320000000000       8.719756758906898E-003
  0.668400000000000       8.720002889745053E-003
  0.668480000000000       8.720248904603760E-003
  0.668560000000000       8.720494802681882E-003
  0.668640000000000       8.720740584381763E-003
  0.668720000000000       8.720986249712287E-003
  0.668800000000000       8.721231798315516E-003
  0.668880000000000       8.721477230609781E-003
  0.668960000000000       8.721722546419002E-003
  0.669040000000000       8.721967745815122E-003
  0.669120000000000       8.722212828669133E-003
  0.669200000000000       8.722457795063194E-003
  0.669280000000000       8.722702644838093E-003
  0.669360000000000       8.722947378244300E-003
  0.669440000000000       8.723191995055552E-003
  0.669520000000000       8.723436495525644E-003
  0.669600000000000       8.723680879192725E-003
  0.669680000000000       8.723925146771999E-003
  0.669760000000000       8.724169297616432E-003
  0.669840000000000       8.724413332149902E-003
  0.669920000000000       8.724657249960518E-003
  0.670000000000000       8.724901051373798E-003
  0.670080000000000       8.725144736150377E-003
  0.670160000000000       8.725388304478773E-003
  0.670240000000000       8.725631756084980E-003
  0.670320000000000       8.725875091471042E-003
  0.670400000000000       8.726118310114488E-003
  0.670480000000000       8.726361412432763E-003
  0.670560000000000       8.726604398148754E-003
  0.670640000000000       8.726847267298879E-003
  0.670720000000000       8.727090019707276E-003
  0.670800000000000       8.727332655928613E-003
  0.670880000000000       8.727575175336502E-003
  0.670960000000000       8.727817578318855E-003
  0.671040000000000       8.728059864834816E-003
  0.671120000000000       8.728302034587954E-003
  0.671200000000000       8.728544087834068E-003
  0.671280000000000       8.728786024832059E-003
  0.671360000000000       8.729027844993732E-003
  0.671440000000000       8.729269548484065E-003
  0.671520000000000       8.729511135458267E-003
  0.671600000000000       8.729752606106632E-003
  0.671680000000000       8.729993959913572E-003
  0.671760000000000       8.730235197222812E-003
  0.671840000000000       8.730476318174684E-003
  0.671920000000000       8.730717322373948E-003
  0.672000000000000       8.730958209880334E-003
  0.672080000000000       8.731198980948528E-003
  0.672160000000000       8.731439635261894E-003
  0.672240000000000       8.731680173079780E-003
  0.672320000000000       8.731920594563390E-003
  0.672400000000000       8.732160898989970E-003
  0.672480000000000       8.732401087213281E-003
  0.672560000000000       8.732641158721287E-003
  0.672640000000000       8.732881113448264E-003
  0.672720000000000       8.733120951621142E-003
  0.672800000000000       8.733360673501710E-003
  0.672880000000000       8.733600278456032E-003
  0.672960000000000       8.733839766871129E-003
  0.673040000000000       8.734079138557158E-003
  0.673120000000000       8.734318393724615E-003
  0.673200000000000       8.734557532397479E-003
  0.673280000000000       8.734796554367473E-003
  0.673360000000000       8.735035459781814E-003
  0.673440000000000       8.735274248165991E-003
  0.673520000000000       8.735512920230991E-003
  0.673600000000000       8.735751475729457E-003
  0.673680000000000       8.735989914414254E-003
  0.673760000000000       8.736228236663077E-003
  0.673840000000000       8.736466442161292E-003
  0.673920000000000       8.736704530968404E-003
  0.674000000000000       8.736942503265828E-003
  0.674080000000000       8.737180358700509E-003
  0.674160000000000       8.737418097447420E-003
  0.674240000000000       8.737655719761466E-003
  0.674320000000000       8.737893225426821E-003
  0.674400000000000       8.738130614355114E-003
  0.674480000000000       8.738367886417334E-003
  0.674560000000000       8.738605042003168E-003
  0.674640000000000       8.738842081012922E-003
  0.674720000000000       8.739079003282725E-003
  0.674800000000000       8.739315808779048E-003
  0.674880000000000       8.739552497625570E-003
  0.674960000000000       8.739789069771221E-003
  0.675040000000000       8.740025525388086E-003
  0.675120000000000       8.740261864310740E-003
  0.675200000000000       8.740498086329131E-003
  0.675280000000000       8.740734191944856E-003
  0.675360000000000       8.740970180527975E-003
  0.675440000000000       8.741206052471730E-003
  0.675520000000000       8.741441807842289E-003
  0.675600000000000       8.741677446573705E-003
  0.675680000000000       8.741912968543628E-003
  0.675760000000000       8.742148373727197E-003
  0.675840000000000       8.742383662269846E-003
  0.675920000000000       8.742618834141378E-003
  0.676000000000000       8.742853889226330E-003
  0.676080000000000       8.743088827677912E-003
  0.676160000000000       8.743323649303612E-003
  0.676240000000000       8.743558354154721E-003
  0.676320000000000       8.743792942460169E-003
  0.676400000000000       8.744027414064524E-003
  0.676480000000000       8.744261768670911E-003
  0.676560000000000       8.744496006904610E-003
  0.676640000000000       8.744730128113474E-003
  0.676720000000000       8.744964132726494E-003
  0.676800000000000       8.745198020322007E-003
  0.676880000000000       8.745431791529066E-003
  0.676960000000000       8.745665445881599E-003
  0.677040000000000       8.745898983527487E-003
  0.677120000000000       8.746132404404557E-003
  0.677200000000000       8.746365708359157E-003
  0.677280000000000       8.746598895813392E-003
  0.677360000000000       8.746831966286089E-003
  0.677440000000000       8.747064920143406E-003
  0.677520000000000       8.747297757240785E-003
  0.677600000000000       8.747530477419913E-003
  0.677680000000000       8.747763080872410E-003
  0.677760000000000       8.747995567707971E-003
  0.677840000000000       8.748227937548895E-003
  0.677920000000000       8.748460190776434E-003
  0.678000000000000       8.748692327206290E-003
  0.678080000000000       8.748924346923285E-003
  0.678160000000000       8.749156249869021E-003
  0.678240000000000       8.749388035844767E-003
  0.678320000000000       8.749619705102322E-003
  0.678400000000000       8.749851257502687E-003
  0.678480000000000       8.750082693179975E-003
  0.678560000000000       8.750314012168827E-003
  0.678640000000000       8.750545214349783E-003
  0.678720000000000       8.750776299526999E-003
  0.678800000000000       8.751007268129687E-003
  0.678880000000000       8.751238119630047E-003
  0.678960000000000       8.751468854549884E-003
  0.679040000000000       8.751699472496401E-003
  0.679120000000000       8.751929973833752E-003
  0.679200000000000       8.752160358138274E-003
  0.679280000000000       8.752390625749031E-003
  0.679360000000000       8.752620776380917E-003
  0.679440000000000       8.752850810555515E-003
  0.679520000000000       8.753080727750131E-003
  0.679600000000000       8.753310527982085E-003
  0.679680000000000       8.753540211417245E-003
  0.679760000000000       8.753769778133993E-003
  0.679840000000000       8.753999228014866E-003
  0.679920000000000       8.754228560773205E-003
  0.680000000000000       8.754457777008531E-003
  0.680080000000000       8.754686876251217E-003
  0.680160000000000       8.754915858526136E-003
  0.680240000000000       8.755144724133935E-003
  0.680320000000000       8.755373472965367E-003
  0.680400000000000       8.755602104829696E-003
  0.680480000000000       8.755830619924987E-003
  0.680560000000000       8.756059018003659E-003
  0.680640000000000       8.756287299336385E-003
  0.680720000000000       8.756515463797710E-003
  0.680800000000000       8.756743511468235E-003
  0.680880000000000       8.756971442065964E-003
  0.680960000000000       8.757199255812720E-003
  0.681040000000000       8.757426952616576E-003
  0.681120000000000       8.757654532597881E-003
  0.681200000000000       8.757881995901851E-003
  0.681280000000000       8.758109342414352E-003
  0.681360000000000       8.758336571803657E-003
  0.681440000000000       8.758563683996927E-003
  0.681520000000000       8.758790679738908E-003
  0.681600000000000       8.759017558837083E-003
  0.681680000000000       8.759244320294251E-003
  0.681760000000000       8.759470965360077E-003
  0.681840000000000       8.759697493453693E-003
  0.681920000000000       8.759923904692117E-003
  0.682000000000000       8.760150198957222E-003
  0.682080000000000       8.760376376346484E-003
  0.682160000000000       8.760602436616098E-003
  0.682240000000000       8.760828380099799E-003
  0.682320000000000       8.761054206922820E-003
  0.682400000000000       8.761279916609983E-003
  0.682480000000000       8.761505509334484E-003
  0.682560000000000       8.761730985390532E-003
  0.682640000000000       8.761956344296069E-003
  0.682720000000000       8.762181585999802E-003
  0.682800000000000       8.762406711238475E-003
  0.682880000000000       8.762631719326414E-003
  0.682960000000000       8.762856610709044E-003
  0.683040000000000       8.763081384926060E-003
  0.683120000000000       8.763306042399796E-003
  0.683200000000000       8.763530582767871E-003
  0.683280000000000       8.763755006229907E-003
  0.683360000000000       8.763979312696419E-003
  0.683440000000000       8.764203502330387E-003
  0.683520000000000       8.764427575035889E-003
  0.683600000000000       8.764651530447660E-003
  0.683680000000000       8.764875369209408E-003
  0.683760000000000       8.765099091011603E-003
  0.683840000000000       8.765322695791406E-003
  0.683920000000000       8.765546183873669E-003
  0.684000000000000       8.765769554556952E-003
  0.684080000000000       8.765992808424567E-003
  0.684160000000000       8.766215945356166E-003
  0.684240000000000       8.766438965227625E-003
  0.684320000000000       8.766661868409093E-003
  0.684400000000000       8.766884654376323E-003
  0.684480000000000       8.767107323375784E-003
  0.684560000000000       8.767329875473202E-003
  0.684640000000000       8.767552310446751E-003
  0.684720000000000       8.767774628633944E-003
  0.684800000000000       8.767996829593132E-003
  0.684880000000000       8.768218913734431E-003
  0.684960000000000       8.768440880795607E-003
  0.685040000000000       8.768662730967840E-003
  0.685120000000000       8.768884464114128E-003
  0.685200000000000       8.769106080285763E-003
  0.685280000000000       8.769327579387046E-003
  0.685360000000000       8.769548961517451E-003
  0.685440000000000       8.769770226658549E-003
  0.685520000000000       8.769991374687772E-003
  0.685600000000000       8.770212405802516E-003
  0.685680000000000       8.770433319803607E-003
  0.685760000000000       8.770654116910647E-003
  0.685840000000000       8.770874796864069E-003
  0.685920000000000       8.771095359983171E-003
  0.686000000000000       8.771315806079438E-003
  0.686080000000000       8.771536134853108E-003
  0.686160000000000       8.771756346745829E-003
  0.686240000000000       8.771976441628592E-003
  0.686320000000000       8.772196419633293E-003
  0.686400000000000       8.772416280364691E-003
  0.686480000000000       8.772636024204705E-003
  0.686560000000000       8.772855650915743E-003
  0.686640000000000       8.773075160620378E-003
  0.686720000000000       8.773294553228903E-003
  0.686800000000000       8.773513828922727E-003
  0.686880000000000       8.773732987496461E-003
  0.686960000000000       8.773952029186136E-003
  0.687040000000000       8.774170953292535E-003
  0.687120000000000       8.774389760759125E-003
  0.687200000000000       8.774608451178010E-003
  0.687280000000000       8.774827024487905E-003
  0.687360000000000       8.775045480709684E-003
  0.687440000000000       8.775263819913068E-003
  0.687520000000000       8.775482041928859E-003
  0.687600000000000       8.775700146740404E-003
  0.687680000000000       8.775918134839753E-003
  0.687760000000000       8.776136005806798E-003
  0.687840000000000       8.776353759581143E-003
  0.687920000000000       8.776571396289576E-003
  0.688000000000000       8.776788915844387E-003
  0.688080000000000       8.777006318414333E-003
  0.688160000000000       8.777223604012960E-003
  0.688240000000000       8.777440772220599E-003
  0.688320000000000       8.777657823589255E-003
  0.688400000000000       8.777874757890889E-003
  0.688480000000000       8.778091574844391E-003
  0.688560000000000       8.778308275012645E-003
  0.688640000000000       8.778524857630485E-003
  0.688720000000000       8.778741323434877E-003
  0.688800000000000       8.778957672190897E-003
  0.688880000000000       8.779173903716915E-003
  0.688960000000000       8.779390018270057E-003
  0.689040000000000       8.779606015533466E-003
  0.689120000000000       8.779821895751168E-003
  0.689200000000000       8.780037658871871E-003
  0.689280000000000       8.780253304890913E-003
  0.689360000000000       8.780468833786977E-003
  0.689440000000000       8.780684245544519E-003
  0.689520000000000       8.780899540108472E-003
  0.689600000000000       8.781114717749732E-003
  0.689680000000000       8.781329778027541E-003
  0.689760000000000       8.781544721215900E-003
  0.689840000000000       8.781759547452033E-003
  0.689920000000000       8.781974256514119E-003
  0.690000000000000       8.782188848257827E-003
  0.690080000000000       8.782403322849913E-003
  0.690160000000000       8.782617680525521E-003
  0.690240000000000       8.782831920878533E-003
  0.690320000000000       8.783046044220035E-003
  0.690400000000000       8.783260050257593E-003
  0.690480000000000       8.783473939288524E-003
  0.690560000000000       8.783687710886279E-003
  0.690640000000000       8.783901365481184E-003
  0.690720000000000       8.784114903202021E-003
  0.690800000000000       8.784328323432842E-003
  0.690880000000000       8.784541626635499E-003
  0.690960000000000       8.784754812460714E-003
  0.691040000000000       8.784967881314608E-003
  0.691120000000000       8.785180833082605E-003
  0.691200000000000       8.785393667405881E-003
  0.691280000000000       8.785606384946574E-003
  0.691360000000000       8.785818985206858E-003
  0.691440000000000       8.786031467884311E-003
  0.691520000000000       8.786243833844905E-003
  0.691600000000000       8.786456082182254E-003
  0.691680000000000       8.786668213696830E-003
  0.691760000000000       8.786880227797772E-003
  0.691840000000000       8.787092124820145E-003
  0.691920000000000       8.787303904731309E-003
  0.692000000000000       8.787515567291454E-003
  0.692080000000000       8.787727112742611E-003
  0.692160000000000       8.787938541117197E-003
  0.692240000000000       8.788149852131439E-003
  0.692320000000000       8.788361045840182E-003
  0.692400000000000       8.788572122328692E-003
  0.692480000000000       8.788783081837221E-003
  0.692560000000000       8.788993924063343E-003
  0.692640000000000       8.789204649065458E-003
  0.692720000000000       8.789415256928385E-003
  0.692800000000000       8.789625747462721E-003
  0.692880000000000       8.789836120593858E-003
  0.692960000000000       8.790046376818733E-003
  0.693040000000000       8.790256515611322E-003
  0.693120000000000       8.790466537526293E-003
  0.693200000000000       8.790676441975226E-003
  0.693280000000000       8.790886229221468E-003
  0.693360000000000       8.791095899138674E-003
  0.693440000000000       8.791305451735504E-003
  0.693520000000000       8.791514887477142E-003
  0.693600000000000       8.791724205720103E-003
  0.693680000000000       8.791933406566971E-003
  0.693760000000000       8.792142490514238E-003
  0.693840000000000       8.792351456950393E-003
  0.693920000000000       8.792560306446534E-003
  0.694000000000000       8.792769038418686E-003
  0.694080000000000       8.792977653280291E-003
  0.694160000000000       8.793186150840619E-003
  0.694240000000000       8.793394530953784E-003
  0.694320000000000       8.793602794051440E-003
  0.694400000000000       8.793810939754556E-003
  0.694480000000000       8.794018968422848E-003
  0.694560000000000       8.794226879677727E-003
  0.694640000000000       8.794434673536735E-003
  0.694720000000000       8.794642350326945E-003
  0.694800000000000       8.794849909729943E-003
  0.694880000000000       8.795057351926474E-003
  0.694960000000000       8.795264676797523E-003
  0.695040000000000       8.795471884491415E-003
  0.695120000000000       8.795678974691737E-003
  0.695200000000000       8.795885947812157E-003
  0.695280000000000       8.796092803581781E-003
  0.695360000000000       8.796299542052124E-003
  0.695440000000000       8.796506163189879E-003
  0.695520000000000       8.796712667391172E-003
  0.695600000000000       8.796919053879960E-003
  0.695680000000000       8.797125323158952E-003
  0.695760000000000       8.797331475283656E-003
  0.695840000000000       8.797537509834854E-003
  0.695920000000000       8.797743427335683E-003
  0.696000000000000       8.797949227513915E-003
  0.696080000000000       8.798154910262304E-003
  0.696160000000000       8.798360475731395E-003
  0.696240000000000       8.798565923850579E-003
  0.696320000000000       8.798771254833240E-003
  0.696400000000000       8.798976468607878E-003
  0.696480000000000       8.799181564759494E-003
  0.696560000000000       8.799386543831654E-003
  0.696640000000000       8.799591405281458E-003
  0.696720000000000       8.799796149670457E-003
  0.696800000000000       8.800000776750182E-003
  0.696880000000000       8.800205286286377E-003
  0.696960000000000       8.800409678725351E-003
  0.697040000000000       8.800613953723157E-003
  0.697120000000000       8.800818111411467E-003
  0.697200000000000       8.801022151710346E-003
  0.697280000000000       8.801226074747247E-003
  0.697360000000000       8.801429880385613E-003
  0.697440000000000       8.801633568661637E-003
  0.697520000000000       8.801837139726975E-003
  0.697600000000000       8.802040593631365E-003
  0.697680000000000       8.802243929605201E-003
  0.697760000000000       8.802447148549539E-003
  0.697840000000000       8.802650250209917E-003
  0.697920000000000       8.802853234198868E-003
  0.698000000000000       8.803056101393467E-003
  0.698080000000000       8.803258850915527E-003
  0.698160000000000       8.803461482961114E-003
  0.698240000000000       8.803663997838426E-003
  0.698320000000000       8.803866395229495E-003
  0.698400000000000       8.804068675601946E-003
  0.698480000000000       8.804270838088031E-003
  0.698560000000000       8.804472883433596E-003
  0.698640000000000       8.804674811384401E-003
  0.698720000000000       8.804876622286835E-003
  0.698800000000000       8.805078315372179E-003
  0.698880000000000       8.805279891150469E-003
  0.698960000000000       8.805481349512239E-003
  0.699040000000000       8.805682690595378E-003
  0.699120000000000       8.805883914527562E-003
  0.699200000000000       8.806085020733472E-003
  0.699280000000000       8.806286009677183E-003
  0.699360000000000       8.806486881394664E-003
  0.699440000000000       8.806687635359672E-003
  0.699520000000000       8.806888272281193E-003
  0.699600000000000       8.807088791822609E-003
  0.699680000000000       8.807289193588457E-003
  0.699760000000000       8.807489478060353E-003
  0.699840000000000       8.807689645180564E-003
  0.699920000000000       8.807889695125174E-003
  0.700000000000000       8.808089627708996E-003
  0.700080000000000       8.808289442401343E-003
  0.700160000000000       8.808489139942291E-003
  0.700240000000000       8.808688720124226E-003
  0.700320000000000       8.808888182985343E-003
  0.700400000000000       8.809087528254080E-003
  0.700480000000000       8.809286756061442E-003
  0.700560000000000       8.809485866537327E-003
  0.700640000000000       8.809684859742352E-003
  0.700720000000000       8.809883735204450E-003
  0.700800000000000       8.810082493452977E-003
  0.700880000000000       8.810281134245236E-003
  0.700960000000000       8.810479657626304E-003
  0.701040000000000       8.810678063514245E-003
  0.701120000000000       8.810876351857101E-003
  0.701200000000000       8.811074523028130E-003
  0.701280000000000       8.811272576680941E-003
  0.701360000000000       8.811470512729382E-003
  0.701440000000000       8.811668331693036E-003
  0.701520000000000       8.811866032963502E-003
  0.701600000000000       8.812063616736844E-003
  0.701680000000000       8.812261083091223E-003
  0.701760000000000       8.812458431953364E-003
  0.701840000000000       8.812655663496240E-003
  0.701920000000000       8.812852777800452E-003
  0.702000000000000       8.813049774258487E-003
  0.702080000000000       8.813246653315766E-003
  0.702160000000000       8.813443414975398E-003
  0.702240000000000       8.813640059293783E-003
  0.702320000000000       8.813836586064196E-003
  0.702400000000000       8.814032995267319E-003
  0.702480000000000       8.814229287236887E-003
  0.702560000000000       8.814425461535914E-003
  0.702640000000000       8.814621518441070E-003
  0.702720000000000       8.814817457820680E-003
  0.702800000000000       8.815013279772667E-003
  0.702880000000000       8.815208984219981E-003
  0.702960000000000       8.815404571306286E-003
  0.703040000000000       8.815600040672757E-003
  0.703120000000000       8.815795392798122E-003
  0.703200000000000       8.815990627298244E-003
  0.703280000000000       8.816185744326334E-003
  0.703360000000000       8.816380744029828E-003
  0.703440000000000       8.816575626002387E-003
  0.703520000000000       8.816770390592176E-003
  0.703600000000000       8.816965037752787E-003
  0.703680000000000       8.817159567577924E-003
  0.703760000000000       8.817353979337725E-003
  0.703840000000000       8.817548273925700E-003
  0.703920000000000       8.817742451199736E-003
  0.704000000000000       8.817936510770371E-003
  0.704080000000000       8.818130452910938E-003
  0.704160000000000       8.818324277633877E-003
  0.704240000000000       8.818517984572366E-003
  0.704320000000000       8.818711574063248E-003
  0.704400000000000       8.818905046120512E-003
  0.704480000000000       8.819098400864948E-003
  0.704560000000000       8.819291637798070E-003
  0.704640000000000       8.819484757300237E-003
  0.704720000000000       8.819677759313938E-003
  0.704800000000000       8.819870643631123E-003
  0.704880000000000       8.820063410566870E-003
  0.704960000000000       8.820256060066556E-003
  0.705040000000000       8.820448592008945E-003
  0.705120000000000       8.820641006401586E-003
  0.705200000000000       8.820833303197851E-003
  0.705280000000000       8.821025482361100E-003
  0.705360000000000       8.821217544391824E-003
  0.705440000000000       8.821409488561716E-003
  0.705520000000000       8.821601315171646E-003
  0.705600000000000       8.821793024505831E-003
  0.705680000000000       8.821984616141499E-003
  0.705760000000000       8.822176090086864E-003
  0.705840000000000       8.822367446606383E-003
  0.705920000000000       8.822558685465576E-003
  0.706000000000000       8.822749806757702E-003
  0.706080000000000       8.822940810906421E-003
  0.706160000000000       8.823131697187203E-003
  0.706240000000000       8.823322465941997E-003
  0.706320000000000       8.823513117027360E-003
  0.706400000000000       8.823703650687765E-003
  0.706480000000000       8.823894066929872E-003
  0.706560000000000       8.824084365331797E-003
  0.706640000000000       8.824274546461753E-003
  0.706720000000000       8.824464609706451E-003
  0.706800000000000       8.824654555428491E-003
  0.706880000000000       8.824844383776198E-003
  0.706960000000000       8.825034094376539E-003
  0.707040000000000       8.825223687494855E-003
  0.707120000000000       8.825413163189988E-003
  0.707200000000000       8.825602521028065E-003
  0.707280000000000       8.825791761394997E-003
  0.707360000000000       8.825980884117591E-003
  0.707440000000000       8.826169889332625E-003
  0.707520000000000       8.826358777081844E-003
  0.707600000000000       8.826547547245345E-003
  0.707680000000000       8.826736199667251E-003
  0.707760000000000       8.826924734399520E-003
  0.707840000000000       8.827113151690401E-003
  0.707920000000000       8.827301451342716E-003
  0.708000000000000       8.827489633408868E-003
  0.708080000000000       8.827677697824464E-003
  0.708160000000000       8.827865644814435E-003
  0.708240000000000       8.828053474087681E-003
  0.708320000000000       8.828241185699269E-003
  0.708400000000000       8.828428779794860E-003
  0.708480000000000       8.828616256360685E-003
  0.708560000000000       8.828803615137179E-003
  0.708640000000000       8.828990856576643E-003
  0.708720000000000       8.829177979983191E-003
  0.708800000000000       8.829364986164842E-003
  0.708880000000000       8.829551874393290E-003
  0.708960000000000       8.829738645253179E-003
  0.709040000000000       8.829925298482940E-003
  0.709120000000000       8.830111833963334E-003
  0.709200000000000       8.830298252197961E-003
  0.709280000000000       8.830484552340163E-003
  0.709360000000000       8.830670734895758E-003
  0.709440000000000       8.830856799999082E-003
  0.709520000000000       8.831042747313073E-003
  0.709600000000000       8.831228577076205E-003
  0.709680000000000       8.831414289220534E-003
  0.709760000000000       8.831599883798462E-003
  0.709840000000000       8.831785360678539E-003
  0.709920000000000       8.831970720021303E-003
  0.710000000000000       8.832155961524106E-003
  0.710080000000000       8.832341085609945E-003
  0.710160000000000       8.832526091739472E-003
  0.710240000000000       8.832710980587926E-003
  0.710320000000000       8.832895751761176E-003
  0.710400000000000       8.833080404908837E-003
  0.710480000000000       8.833264940507639E-003
  0.710560000000000       8.833449358795167E-003
  0.710640000000000       8.833633659137932E-003
  0.710720000000000       8.833817841906080E-003
  0.710800000000000       8.834001907247493E-003
  0.710880000000000       8.834185854614610E-003
  0.710960000000000       8.834369684405999E-003
  0.711040000000000       8.834553396475112E-003
  0.711120000000000       8.834736990735351E-003
  0.711200000000000       8.834920467701637E-003
  0.711280000000000       8.835103826773785E-003
  0.711360000000000       8.835287068418976E-003
  0.711440000000000       8.835470191982402E-003
  0.711520000000000       8.835653198200582E-003
  0.711600000000000       8.835836086820608E-003
  0.711680000000000       8.836018857547827E-003
  0.711760000000000       8.836201510272328E-003
  0.711840000000000       8.836384045884731E-003
  0.711920000000000       8.836566463535716E-003
  0.712000000000000       8.836748763666928E-003
  0.712080000000000       8.836930946036561E-003
  0.712160000000000       8.837113010660383E-003
  0.712240000000000       8.837294957581912E-003
  0.712320000000000       8.837476786810919E-003
  0.712400000000000       8.837658498597425E-003
  0.712480000000000       8.837840092592378E-003
  0.712560000000000       8.838021568697854E-003
  0.712640000000000       8.838202927391695E-003
  0.712720000000000       8.838384167991778E-003
  0.712800000000000       8.838565291030344E-003
  0.712880000000000       8.838746296621526E-003
  0.712960000000000       8.838927184361424E-003
  0.713040000000000       8.839107954302884E-003
  0.713120000000000       8.839288606705699E-003
  0.713200000000000       8.839469141200608E-003
  0.713280000000000       8.839649557937935E-003
  0.713360000000000       8.839829857310034E-003
  0.713440000000000       8.840010038878810E-003
  0.713520000000000       8.840190102416446E-003
  0.713600000000000       8.840370048272218E-003
  0.713680000000000       8.840549876880889E-003
  0.713760000000000       8.840729587355612E-003
  0.713840000000000       8.840909180260160E-003
  0.713920000000000       8.841088655256579E-003
  0.714000000000000       8.841268012798064E-003
  0.714080000000000       8.841447252396561E-003
  0.714160000000000       8.841626374278776E-003
  0.714240000000000       8.841805378660982E-003
  0.714320000000000       8.841984264939661E-003
  0.714400000000000       8.842163033901961E-003
  0.714480000000000       8.842341684905285E-003
  0.714560000000000       8.842520218318672E-003
  0.714640000000000       8.842698633744438E-003
  0.714720000000000       8.842876931527643E-003
  0.714800000000000       8.843055111527508E-003
  0.714880000000000       8.843233174012931E-003
  0.714960000000000       8.843411118611765E-003
  0.715040000000000       8.843588945290481E-003
  0.715120000000000       8.843766654357054E-003
  0.715200000000000       8.843944245899193E-003
  0.715280000000000       8.844121719377551E-003
  0.715360000000000       8.844299075172712E-003
  0.715440000000000       8.844476313218285E-003
  0.715520000000000       8.844653433635951E-003
  0.715600000000000       8.844830436150596E-003
  0.715680000000000       8.845007320902109E-003
  0.715760000000000       8.845184088075230E-003
  0.715840000000000       8.845360737371976E-003
  0.715920000000000       8.845537268680880E-003
  0.716000000000000       8.845713682539513E-003
  0.716080000000000       8.845889978519549E-003
  0.716160000000000       8.846066156742671E-003
  0.716240000000000       8.846242217156252E-003
  0.716320000000000       8.846418159961022E-003
  0.716400000000000       8.846593984600980E-003
  0.716480000000000       8.846769691780009E-003
  0.716560000000000       8.846945281159490E-003
  0.716640000000000       8.847120752698123E-003
  0.716720000000000       8.847296106421439E-003
  0.716800000000000       8.847471342400499E-003
  0.716880000000000       8.847646460562915E-003
  0.716960000000000       8.847821461104972E-003
  0.717040000000000       8.847996343787308E-003
  0.717120000000000       8.848171108704957E-003
  0.717200000000000       8.848345755699823E-003
  0.717280000000000       8.848520284951094E-003
  0.717360000000000       8.848694696652176E-003
  0.717440000000000       8.848868989948416E-003
  0.717520000000000       8.849043165995779E-003
  0.717600000000000       8.849217224058853E-003
  0.717680000000000       8.849391164335479E-003
  0.717760000000000       8.849564986939345E-003
  0.717840000000000       8.849738691729005E-003
  0.717920000000000       8.849912278367624E-003
  0.718000000000000       8.850085747425631E-003
  0.718080000000000       8.850259099031366E-003
  0.718160000000000       8.850432332213165E-003
  0.718240000000000       8.850605447819682E-003
  0.718320000000000       8.850778445798291E-003
  0.718400000000000       8.850951325802381E-003
  0.718480000000000       8.851124088099516E-003
  0.718560000000000       8.851296732384162E-003
  0.718640000000000       8.851469258966516E-003
  0.718720000000000       8.851641667749988E-003
  0.718800000000000       8.851813958695942E-003
  0.718880000000000       8.851986131729106E-003
  0.718960000000000       8.852158187065751E-003
  0.719040000000000       8.852330124699215E-003
  0.719120000000000       8.852501943977575E-003
  0.719200000000000       8.852673646082332E-003
  0.719280000000000       8.852845229896156E-003
  0.719360000000000       8.853016696086513E-003
  0.719440000000000       8.853188044435578E-003
  0.719520000000000       8.853359274920702E-003
  0.719600000000000       8.853530387630702E-003
  0.719680000000000       8.853701382510069E-003
  0.719760000000000       8.853872259242165E-003
  0.719840000000000       8.854043018474696E-003
  0.719920000000000       8.854213659623907E-003
  0.720000000000000       8.854384183028637E-003
  0.720080000000000       8.854554588836768E-003
  0.720160000000000       8.854724876451222E-003
  0.720240000000000       8.854895046376484E-003
  0.720320000000000       8.855065098368082E-003
  0.720400000000000       8.855235032665604E-003
  0.720480000000000       8.855404848990384E-003
  0.720560000000000       8.855574547466322E-003
  0.720640000000000       8.855744128100080E-003
  0.720720000000000       8.855913590933845E-003
  0.720800000000000       8.856082935720261E-003
  0.720880000000000       8.856252162775075E-003
  0.720960000000000       8.856421272056764E-003
  0.721040000000000       8.856590263453418E-003
  0.721120000000000       8.856759136718568E-003
  0.721200000000000       8.856927892403993E-003
  0.721280000000000       8.857096530286096E-003
  0.721360000000000       8.857265050082880E-003
  0.721440000000000       8.857433452003509E-003
  0.721520000000000       8.857601736203195E-003
  0.721600000000000       8.857769902367522E-003
  0.721680000000000       8.857937950730303E-003
  0.721760000000000       8.858105881263338E-003
  0.721840000000000       8.858273694023693E-003
  0.721920000000000       8.858441388742248E-003
  0.722000000000000       8.858608965542462E-003
  0.722080000000000       8.858776424421892E-003
  0.722160000000000       8.858943765569942E-003
  0.722240000000000       8.859110988677081E-003
  0.722320000000000       8.859278094066163E-003
  0.722400000000000       8.859445081496491E-003
  0.722480000000000       8.859611950939643E-003
  0.722560000000000       8.859778702593461E-003
  0.722640000000000       8.859945336474599E-003
  0.722720000000000       8.860111852345025E-003
  0.722800000000000       8.860278250346845E-003
  0.722880000000000       8.860444530444092E-003
  0.722960000000000       8.860610692585027E-003
  0.723040000000000       8.860776736818723E-003
  0.723120000000000       8.860942663041929E-003
  0.723200000000000       8.861108471754467E-003
  0.723280000000000       8.861274162140323E-003
  0.723360000000000       8.861439734858969E-003
  0.723440000000000       8.861605189773405E-003
  0.723520000000000       8.861770526625391E-003
  0.723600000000000       8.861935745587014E-003
  0.723680000000000       8.862100846468867E-003
  0.723760000000000       8.862265829605797E-003
  0.723840000000000       8.862430694853029E-003
  0.723920000000000       8.862595442020714E-003
  0.724000000000000       8.862760071283159E-003
  0.724080000000000       8.862924583007624E-003
  0.724160000000000       8.863088976650545E-003
  0.724240000000000       8.863253252150415E-003
  0.724320000000000       8.863417409738604E-003
  0.724400000000000       8.863581449509038E-003
  0.724480000000000       8.863745371211472E-003
  0.724560000000000       8.863909175212058E-003
  0.724640000000000       8.864072861374238E-003
  0.724720000000000       8.864236429359839E-003
  0.724800000000000       8.864399879485271E-003
  0.724880000000000       8.864563211531826E-003
  0.724960000000000       8.864726425835232E-003
  0.725040000000000       8.864889522151462E-003
  0.725120000000000       8.865052500337076E-003
  0.725200000000000       8.865215360978271E-003
  0.725280000000000       8.865378103522822E-003
  0.725360000000000       8.865540728106622E-003
  0.725440000000000       8.865703234739663E-003
  0.725520000000000       8.865865623320023E-003
  0.725600000000000       8.866027894205642E-003
  0.725680000000000       8.866190046864054E-003
  0.725760000000000       8.866352081891894E-003
  0.725840000000000       8.866513998509563E-003
  0.725920000000000       8.866675797722479E-003
  0.726000000000000       8.866837478680657E-003
  0.726080000000000       8.866999041680080E-003
  0.726160000000000       8.867160486768711E-003
  0.726240000000000       8.867321813903473E-003
  0.726320000000000       8.867483023145207E-003
  0.726400000000000       8.867644114169949E-003
  0.726480000000000       8.867805087634507E-003
  0.726560000000000       8.867965942927814E-003
  0.726640000000000       8.868126680125588E-003
  0.726720000000000       8.868287299796263E-003
  0.726800000000000       8.868447800937974E-003
  0.726880000000000       8.868608184584780E-003
  0.726960000000000       8.868768450029029E-003
  0.727040000000000       8.868928597395286E-003
  0.727120000000000       8.869088626916696E-003
  0.727200000000000       8.869248538596816E-003
  0.727280000000000       8.869408332178738E-003
  0.727360000000000       8.869568007779924E-003
  0.727440000000000       8.869727565445892E-003
  0.727520000000000       8.869887005090935E-003
  0.727600000000000       8.870046326941314E-003
  0.727680000000000       8.870205530461681E-003
  0.727760000000000       8.870364616310841E-003
  0.727840000000000       8.870523584028275E-003
  0.727920000000000       8.870682433757646E-003
  0.728000000000000       8.870841165512939E-003
  0.728080000000000       8.870999779353224E-003
  0.728160000000000       8.871158275093089E-003
  0.728240000000000       8.871316653004320E-003
  0.728320000000000       8.871474912759398E-003
  0.728400000000000       8.871633054664081E-003
  0.728480000000000       8.871791078561604E-003
  0.728560000000000       8.871948984350715E-003
  0.728640000000000       8.872106772148209E-003
  0.728720000000000       8.872264442180351E-003
  0.728800000000000       8.872421994046127E-003
  0.728880000000000       8.872579427787948E-003
  0.728960000000000       8.872736743736216E-003
  0.729040000000000       8.872893941579403E-003
  0.729120000000000       8.873051021460283E-003
  0.729200000000000       8.873207983270721E-003
  0.729280000000000       8.873364827092429E-003
  0.729360000000000       8.873521552936067E-003
  0.729440000000000       8.873678160892004E-003
  0.729520000000000       8.873834650669363E-003
  0.729600000000000       8.873991022303004E-003
  0.729680000000000       8.874147276273878E-003
  0.729760000000000       8.874303412211168E-003
  0.729840000000000       8.874459429886834E-003
  0.729920000000000       8.874615329615960E-003
  0.730000000000000       8.874771111375674E-003
  0.730080000000000       8.874926775228815E-003
  0.730160000000000       8.875082320998857E-003
  0.730240000000000       8.875237748503502E-003
  0.730320000000000       8.875393058408882E-003
  0.730400000000000       8.875548250046867E-003
  0.730480000000000       8.875703323473856E-003
  0.730560000000000       8.875858279262279E-003
  0.730640000000000       8.876013116668064E-003
  0.730720000000000       8.876167836091116E-003
  0.730800000000000       8.876322437757917E-003
  0.730880000000000       8.876476921297212E-003
  0.730960000000000       8.876631286627284E-003
  0.731040000000000       8.876785534170243E-003
  0.731120000000000       8.876939663481112E-003
  0.731200000000000       8.877093674964679E-003
  0.731280000000000       8.877247568214156E-003
  0.731360000000000       8.877401343501993E-003
  0.731440000000000       8.877555000820861E-003
  0.731520000000000       8.877708540086607E-003
  0.731600000000000       8.877861961215519E-003
  0.731680000000000       8.878015264276432E-003
  0.731760000000000       8.878168449184301E-003
  0.731840000000000       8.878321516468704E-003
  0.731920000000000       8.878474465353595E-003
  0.732000000000000       8.878627296274403E-003
  0.732080000000000       8.878780009325274E-003
  0.732160000000000       8.878932604114079E-003
  0.732240000000000       8.879085080994090E-003
  0.732320000000000       8.879237439604929E-003
  0.732400000000000       8.879389680208606E-003
  0.732480000000000       8.879541802865300E-003
  0.732560000000000       8.879693807421797E-003
  0.732640000000000       8.879845693803269E-003
  0.732720000000000       8.879997462396072E-003
  0.732800000000000       8.880149112727919E-003
  0.732880000000000       8.880300645099015E-003
  0.732960000000000       8.880452059422981E-003
  0.733040000000000       8.880603355583026E-003
  0.733120000000000       8.880754533725475E-003
  0.733200000000000       8.880905593865427E-003
  0.733280000000000       8.881056535979568E-003
  0.733360000000000       8.881207359874719E-003
  0.733440000000000       8.881358065712306E-003
  0.733520000000000       8.881508653612456E-003
  0.733600000000000       8.881659123278960E-003
  0.733680000000000       8.881809475020905E-003
  0.733760000000000       8.881959708669757E-003
  0.733840000000000       8.882109824087853E-003
  0.733920000000000       8.882259821574728E-003
  0.734000000000000       8.882409700828625E-003
  0.734080000000000       8.882559462119105E-003
  0.734160000000000       8.882709105351133E-003
  0.734240000000000       8.882858630509166E-003
  0.734320000000000       8.883008037658485E-003
  0.734400000000000       8.883157326608132E-003
  0.734480000000000       8.883306497490223E-003
  0.734560000000000       8.883455550310976E-003
  0.734640000000000       8.883604484926503E-003
  0.734720000000000       8.883753301686973E-003
  0.734800000000000       8.883902000105663E-003
  0.734880000000000       8.884050580552942E-003
  0.734960000000000       8.884199042887146E-003
  0.735040000000000       8.884347387318329E-003
  0.735120000000000       8.884495613594915E-003
  0.735200000000000       8.884643721476430E-003
  0.735280000000000       8.884791711527755E-003
  0.735360000000000       8.884939583390063E-003
  0.735440000000000       8.885087337235666E-003
  0.735520000000000       8.885234972825864E-003
  0.735600000000000       8.885382490475293E-003
  0.735680000000000       8.885529889887524E-003
  0.735760000000000       8.885677171388964E-003
  0.735840000000000       8.885824334575711E-003
  0.735920000000000       8.885971379897408E-003
  0.736000000000000       8.886118306848902E-003
  0.736080000000000       8.886265115815885E-003
  0.736160000000000       8.886411806838548E-003
  0.736240000000000       8.886558379382650E-003
  0.736320000000000       8.886704834210914E-003
  0.736400000000000       8.886851170730261E-003
  0.736480000000000       8.886997389136087E-003
  0.736560000000000       8.887143489417959E-003
  0.736640000000000       8.887289471711546E-003
  0.736720000000000       8.887435335719973E-003
  0.736800000000000       8.887581081646856E-003
  0.736880000000000       8.887726709391386E-003
  0.736960000000000       8.887872219338811E-003
  0.737040000000000       8.888017610873400E-003
  0.737120000000000       8.888162884371964E-003
  0.737200000000000       8.888308039679960E-003
  0.737280000000000       8.888453077018100E-003
  0.737360000000000       8.888597995940739E-003
  0.737440000000000       8.888742797097138E-003
  0.737520000000000       8.888887479849139E-003
  0.737600000000000       8.889032044781831E-003
  0.737680000000000       8.889176491284812E-003
  0.737760000000000       8.889320819749325E-003
  0.737840000000000       8.889465030198463E-003
  0.737920000000000       8.889609122521869E-003
  0.738000000000000       8.889753096614291E-003
  0.738080000000000       8.889896952425555E-003
  0.738160000000000       8.890040690373987E-003
  0.738240000000000       8.890184310011283E-003
  0.738320000000000       8.890327811723352E-003
  0.738400000000000       8.890471194980175E-003
  0.738480000000000       8.890614460270251E-003
  0.738560000000000       8.890757607291154E-003
  0.738640000000000       8.890900636390829E-003
  0.738720000000000       8.891043547284837E-003
  0.738800000000000       8.891186340150813E-003
  0.738880000000000       8.891329014627490E-003
  0.738960000000000       8.891471571063257E-003
  0.739040000000000       8.891614009307346E-003
  0.739120000000000       8.891756329496533E-003
  0.739200000000000       8.891898531492711E-003
  0.739280000000000       8.892040615222382E-003
  0.739360000000000       8.892182580960436E-003
  0.739440000000000       8.892324428535011E-003
  0.739520000000000       8.892466158033815E-003
  0.739600000000000       8.892607769184399E-003
  0.739680000000000       8.892749262332932E-003
  0.739760000000000       8.892890637260252E-003
  0.739840000000000       8.893031894054958E-003
  0.739920000000000       8.893173032557176E-003
