  0.660000000000000       9.994767516406956E-002
  0.660080000000000       9.995020362533281E-002
  0.660160000000000       9.995273196857669E-002
  0.660240000000000       9.995526019385294E-002
  0.660320000000000       9.995778830111381E-002
  0.660400000000000       9.996031629014702E-002
  0.660480000000000       9.996284416119684E-002
  0.660560000000000       9.996537191402168E-002
  0.660640000000000       9.996789954876385E-002
  0.660720000000000       9.997042706524219E-002
  0.660800000000000       9.997295446357148E-002
  0.660880000000000       9.997548174364047E-002
  0.660960000000000       9.997800890547871E-002
  0.661040000000000       9.998053594902247E-002
  0.661120000000000       9.998306287431015E-002
  0.661200000000000       9.998558968121142E-002
  0.661280000000000       9.998811636972295E-002
  0.661360000000000       9.999064293991246E-002
  0.661440000000000       9.999316939167981E-002
  0.661520000000000       9.999569572500323E-002
  0.661600000000000       9.999822193988785E-002
  0.661680000000000       0.100000748036225     
  0.661760000000000       0.100003274014162     
  0.661840000000000       0.100005799873564     
  0.661920000000000       0.100008325614252     
  0.662000000000000       0.100010851236603     
  0.662080000000000       0.100013376740167     
  0.662160000000000       0.100015902125268     
  0.662240000000000       0.100018427391553     
  0.662320000000000       0.100020952539161     
  0.662400000000000       0.100023477568185     
  0.662480000000000       0.100026002478364     
  0.662560000000000       0.100028527269935     
  0.662640000000000       0.100031051942562     
  0.662720000000000       0.100033576496515     
  0.662800000000000       0.100036100931601     
  0.662880000000000       0.100038625247891     
  0.662960000000000       0.100041149445266     
  0.663040000000000       0.100043673523691     
  0.663120000000000       0.100046197483194     
  0.663200000000000       0.100048721323799     
  0.663280000000000       0.100051245045478     
  0.663360000000000       0.100053768648000     
  0.663440000000000       0.100056292131576     
  0.663520000000000       0.100058815496203     
  0.663600000000000       0.100061338741638     
  0.663680000000000       0.100063861868041     
  0.663760000000000       0.100066384875220     
  0.663840000000000       0.100068907763364     
  0.663920000000000       0.100071430532302     
  0.664000000000000       0.100073953182031     
  0.664080000000000       0.100076475712500     
  0.664160000000000       0.100078998123803     
  0.664240000000000       0.100081520415818     
  0.664320000000000       0.100084042588514     
  0.664400000000000       0.100086564641886     
  0.664480000000000       0.100089086575985     
  0.664560000000000       0.100091608390676     
  0.664640000000000       0.100094130085916     
  0.664720000000000       0.100096651661811     
  0.664800000000000       0.100099173118276     
  0.664880000000000       0.100101694455260     
  0.664960000000000       0.100104215672623     
  0.665040000000000       0.100106736770599     
  0.665120000000000       0.100109257749006     
  0.665200000000000       0.100111778607893     
  0.665280000000000       0.100114299347192     
  0.665360000000000       0.100116819966769     
  0.665440000000000       0.100119340466840     
  0.665520000000000       0.100121860847215     
  0.665600000000000       0.100124381107815     
  0.665680000000000       0.100126901248759     
  0.665760000000000       0.100129421269999     
  0.665840000000000       0.100131941171440     
  0.665920000000000       0.100134460953109     
  0.666000000000000       0.100136980614909     
  0.666080000000000       0.100139500156952     
  0.666160000000000       0.100142019579131     
  0.666240000000000       0.100144538881340     
  0.666320000000000       0.100147058063721     
  0.666400000000000       0.100149577126138     
  0.666480000000000       0.100152096068584     
  0.666560000000000       0.100154614891062     
  0.666640000000000       0.100157133593519     
  0.666720000000000       0.100159652175928     
  0.666800000000000       0.100162170638396     
  0.666880000000000       0.100164688980695     
  0.666960000000000       0.100167207202867     
  0.667040000000000       0.100169725304935     
  0.667120000000000       0.100172243286898     
  0.667200000000000       0.100174761148557     
  0.667280000000000       0.100177278890094     
  0.667360000000000       0.100179796511394     
  0.667440000000000       0.100182314012474     
  0.667520000000000       0.100184831393302     
  0.667600000000000       0.100187348653637     
  0.667680000000000       0.100189865793880     
  0.667760000000000       0.100192382813586     
  0.667840000000000       0.100194899712989     
  0.667920000000000       0.100197416492003     
  0.668000000000000       0.100199933150570     
  0.668080000000000       0.100202449688741     
  0.668160000000000       0.100204966106355     
  0.668240000000000       0.100207482403587     
  0.668320000000000       0.100209998580161     
  0.668400000000000       0.100212514636243     
  0.668480000000000       0.100215030571811     
  0.668560000000000       0.100217546386772     
  0.668640000000000       0.100220062081044     
  0.668720000000000       0.100222577654700     
  0.668800000000000       0.100225093107645     
  0.668880000000000       0.100227608439946     
  0.668960000000000       0.100230123651462     
  0.669040000000000       0.100232638742326     
  0.669120000000000       0.100235153712376     
  0.669200000000000       0.100237668561575     
  0.669280000000000       0.100240183290057     
  0.669360000000000       0.100242697897716     
  0.669440000000000       0.100245212384432     
  0.669520000000000       0.100247726750196     
  0.669600000000000       0.100250240995159     
  0.669680000000000       0.100252755119202     
  0.669760000000000       0.100255269122206     
  0.669840000000000       0.100257783004293     
  0.669920000000000       0.100260296765300     
  0.670000000000000       0.100262810405267     
  0.670080000000000       0.100265323924218     
  0.670160000000000       0.100267837322034     
  0.670240000000000       0.100270350598756     
  0.670320000000000       0.100272863754391     
  0.670400000000000       0.100275376788840     
  0.670480000000000       0.100277889702053     
  0.670560000000000       0.100280402494032     
  0.670640000000000       0.100282915164902     
  0.670720000000000       0.100285427714446     
  0.670800000000000       0.100287940142651     
  0.670880000000000       0.100290452449696     
  0.670960000000000       0.100292964635272     
  0.671040000000000       0.100295476699516     
  0.671120000000000       0.100297988642403     
  0.671200000000000       0.100300500463901     
  0.671280000000000       0.100303012163915     
  0.671360000000000       0.100305523742527     
  0.671440000000000       0.100308035199570     
  0.671520000000000       0.100310546535286     
  0.671600000000000       0.100313057749404     
  0.671680000000000       0.100315568841933     
  0.671760000000000       0.100318079812908     
  0.671840000000000       0.100320590662238     
  0.671920000000000       0.100323101389981     
  0.672000000000000       0.100325611996099     
  0.672080000000000       0.100328122480509     
  0.672160000000000       0.100330632843241     
  0.672240000000000       0.100333143084175     
  0.672320000000000       0.100335653203440     
  0.672400000000000       0.100338163200915     
  0.672480000000000       0.100340673076675     
  0.672560000000000       0.100343182830454     
  0.672640000000000       0.100345692462602     
  0.672720000000000       0.100348201972653     
  0.672800000000000       0.100350711360898     
  0.672880000000000       0.100353220627215     
  0.672960000000000       0.100355729771627     
  0.673040000000000       0.100358238794052     
  0.673120000000000       0.100360747694503     
  0.673200000000000       0.100363256472915     
  0.673280000000000       0.100365765129291     
  0.673360000000000       0.100368273663660     
  0.673440000000000       0.100370782075786     
  0.673520000000000       0.100373290365962     
  0.673600000000000       0.100375798533943     
  0.673680000000000       0.100378306579782     
  0.673760000000000       0.100380814503316     
  0.673840000000000       0.100383322304812     
  0.673920000000000       0.100385829983967     
  0.674000000000000       0.100388337540906     
  0.674080000000000       0.100390844975514     
  0.674160000000000       0.100393352287815     
  0.674240000000000       0.100395859477836     
  0.674320000000000       0.100398366545531     
  0.674400000000000       0.100400873490802     
  0.674480000000000       0.100403380313683     
  0.674560000000000       0.100405887014124     
  0.674640000000000       0.100408393592007     
  0.674720000000000       0.100410900047542     
  0.674800000000000       0.100413406380550     
  0.674880000000000       0.100415912590983     
  0.674960000000000       0.100418418678989     
  0.675040000000000       0.100420924644278     
  0.675120000000000       0.100423430486928     
  0.675200000000000       0.100425936207095     
  0.675280000000000       0.100428441804578     
  0.675360000000000       0.100430947279382     
  0.675440000000000       0.100433452631524     
  0.675520000000000       0.100435957860834     
  0.675600000000000       0.100438462967418     
  0.675680000000000       0.100440967951362     
  0.675760000000000       0.100443472812397     
  0.675840000000000       0.100445977550632     
  0.675920000000000       0.100448482166081     
  0.676000000000000       0.100450986658650     
  0.676080000000000       0.100453491028247     
  0.676160000000000       0.100455995274987     
  0.676240000000000       0.100458499398706     
  0.676320000000000       0.100461003399567     
  0.676400000000000       0.100463507277432     
  0.676480000000000       0.100466011032155     
  0.676560000000000       0.100468514664022     
  0.676640000000000       0.100471018172731     
  0.676720000000000       0.100473521558385     
  0.676800000000000       0.100476024820784     
  0.676880000000000       0.100478527960258     
  0.676960000000000       0.100481030976533     
  0.677040000000000       0.100483533869461     
  0.677120000000000       0.100486036639305     
  0.677200000000000       0.100488539285935     
  0.677280000000000       0.100491041809287     
  0.677360000000000       0.100493544209328     
  0.677440000000000       0.100496046486184     
  0.677520000000000       0.100498548639552     
  0.677600000000000       0.100501050669585     
  0.677680000000000       0.100503552576276     
  0.677760000000000       0.100506054359614     
  0.677840000000000       0.100508556019493     
  0.677920000000000       0.100511057555885     
  0.678000000000000       0.100513558968841     
  0.678080000000000       0.100516060258278     
  0.678160000000000       0.100518561424237     
  0.678240000000000       0.100521062466601     
  0.678320000000000       0.100523563385313     
  0.678400000000000       0.100526064180586     
  0.678480000000000       0.100528564852235     
  0.678560000000000       0.100531065400134     
  0.678640000000000       0.100533565824370     
  0.678720000000000       0.100536066124968     
  0.678800000000000       0.100538566301846     
  0.678880000000000       0.100541066354978     
  0.678960000000000       0.100543566284309     
  0.679040000000000       0.100546066089923     
  0.679120000000000       0.100548565771697     
  0.679200000000000       0.100551065329620     
  0.679280000000000       0.100553564763598     
  0.679360000000000       0.100556064073741     
  0.679440000000000       0.100558563260074     
  0.679520000000000       0.100561062322257     
  0.679600000000000       0.100563561260663     
  0.679680000000000       0.100566060075015     
  0.679760000000000       0.100568558765358     
  0.679840000000000       0.100571057331784     
  0.679920000000000       0.100573555774054     
  0.680000000000000       0.100576054092192     
  0.680080000000000       0.100578552286347     
  0.680160000000000       0.100581050356294     
  0.680240000000000       0.100583548302070     
  0.680320000000000       0.100586046123740     
  0.680400000000000       0.100588543821209     
  0.680480000000000       0.100591041394318     
  0.680560000000000       0.100593538843315     
  0.680640000000000       0.100596036167967     
  0.680720000000000       0.100598533368311     
  0.680800000000000       0.100601030444398     
  0.680880000000000       0.100603527396153     
  0.680960000000000       0.100606024223442     
  0.681040000000000       0.100608520926464     
  0.681120000000000       0.100611017504968     
  0.681200000000000       0.100613513958967     
  0.681280000000000       0.100616010288643     
  0.681360000000000       0.100618506493764     
  0.681440000000000       0.100621002574401     
  0.681520000000000       0.100623498530449     
  0.681600000000000       0.100625994361949     
  0.681680000000000       0.100628490068889     
  0.681760000000000       0.100630985651160     
  0.681840000000000       0.100633481108827     
  0.681920000000000       0.100635976441856     
  0.682000000000000       0.100638471650118     
  0.682080000000000       0.100640966733813     
  0.682160000000000       0.100643461692657     
  0.682240000000000       0.100645956526778     
  0.682320000000000       0.100648451236106     
  0.682400000000000       0.100650945820669     
  0.682480000000000       0.100653440280428     
  0.682560000000000       0.100655934615198     
  0.682640000000000       0.100658428825224     
  0.682720000000000       0.100660922910283     
  0.682800000000000       0.100663416870428     
  0.682880000000000       0.100665910705581     
  0.682960000000000       0.100668404415817     
  0.683040000000000       0.100670898001023     
  0.683120000000000       0.100673391461277     
  0.683200000000000       0.100675884796452     
  0.683280000000000       0.100678378006485     
  0.683360000000000       0.100680871091463     
  0.683440000000000       0.100683364051337     
  0.683520000000000       0.100685856885995     
  0.683600000000000       0.100688349595603     
  0.683680000000000       0.100690842180025     
  0.683760000000000       0.100693334639119     
  0.683840000000000       0.100695826973084     
  0.683920000000000       0.100698319181668     
  0.684000000000000       0.100700811265048     
  0.684080000000000       0.100703303223118     
  0.684160000000000       0.100705795055875     
  0.684240000000000       0.100708286763195     
  0.684320000000000       0.100710778345074     
  0.684400000000000       0.100713269801651     
  0.684480000000000       0.100715761132760     
  0.684560000000000       0.100718252338458     
  0.684640000000000       0.100720743418609     
  0.684720000000000       0.100723234373323     
  0.684800000000000       0.100725725202572     
  0.684880000000000       0.100728215906119     
  0.684960000000000       0.100730706484136     
  0.685040000000000       0.100733196936518     
  0.685120000000000       0.100735687263320     
  0.685200000000000       0.100738177464512     
  0.685280000000000       0.100740667540022     
  0.685360000000000       0.100743157489760     
  0.685440000000000       0.100745647313813     
  0.685520000000000       0.100748137012106     
  0.685600000000000       0.100750626584612     
  0.685680000000000       0.100753116031473     
  0.685760000000000       0.100755605352391     
  0.685840000000000       0.100758094547462     
  0.685920000000000       0.100760583616692     
  0.686000000000000       0.100763072559992     
  0.686080000000000       0.100765561377492     
  0.686160000000000       0.100768050068985     
  0.686240000000000       0.100770538634496     
  0.686320000000000       0.100773027074057     
  0.686400000000000       0.100775515387568     
  0.686480000000000       0.100778003575083     
  0.686560000000000       0.100780491636524     
  0.686640000000000       0.100782979571843     
  0.686720000000000       0.100785467381159     
  0.686800000000000       0.100787955064200     
  0.686880000000000       0.100790442621204     
  0.686960000000000       0.100792930052016     
  0.687040000000000       0.100795417356584     
  0.687120000000000       0.100797904534999     
  0.687200000000000       0.100800391587098     
  0.687280000000000       0.100802878512997     
  0.687360000000000       0.100805365312491     
  0.687440000000000       0.100807851985674     
  0.687520000000000       0.100810338532646     
  0.687600000000000       0.100812824953151     
  0.687680000000000       0.100815311247236     
  0.687760000000000       0.100817797414921     
  0.687840000000000       0.100820283456233     
  0.687920000000000       0.100822769371006     
  0.688000000000000       0.100825255159307     
  0.688080000000000       0.100827740821090     
  0.688160000000000       0.100830226356345     
  0.688240000000000       0.100832711765087     
  0.688320000000000       0.100835197047223     
  0.688400000000000       0.100837682202651     
  0.688480000000000       0.100840167231554     
  0.688560000000000       0.100842652133782     
  0.688640000000000       0.100845136909320     
  0.688720000000000       0.100847621558126     
  0.688800000000000       0.100850106080122     
  0.688880000000000       0.100852590475564     
  0.688960000000000       0.100855074744080     
  0.689040000000000       0.100857558885824     
  0.689120000000000       0.100860042900811     
  0.689200000000000       0.100862526788838     
  0.689280000000000       0.100865010550123     
  0.689360000000000       0.100867494184420     
  0.689440000000000       0.100869977691815     
  0.689520000000000       0.100872461072210     
  0.689600000000000       0.100874944325790     
  0.689680000000000       0.100877427452314     
  0.689760000000000       0.100879910451743     
  0.689840000000000       0.100882393324231     
  0.689920000000000       0.100884876069500     
  0.690000000000000       0.100887358687749     
  0.690080000000000       0.100889841179050     
  0.690160000000000       0.100892323543111     
  0.690240000000000       0.100894805779961     
  0.690320000000000       0.100897287889648     
  0.690400000000000       0.100899769872045     
  0.690480000000000       0.100902251727418     
  0.690560000000000       0.100904733455439     
  0.690640000000000       0.100907215056130     
  0.690720000000000       0.100909696529521     
  0.690800000000000       0.100912177875622     
  0.690880000000000       0.100914659094379     
  0.690960000000000       0.100917140185771     
  0.691040000000000       0.100919621149719     
  0.691120000000000       0.100922101986213     
  0.691200000000000       0.100924582695390     
  0.691280000000000       0.100927063276947     
  0.691360000000000       0.100929543731115     
  0.691440000000000       0.100932024057661     
  0.691520000000000       0.100934504256824     
  0.691600000000000       0.100936984328337     
  0.691680000000000       0.100939464272198     
  0.691760000000000       0.100941944088561     
  0.691840000000000       0.100944423777275     
  0.691920000000000       0.100946903338235     
  0.692000000000000       0.100949382771528     
  0.692080000000000       0.100951862077187     
  0.692160000000000       0.100954341255054     
  0.692240000000000       0.100956820305170     
  0.692320000000000       0.100959299227517     
  0.692400000000000       0.100961778022093     
  0.692480000000000       0.100964256688752     
  0.692560000000000       0.100966735227664     
  0.692640000000000       0.100969213638572     
  0.692720000000000       0.100971691921715     
  0.692800000000000       0.100974170076880     
  0.692880000000000       0.100976648104079     
  0.692960000000000       0.100979126003327     
  0.693040000000000       0.100981603774640     
  0.693120000000000       0.100984081417816     
  0.693200000000000       0.100986558932957     
  0.693280000000000       0.100989036320162     
  0.693360000000000       0.100991513579107     
  0.693440000000000       0.100993990710120     
  0.693520000000000       0.100996467712875     
  0.693600000000000       0.100998944587475     
  0.693680000000000       0.101001421333891     
  0.693760000000000       0.101003897952131     
  0.693840000000000       0.101006374442152     
  0.693920000000000       0.101008850803759     
  0.694000000000000       0.101011327037268     
  0.694080000000000       0.101013803142413     
  0.694160000000000       0.101016279119169     
  0.694240000000000       0.101018754967745     
  0.694320000000000       0.101021230687770     
  0.694400000000000       0.101023706279506     
  0.694480000000000       0.101026181742761     
  0.694560000000000       0.101028657077574     
  0.694640000000000       0.101031132283901     
  0.694720000000000       0.101033607361822     
  0.694800000000000       0.101036082311020     
  0.694880000000000       0.101038557131923     
  0.694960000000000       0.101041031824103     
  0.695040000000000       0.101043506387793     
  0.695120000000000       0.101045980822702     
  0.695200000000000       0.101048455129223     
  0.695280000000000       0.101050929306883     
  0.695360000000000       0.101053403355931     
  0.695440000000000       0.101055877276249     
  0.695520000000000       0.101058351067858     
  0.695600000000000       0.101060824730744     
  0.695680000000000       0.101063298264743     
  0.695760000000000       0.101065771670054     
  0.695840000000000       0.101068244946401     
  0.695920000000000       0.101070718094066     
  0.696000000000000       0.101073191112704     
  0.696080000000000       0.101075664002514     
  0.696160000000000       0.101078136763451     
  0.696240000000000       0.101080609395384     
  0.696320000000000       0.101083081898282     
  0.696400000000000       0.101085554272275     
  0.696480000000000       0.101088026517303     
  0.696560000000000       0.101090498633125     
  0.696640000000000       0.101092970619970     
  0.696720000000000       0.101095442477706     
  0.696800000000000       0.101097914206392     
  0.696880000000000       0.101100385805944     
  0.696960000000000       0.101102857276237     
  0.697040000000000       0.101105328617425     
  0.697120000000000       0.101107799829426     
  0.697200000000000       0.101110270912186     
  0.697280000000000       0.101112741865621     
  0.697360000000000       0.101115212689821     
  0.697440000000000       0.101117683384656     
  0.697520000000000       0.101120153950234     
  0.697600000000000       0.101122624386471     
  0.697680000000000       0.101125094693301     
  0.697760000000000       0.101127564870799     
  0.697840000000000       0.101130034918839     
  0.697920000000000       0.101132504837486     
  0.698000000000000       0.101134974626574     
  0.698080000000000       0.101137444286163     
  0.698160000000000       0.101139913816246     
  0.698240000000000       0.101142383216860     
  0.698320000000000       0.101144852487808     
  0.698400000000000       0.101147321629269     
  0.698480000000000       0.101149790641053     
  0.698560000000000       0.101152259523279     
  0.698640000000000       0.101154728275841     
  0.698720000000000       0.101157196898648     
  0.698800000000000       0.101159665391750     
  0.698880000000000       0.101162133755168     
  0.698960000000000       0.101164601988889     
  0.699040000000000       0.101167070092803     
  0.699120000000000       0.101169538066865     
  0.699200000000000       0.101172005911123     
  0.699280000000000       0.101174473625480     
  0.699360000000000       0.101176941210086     
  0.699440000000000       0.101179408664778     
  0.699520000000000       0.101181875989429     
  0.699600000000000       0.101184343184205     
  0.699680000000000       0.101186810249076     
  0.699760000000000       0.101189277183896     
  0.699840000000000       0.101191743988793     
  0.699920000000000       0.101194210663537     
  0.700000000000000       0.101196677208270     
  0.700080000000000       0.101199143622917     
  0.700160000000000       0.101201609907466     
  0.700240000000000       0.101204076061916     
  0.700320000000000       0.101206542086109     
  0.700400000000000       0.101209007980220     
  0.700480000000000       0.101211473744116     
  0.700560000000000       0.101213939377746     
  0.700640000000000       0.101216404881194     
  0.700720000000000       0.101218870254306     
  0.700800000000000       0.101221335497112     
  0.700880000000000       0.101223800609741     
  0.700960000000000       0.101226265591856     
  0.701040000000000       0.101228730443743     
  0.701120000000000       0.101231195165108     
  0.701200000000000       0.101233659756223     
  0.701280000000000       0.101236124216751     
  0.701360000000000       0.101238588546853     
  0.701440000000000       0.101241052746505     
  0.701520000000000       0.101243516815627     
  0.701600000000000       0.101245980754192     
  0.701680000000000       0.101248444562265     
  0.701760000000000       0.101250908239681     
  0.701840000000000       0.101253371786589     
  0.701920000000000       0.101255835202851     
  0.702000000000000       0.101258298488387     
  0.702080000000000       0.101260761643251     
  0.702160000000000       0.101263224667519     
  0.702240000000000       0.101265687561027     
  0.702320000000000       0.101268150323768     
  0.702400000000000       0.101270612955768     
  0.702480000000000       0.101273075457005     
  0.702560000000000       0.101275537827397     
  0.702640000000000       0.101278000066935     
  0.702720000000000       0.101280462175621     
  0.702800000000000       0.101282924153439     
  0.702880000000000       0.101285386000270     
  0.702960000000000       0.101287847716281     
  0.703040000000000       0.101290309301325     
  0.703120000000000       0.101292770755345     
  0.703200000000000       0.101295232078377     
  0.703280000000000       0.101297693270279     
  0.703360000000000       0.101300154331318     
  0.703440000000000       0.101302615261136     
  0.703520000000000       0.101305076060014     
  0.703600000000000       0.101307536727543     
  0.703680000000000       0.101309997264129     
  0.703760000000000       0.101312457669462     
  0.703840000000000       0.101314917943654     
  0.703920000000000       0.101317378086603     
  0.704000000000000       0.101319838098301     
  0.704080000000000       0.101322297978770     
  0.704160000000000       0.101324757727959     
  0.704240000000000       0.101327217345724     
  0.704320000000000       0.101329676832336     
  0.704400000000000       0.101332136187530     
  0.704480000000000       0.101334595411348     
  0.704560000000000       0.101337054503637     
  0.704640000000000       0.101339513464698     
  0.704720000000000       0.101341972294192     
  0.704800000000000       0.101344430992239     
  0.704880000000000       0.101346889558809     
  0.704960000000000       0.101349347993754     
  0.705040000000000       0.101351806297229     
  0.705120000000000       0.101354264469276     
  0.705200000000000       0.101356722509606     
  0.705280000000000       0.101359180418331     
  0.705360000000000       0.101361638195338     
  0.705440000000000       0.101364095840822     
  0.705520000000000       0.101366553354499     
  0.705600000000000       0.101369010736521     
  0.705680000000000       0.101371467986852     
  0.705760000000000       0.101373925105386     
  0.705840000000000       0.101376382092214     
  0.705920000000000       0.101378838947173     
  0.706000000000000       0.101381295670343     
  0.706080000000000       0.101383752261631     
  0.706160000000000       0.101386208721048     
  0.706240000000000       0.101388665048590     
  0.706320000000000       0.101391121244217     
  0.706400000000000       0.101393577307845     
  0.706480000000000       0.101396033239598     
  0.706560000000000       0.101398489039340     
  0.706640000000000       0.101400944706969     
  0.706720000000000       0.101403400242710     
  0.706800000000000       0.101405855646346     
  0.706880000000000       0.101408310917887     
  0.706960000000000       0.101410766057348     
  0.707040000000000       0.101413221064626     
  0.707120000000000       0.101415675939746     
  0.707200000000000       0.101418130682822     
  0.707280000000000       0.101420585293510     
  0.707360000000000       0.101423039772080     
  0.707440000000000       0.101425494118387     
  0.707520000000000       0.101427948332493     
  0.707600000000000       0.101430402414152     
  0.707680000000000       0.101432856363636     
  0.707760000000000       0.101435310180729     
  0.707840000000000       0.101437763865451     
  0.707920000000000       0.101440217417730     
  0.708000000000000       0.101442670837666     
  0.708080000000000       0.101445124125149     
  0.708160000000000       0.101447577280294     
  0.708240000000000       0.101450030302791     
  0.708320000000000       0.101452483192942     
  0.708400000000000       0.101454935950406     
  0.708480000000000       0.101457388575418     
  0.708560000000000       0.101459841067837     
  0.708640000000000       0.101462293427651     
  0.708720000000000       0.101464745654798     
  0.708800000000000       0.101467197749382     
  0.708880000000000       0.101469649711246     
  0.708960000000000       0.101472101540486     
  0.709040000000000       0.101474553236933     
  0.709120000000000       0.101477004800667     
  0.709200000000000       0.101479456231680     
  0.709280000000000       0.101481907529849     
  0.709360000000000       0.101484358695324     
  0.709440000000000       0.101486809727869     
  0.709520000000000       0.101489260627565     
  0.709600000000000       0.101491711394291     
  0.709680000000000       0.101494162028337     
  0.709760000000000       0.101496612529374     
  0.709840000000000       0.101499062897396     
  0.709920000000000       0.101501513132493     
  0.710000000000000       0.101503963234623     
  0.710080000000000       0.101506413203694     
  0.710160000000000       0.101508863039757     
  0.710240000000000       0.101511312742782     
  0.710320000000000       0.101513762312663     
  0.710400000000000       0.101516211749473     
  0.710480000000000       0.101518661053034     
  0.710560000000000       0.101521110223628     
  0.710640000000000       0.101523559260884     
  0.710720000000000       0.101526008164985     
  0.710800000000000       0.101528456935872     
  0.710880000000000       0.101530905573502     
  0.710960000000000       0.101533354077956     
  0.711040000000000       0.101535802449009     
  0.711120000000000       0.101538250686759     
  0.711200000000000       0.101540698791104     
  0.711280000000000       0.101543146762206     
  0.711360000000000       0.101545594599777     
  0.711440000000000       0.101548042304086     
  0.711520000000000       0.101550489874842     
  0.711600000000000       0.101552937312168     
  0.711680000000000       0.101555384616084     
  0.711760000000000       0.101557831786390     
  0.711840000000000       0.101560278823261     
  0.711920000000000       0.101562725726515     
  0.712000000000000       0.101565172496255     
  0.712080000000000       0.101567619132338     
  0.712160000000000       0.101570065634743     
  0.712240000000000       0.101572512003615     
  0.712320000000000       0.101574958238787     
  0.712400000000000       0.101577404340208     
  0.712480000000000       0.101579850308010     
  0.712560000000000       0.101582296141984     
  0.712640000000000       0.101584741842208     
  0.712720000000000       0.101587187408731     
  0.712800000000000       0.101589632841373     
  0.712880000000000       0.101592078140268     
  0.712960000000000       0.101594523305109     
  0.713040000000000       0.101596968336249     
  0.713120000000000       0.101599413233531     
  0.713200000000000       0.101601857996799     
  0.713280000000000       0.101604302626116     
  0.713360000000000       0.101606747121474     
  0.713440000000000       0.101609191482742     
  0.713520000000000       0.101611635710068     
  0.713600000000000       0.101614079803422     
  0.713680000000000       0.101616523762683     
  0.713760000000000       0.101618967587807     
  0.713840000000000       0.101621411278900     
  0.713920000000000       0.101623854835802     
  0.714000000000000       0.101626298258487     
  0.714080000000000       0.101628741547056     
  0.714160000000000       0.101631184701458     
  0.714240000000000       0.101633627721558     
  0.714320000000000       0.101636070607396     
  0.714400000000000       0.101638513359088     
  0.714480000000000       0.101640955976427     
  0.714560000000000       0.101643398459418     
  0.714640000000000       0.101645840808057     
  0.714720000000000       0.101648283022371     
  0.714800000000000       0.101650725102307     
  0.714880000000000       0.101653167047774     
  0.714960000000000       0.101655608858888     
  0.715040000000000       0.101658050535425     
  0.715120000000000       0.101660492077595     
  0.715200000000000       0.101662933485217     
  0.715280000000000       0.101665374758237     
  0.715360000000000       0.101667815896709     
  0.715440000000000       0.101670256900755     
  0.715520000000000       0.101672697770186     
  0.715600000000000       0.101675138504895     
  0.715680000000000       0.101677579104958     
  0.715760000000000       0.101680019570400     
  0.715840000000000       0.101682459901218     
  0.715920000000000       0.101684900097228     
  0.716000000000000       0.101687340158534     
  0.716080000000000       0.101689780085041     
  0.716160000000000       0.101692219876838     
  0.716240000000000       0.101694659533820     
  0.716320000000000       0.101697099055846     
  0.716400000000000       0.101699538443196     
  0.716480000000000       0.101701977695576     
  0.716560000000000       0.101704416813106     
  0.716640000000000       0.101706855795667     
  0.716720000000000       0.101709294643334     
  0.716800000000000       0.101711733355901     
  0.716880000000000       0.101714171933679     
  0.716960000000000       0.101716610376361     
  0.717040000000000       0.101719048684038     
  0.717120000000000       0.101721486856492     
  0.717200000000000       0.101723924894020     
  0.717280000000000       0.101726362796415     
  0.717360000000000       0.101728800563645     
  0.717440000000000       0.101731238195705     
  0.717520000000000       0.101733675692577     
  0.717600000000000       0.101736113054430     
  0.717680000000000       0.101738550280888     
  0.717760000000000       0.101740987372207     
  0.717840000000000       0.101743424328168     
  0.717920000000000       0.101745861148883     
  0.718000000000000       0.101748297834254     
  0.718080000000000       0.101750734384331     
  0.718160000000000       0.101753170798988     
  0.718240000000000       0.101755607078265     
  0.718320000000000       0.101758043222246     
  0.718400000000000       0.101760479230734     
  0.718480000000000       0.101762915103755     
  0.718560000000000       0.101765350841252     
  0.718640000000000       0.101767786443241     
  0.718720000000000       0.101770221909865     
  0.718800000000000       0.101772657240769     
  0.718880000000000       0.101775092436224     
  0.718960000000000       0.101777527496034     
  0.719040000000000       0.101779962420199     
  0.719120000000000       0.101782397208807     
  0.719200000000000       0.101784831861764     
  0.719280000000000       0.101787266378899     
  0.719360000000000       0.101789700760587     
  0.719440000000000       0.101792135006290     
  0.719520000000000       0.101794569116384     
  0.719600000000000       0.101797003090627     
  0.719680000000000       0.101799436929125     
  0.719760000000000       0.101801870631784     
  0.719840000000000       0.101804304198555     
  0.719920000000000       0.101806737629438     
  0.720000000000000       0.101809170924525     
  0.720080000000000       0.101811604083756     
  0.720160000000000       0.101814037106873     
  0.720240000000000       0.101816469994148     
  0.720320000000000       0.101818902745426     
  0.720400000000000       0.101821335360573     
  0.720480000000000       0.101823767839895     
  0.720560000000000       0.101826200183000     
  0.720640000000000       0.101828632390143     
  0.720720000000000       0.101831064461116     
  0.720800000000000       0.101833496396029     
  0.720880000000000       0.101835928194760     
  0.720960000000000       0.101838359857436     
  0.721040000000000       0.101840791383694     
  0.721120000000000       0.101843222773987     
  0.721200000000000       0.101845654027855     
  0.721280000000000       0.101848085145622     
  0.721360000000000       0.101850516126973     
  0.721440000000000       0.101852946972074     
  0.721520000000000       0.101855377680823     
  0.721600000000000       0.101857808253278     
  0.721680000000000       0.101860238689276     
  0.721760000000000       0.101862668988904     
  0.721840000000000       0.101865099152216     
  0.721920000000000       0.101867529178940     
  0.722000000000000       0.101869959069305     
  0.722080000000000       0.101872388823153     
  0.722160000000000       0.101874818440441     
  0.722240000000000       0.101877247921313     
  0.722320000000000       0.101879677265529     
  0.722400000000000       0.101882106473184     
  0.722480000000000       0.101884535544269     
  0.722560000000000       0.101886964478687     
  0.722640000000000       0.101889393276394     
  0.722720000000000       0.101891821937566     
  0.722800000000000       0.101894250462045     
  0.722880000000000       0.101896678849639     
  0.722960000000000       0.101899107100576     
  0.723040000000000       0.101901535214829     
  0.723120000000000       0.101903963192208     
  0.723200000000000       0.101906391032926     
  0.723280000000000       0.101908818736592     
  0.723360000000000       0.101911246303564     
  0.723440000000000       0.101913673733549     
  0.723520000000000       0.101916101026752     
  0.723600000000000       0.101918528182879     
  0.723680000000000       0.101920955202149     
  0.723760000000000       0.101923382084482     
  0.723840000000000       0.101925808829805     
  0.723920000000000       0.101928235438047     
  0.724000000000000       0.101930661909288     
  0.724080000000000       0.101933088243549     
  0.724160000000000       0.101935514440572     
  0.724240000000000       0.101937940500630     
  0.724320000000000       0.101940366423465     
  0.724400000000000       0.101942792209211     
  0.724480000000000       0.101945217857708     
  0.724560000000000       0.101947643369077     
  0.724640000000000       0.101950068743244     
  0.724720000000000       0.101952493980148     
  0.724800000000000       0.101954919079743     
  0.724880000000000       0.101957344042094     
  0.724960000000000       0.101959768867087     
  0.725040000000000       0.101962193554787     
  0.725120000000000       0.101964618105106     
  0.725200000000000       0.101967042518030     
  0.725280000000000       0.101969466793558     
  0.725360000000000       0.101971890931653     
  0.725440000000000       0.101974314932235     
  0.725520000000000       0.101976738795470     
  0.725600000000000       0.101979162521247     
  0.725680000000000       0.101981586109348     
  0.725760000000000       0.101984009560073     
  0.725840000000000       0.101986432873010     
  0.725920000000000       0.101988856048527     
  0.726000000000000       0.101991279086415     
  0.726080000000000       0.101993701986589     
  0.726160000000000       0.101996124749247     
  0.726240000000000       0.101998547374152     
  0.726320000000000       0.102000969861417     
  0.726400000000000       0.102003392210817     
  0.726480000000000       0.102005814422499     
  0.726560000000000       0.102008236496534     
  0.726640000000000       0.102010658432643     
  0.726720000000000       0.102013080231073     
  0.726800000000000       0.102015501891553     
  0.726880000000000       0.102017923414219     
  0.726960000000000       0.102020344798930     
  0.727040000000000       0.102022766045836     
  0.727120000000000       0.102025187154840     
  0.727200000000000       0.102027608125780     
  0.727280000000000       0.102030028958799     
  0.727360000000000       0.102032449653809     
  0.727440000000000       0.102034870210756     
  0.727520000000000       0.102037290629734     
  0.727600000000000       0.102039710910632     
  0.727680000000000       0.102042131053434     
  0.727760000000000       0.102044551058117     
  0.727840000000000       0.102046970924659     
  0.727920000000000       0.102049390653044     
  0.728000000000000       0.102051810243305     
  0.728080000000000       0.102054229695279     
  0.728160000000000       0.102056649009108     
  0.728240000000000       0.102059068184628     
  0.728320000000000       0.102061487221934     
  0.728400000000000       0.102063906120880     
  0.728480000000000       0.102066324881462     
  0.728560000000000       0.102068743503804     
  0.728640000000000       0.102071161987804     
  0.728720000000000       0.102073580333390     
  0.728800000000000       0.102075998540485     
  0.728880000000000       0.102078416609314     
  0.728960000000000       0.102080834539638     
  0.729040000000000       0.102083252331378     
  0.729120000000000       0.102085669984778     
  0.729200000000000       0.102088087499495     
  0.729280000000000       0.102090504875742     
  0.729360000000000       0.102092922113392     
  0.729440000000000       0.102095339212428     
  0.729520000000000       0.102097756172951     
  0.729600000000000       0.102100172994860     
  0.729680000000000       0.102102589678030     
  0.729760000000000       0.102105006222478     
  0.729840000000000       0.102107422628260     
  0.729920000000000       0.102109838895419     
  0.730000000000000       0.102112255023704     
  0.730080000000000       0.102114671013357     
  0.730160000000000       0.102117086864013     
  0.730240000000000       0.102119502575946     
  0.730320000000000       0.102121918149042     
  0.730400000000000       0.102124333583293     
  0.730480000000000       0.102126748878716     
  0.730560000000000       0.102129164035145     
  0.730640000000000       0.102131579052685     
  0.730720000000000       0.102133993931212     
  0.730800000000000       0.102136408670845     
  0.730880000000000       0.102138823271348     
  0.730960000000000       0.102141237733068     
  0.731040000000000       0.102143652055485     
  0.731120000000000       0.102146066239046     
  0.731200000000000       0.102148480283375     
  0.731280000000000       0.102150894188663     
  0.731360000000000       0.102153307954746     
  0.731440000000000       0.102155721581777     
  0.731520000000000       0.102158135069534     
  0.731600000000000       0.102160548418164     
  0.731680000000000       0.102162961627525     
  0.731760000000000       0.102165374697655     
  0.731840000000000       0.102167787628544     
  0.731920000000000       0.102170200420048     
  0.732000000000000       0.102172613072277     
  0.732080000000000       0.102175025585211     
  0.732160000000000       0.102177437958761     
  0.732240000000000       0.102179850192925     
  0.732320000000000       0.102182262287658     
  0.732400000000000       0.102184674242983     
  0.732480000000000       0.102187086058971     
  0.732560000000000       0.102189497735306     
  0.732640000000000       0.102191909272142     
  0.732720000000000       0.102194320669621     
  0.732800000000000       0.102196731927469     
  0.732880000000000       0.102199143045775     
  0.732960000000000       0.102201554024420     
  0.733040000000000       0.102203964863521     
  0.733120000000000       0.102206375563004     
  0.733200000000000       0.102208786122742     
  0.733280000000000       0.102211196542867     
  0.733360000000000       0.102213606823375     
  0.733440000000000       0.102216016964002     
  0.733520000000000       0.102218426965029     
  0.733600000000000       0.102220836826247     
  0.733680000000000       0.102223246547531     
  0.733760000000000       0.102225656129140     
  0.733840000000000       0.102228065570847     
  0.733920000000000       0.102230474872756     
  0.734000000000000       0.102232884034770     
  0.734080000000000       0.102235293056852     
  0.734160000000000       0.102237701939119     
  0.734240000000000       0.102240110681204     
  0.734320000000000       0.102242519283569     
  0.734400000000000       0.102244927745863     
  0.734480000000000       0.102247336068075     
  0.734560000000000       0.102249744250343     
  0.734640000000000       0.102252152292469     
  0.734720000000000       0.102254560194520     
  0.734800000000000       0.102256967956558     
  0.734880000000000       0.102259375578276     
  0.734960000000000       0.102261783059995     
  0.735040000000000       0.102264190401510     
  0.735120000000000       0.102266597602784     
  0.735200000000000       0.102269004663915     
  0.735280000000000       0.102271411584706     
  0.735360000000000       0.102273818365325     
  0.735440000000000       0.102276225005627     
  0.735520000000000       0.102278631505577     
  0.735600000000000       0.102281037865283     
  0.735680000000000       0.102283444084600     
  0.735760000000000       0.102285850163467     
  0.735840000000000       0.102288256102023     
  0.735920000000000       0.102290661900176     
  0.736000000000000       0.102293067557717     
  0.736080000000000       0.102295473074977     
  0.736160000000000       0.102297878451717     
  0.736240000000000       0.102300283687904     
  0.736320000000000       0.102302688783464     
  0.736400000000000       0.102305093738643     
  0.736480000000000       0.102307498553177     
  0.736560000000000       0.102309903227183     
  0.736640000000000       0.102312307760377     
  0.736720000000000       0.102314712153026     
  0.736800000000000       0.102317116404975     
  0.736880000000000       0.102319520516253     
  0.736960000000000       0.102321924486803     
  0.737040000000000       0.102324328316671     
  0.737120000000000       0.102326732005715     
  0.737200000000000       0.102329135553992     
  0.737280000000000       0.102331538961506     
  0.737360000000000       0.102333942228132     
  0.737440000000000       0.102336345353925     
  0.737520000000000       0.102338748338937     
  0.737600000000000       0.102341151182967     
  0.737680000000000       0.102343553886065     
  0.737760000000000       0.102345956448249     
  0.737840000000000       0.102348358869448     
  0.737920000000000       0.102350761149740     
  0.738000000000000       0.102353163288961     
  0.738080000000000       0.102355565287056     
  0.738160000000000       0.102357967144275     
  0.738240000000000       0.102360368860381     
  0.738320000000000       0.102362770435336     
  0.738400000000000       0.102365171869192     
  0.738480000000000       0.102367573161982     
  0.738560000000000       0.102369974313442     
  0.738640000000000       0.102372375323938     
  0.738720000000000       0.102374776192934     
  0.738800000000000       0.102377176920924     
  0.738880000000000       0.102379577507614     
  0.738960000000000       0.102381977953047     
  0.739040000000000       0.102384378257096     
  0.739120000000000       0.102386778419920     
  0.739200000000000       0.102389178441356     
  0.739280000000000       0.102391578321453     
  0.739360000000000       0.102393978060067     
  0.739440000000000       0.102396377657335     
  0.739520000000000       0.102398777113156     
  0.739600000000000       0.102401176427527     
  0.739680000000000       0.102403575600373     
  0.739760000000000       0.102405974631861     
  0.739840000000000       0.102408373521736     
  0.739920000000000       0.102410772270091     
