  0.660000000000000       1.527851018194191E-002
  0.660080000000000       1.528054559422152E-002
  0.660160000000000       1.528258101475764E-002
  0.660240000000000       1.528461644420396E-002
  0.660320000000000       1.528665188106835E-002
  0.660400000000000       1.528868732648767E-002
  0.660480000000000       1.529072278024877E-002
  0.660560000000000       1.529275824216689E-002
  0.660640000000000       1.529479371180151E-002
  0.660720000000000       1.529682918960738E-002
  0.660800000000000       1.529886467591133E-002
  0.660880000000000       1.530090017023020E-002
  0.660960000000000       1.530293567196715E-002
  0.661040000000000       1.530497118264271E-002
  0.661120000000000       1.530700670046634E-002
  0.661200000000000       1.530904222648963E-002
  0.661280000000000       1.531107776089733E-002
  0.661360000000000       1.531311330265204E-002
  0.661440000000000       1.531514885303274E-002
  0.661520000000000       1.531718441085992E-002
  0.661600000000000       1.531921997655992E-002
  0.661680000000000       1.532125555054484E-002
  0.661760000000000       1.532329113206152E-002
  0.661840000000000       1.532532672140838E-002
  0.661920000000000       1.532736231882701E-002
  0.662000000000000       1.532939792366370E-002
  0.662080000000000       1.533143353684217E-002
  0.662160000000000       1.533346915726817E-002
  0.662240000000000       1.533550478536803E-002
  0.662320000000000       1.533754042146860E-002
  0.662400000000000       1.533957606517198E-002
  0.662480000000000       1.534161171660606E-002
  0.662560000000000       1.534364737550085E-002
  0.662640000000000       1.534568304229687E-002
  0.662720000000000       1.534771871658201E-002
  0.662800000000000       1.534975439879680E-002
  0.662880000000000       1.535179008796071E-002
  0.662960000000000       1.535382578531006E-002
  0.663040000000000       1.535586148977906E-002
  0.663120000000000       1.535789720183665E-002
  0.663200000000000       1.535993292135494E-002
  0.663280000000000       1.536196864861814E-002
  0.663360000000000       1.536400438298677E-002
  0.663440000000000       1.536604012491558E-002
  0.663520000000000       1.536807587458931E-002
  0.663600000000000       1.537011163129740E-002
  0.663680000000000       1.537214739569357E-002
  0.663760000000000       1.537418316702464E-002
  0.663840000000000       1.537621894604378E-002
  0.663920000000000       1.537825473232466E-002
  0.664000000000000       1.538029052582466E-002
  0.664080000000000       1.538232632660062E-002
  0.664160000000000       1.538436213506465E-002
  0.664240000000000       1.538639795015093E-002
  0.664320000000000       1.538843377292529E-002
  0.664400000000000       1.539046960262034E-002
  0.664480000000000       1.539250543964819E-002
  0.664560000000000       1.539454128368199E-002
  0.664640000000000       1.539657713497753E-002
  0.664720000000000       1.539861299347798E-002
  0.664800000000000       1.540064885902701E-002
  0.664880000000000       1.540268473186621E-002
  0.664960000000000       1.540472061154084E-002
  0.665040000000000       1.540675649806509E-002
  0.665120000000000       1.540879239205004E-002
  0.665200000000000       1.541082829278515E-002
  0.665280000000000       1.541286420041253E-002
  0.665360000000000       1.541490011528743E-002
  0.665440000000000       1.541693603704040E-002
  0.665520000000000       1.541897196569984E-002
  0.665600000000000       1.542100790137944E-002
  0.665680000000000       1.542304384363866E-002
  0.665760000000000       1.542507979306016E-002
  0.665840000000000       1.542711574948761E-002
  0.665920000000000       1.542915171230994E-002
  0.666000000000000       1.543118768232297E-002
  0.666080000000000       1.543322365884457E-002
  0.666160000000000       1.543525964221579E-002
  0.666240000000000       1.543729563223770E-002
  0.666320000000000       1.543933162922293E-002
  0.666400000000000       1.544136763288726E-002
  0.666480000000000       1.544340364321648E-002
  0.666560000000000       1.544543966035270E-002
  0.666640000000000       1.544747568412539E-002
  0.666720000000000       1.544951171434981E-002
  0.666800000000000       1.545154775152333E-002
  0.666880000000000       1.545358379459436E-002
  0.666960000000000       1.545561984509767E-002
  0.667040000000000       1.545765590172585E-002
  0.667120000000000       1.545969196489103E-002
  0.667200000000000       1.546172803476373E-002
  0.667280000000000       1.546376411083237E-002
  0.667360000000000       1.546580019365116E-002
  0.667440000000000       1.546783628275115E-002
  0.667520000000000       1.546987237848760E-002
  0.667600000000000       1.547190848056210E-002
  0.667680000000000       1.547394458898885E-002
  0.667760000000000       1.547598070381049E-002
  0.667840000000000       1.547801682474279E-002
  0.667920000000000       1.548005295268105E-002
  0.668000000000000       1.548208908653102E-002
  0.668080000000000       1.548412522663376E-002
  0.668160000000000       1.548616137321666E-002
  0.668240000000000       1.548819752593864E-002
  0.668320000000000       1.549023368495604E-002
  0.668400000000000       1.549226985012673E-002
  0.668480000000000       1.549430602166389E-002
  0.668560000000000       1.549634219924065E-002
  0.668640000000000       1.549837838321231E-002
  0.668720000000000       1.550041457306726E-002
  0.668800000000000       1.550245076917498E-002
  0.668880000000000       1.550448697145022E-002
  0.668960000000000       1.550652317973664E-002
  0.669040000000000       1.550855939394900E-002
  0.669120000000000       1.551059561444255E-002
  0.669200000000000       1.551263184080518E-002
  0.669280000000000       1.551466807352007E-002
  0.669360000000000       1.551670431187666E-002
  0.669440000000000       1.551874055617340E-002
  0.669520000000000       1.552077680658080E-002
  0.669600000000000       1.552281306319834E-002
  0.669680000000000       1.552484932527285E-002
  0.669760000000000       1.552688559327329E-002
  0.669840000000000       1.552892186732755E-002
  0.669920000000000       1.553095814736458E-002
  0.670000000000000       1.553299443302911E-002
  0.670080000000000       1.553503072461957E-002
  0.670160000000000       1.553706702195121E-002
  0.670240000000000       1.553910332515194E-002
  0.670320000000000       1.554113963383805E-002
  0.670400000000000       1.554317594854957E-002
  0.670480000000000       1.554521226868964E-002
  0.670560000000000       1.554724859482668E-002
  0.670640000000000       1.554928492652017E-002
  0.670720000000000       1.555132126391221E-002
  0.670800000000000       1.555335760666175E-002
  0.670880000000000       1.555539395555037E-002
  0.670960000000000       1.555743030969701E-002
  0.671040000000000       1.555946666964168E-002
  0.671120000000000       1.556150303514279E-002
  0.671200000000000       1.556353940583086E-002
  0.671280000000000       1.556557578228854E-002
  0.671360000000000       1.556761216416056E-002
  0.671440000000000       1.556964855163166E-002
  0.671520000000000       1.557168494455972E-002
  0.671600000000000       1.557372134288790E-002
  0.671680000000000       1.557575774667306E-002
  0.671760000000000       1.557779415587255E-002
  0.671840000000000       1.557983057038690E-002
  0.671920000000000       1.558186699037243E-002
  0.672000000000000       1.558390341567282E-002
  0.672080000000000       1.558593984652965E-002
  0.672160000000000       1.558797628230344E-002
  0.672240000000000       1.559001272350578E-002
  0.672320000000000       1.559204917013666E-002
  0.672400000000000       1.559408562189766E-002
  0.672480000000000       1.559612207881720E-002
  0.672560000000000       1.559815854089528E-002
  0.672640000000000       1.560019500814611E-002
  0.672720000000000       1.560223148059812E-002
  0.672800000000000       1.560426795854972E-002
  0.672880000000000       1.560630444129039E-002
  0.672960000000000       1.560834092910433E-002
  0.673040000000000       1.561037742255997E-002
  0.673120000000000       1.561241392037836E-002
  0.673200000000000       1.561445042369634E-002
  0.673280000000000       1.561648693159021E-002
  0.673360000000000       1.561852344479895E-002
  0.673440000000000       1.562055996279674E-002
  0.673520000000000       1.562259648623730E-002
  0.673600000000000       1.562463301438164E-002
  0.673680000000000       1.562666954757084E-002
  0.673760000000000       1.562870608559173E-002
  0.673840000000000       1.563074262862905E-002
  0.673920000000000       1.563277917637016E-002
  0.674000000000000       1.563481572868717E-002
  0.674080000000000       1.563685228624798E-002
  0.674160000000000       1.563888884852680E-002
  0.674240000000000       1.564092541543836E-002
  0.674320000000000       1.564296198736635E-002
  0.674400000000000       1.564499856396970E-002
  0.674480000000000       1.564703514536212E-002
  0.674560000000000       1.564907173148675E-002
  0.674640000000000       1.565110832221570E-002
  0.674720000000000       1.565314491801793E-002
  0.674800000000000       1.565518151785603E-002
  0.674880000000000       1.565721812265373E-002
  0.674960000000000       1.565925473232575E-002
  0.675040000000000       1.566129134616154E-002
  0.675120000000000       1.566332796455903E-002
  0.675200000000000       1.566536458793031E-002
  0.675280000000000       1.566740121553643E-002
  0.675360000000000       1.566943784804529E-002
  0.675440000000000       1.567147448444792E-002
  0.675520000000000       1.567351112572488E-002
  0.675600000000000       1.567554777142142E-002
  0.675680000000000       1.567758442150911E-002
  0.675760000000000       1.567962107618690E-002
  0.675840000000000       1.568165773494321E-002
  0.675920000000000       1.568369439858806E-002
  0.676000000000000       1.568573106597036E-002
  0.676080000000000       1.568776773828382E-002
  0.676160000000000       1.568980441490318E-002
  0.676240000000000       1.569184109545894E-002
  0.676320000000000       1.569387778023532E-002
  0.676400000000000       1.569591446970129E-002
  0.676480000000000       1.569795116316051E-002
  0.676560000000000       1.569998786133773E-002
  0.676640000000000       1.570202456299661E-002
  0.676720000000000       1.570406126908928E-002
  0.676800000000000       1.570609797961573E-002
  0.676880000000000       1.570813469402175E-002
  0.676960000000000       1.571017141246365E-002
  0.677040000000000       1.571220813536776E-002
  0.677120000000000       1.571424486220827E-002
  0.677200000000000       1.571628159315572E-002
  0.677280000000000       1.571831832789748E-002
  0.677360000000000       1.572035506725775E-002
  0.677440000000000       1.572239181012811E-002
  0.677520000000000       1.572442855704857E-002
  0.677600000000000       1.572646530826070E-002
  0.677680000000000       1.572850206312502E-002
  0.677760000000000       1.573053882216733E-002
  0.677840000000000       1.573257558487604E-002
  0.677920000000000       1.573461235129379E-002
  0.678000000000000       1.573664912237269E-002
  0.678080000000000       1.573868589679115E-002
  0.678160000000000       1.574072267494706E-002
  0.678240000000000       1.574275945693990E-002
  0.678320000000000       1.574479624303968E-002
  0.678400000000000       1.574683303247901E-002
  0.678480000000000       1.574886982622423E-002
  0.678560000000000       1.575090662316690E-002
  0.678640000000000       1.575294342411702E-002
  0.678720000000000       1.575498022900355E-002
  0.678800000000000       1.575701703701646E-002
  0.678880000000000       1.575905384906526E-002
  0.678960000000000       1.576109066465257E-002
  0.679040000000000       1.576312748417628E-002
  0.679120000000000       1.576516430702533E-002
  0.679200000000000       1.576720113341288E-002
  0.679280000000000       1.576923796359473E-002
  0.679360000000000       1.577127479713034E-002
  0.679440000000000       1.577331163396287E-002
  0.679520000000000       1.577534847470339E-002
  0.679600000000000       1.577738531872661E-002
  0.679680000000000       1.577942216644466E-002
  0.679760000000000       1.578145901737436E-002
  0.679840000000000       1.578349587182835E-002
  0.679920000000000       1.578553272965031E-002
  0.680000000000000       1.578756959093972E-002
  0.680080000000000       1.578960645551184E-002
  0.680160000000000       1.579164332335246E-002
  0.680240000000000       1.579368019457526E-002
  0.680320000000000       1.579571706940761E-002
  0.680400000000000       1.579775394716740E-002
  0.680480000000000       1.579979082826675E-002
  0.680560000000000       1.580182771267722E-002
  0.680640000000000       1.580386460066883E-002
  0.680720000000000       1.580590149133208E-002
  0.680800000000000       1.580793838530645E-002
  0.680880000000000       1.580997528262038E-002
  0.680960000000000       1.581201218271964E-002
  0.681040000000000       1.581404908671267E-002
  0.681120000000000       1.581608599317839E-002
  0.681200000000000       1.581812290295524E-002
  0.681280000000000       1.582015981587268E-002
  0.681360000000000       1.582219673174599E-002
  0.681440000000000       1.582423365057515E-002
  0.681520000000000       1.582627057253070E-002
  0.681600000000000       1.582830749747053E-002
  0.681680000000000       1.583034442542306E-002
  0.681760000000000       1.583238135630303E-002
  0.681840000000000       1.583441829006780E-002
  0.681920000000000       1.583645522691633E-002
  0.682000000000000       1.583849216655018E-002
  0.682080000000000       1.584052910911147E-002
  0.682160000000000       1.584256605424492E-002
  0.682240000000000       1.584460300270372E-002
  0.682320000000000       1.584663995359257E-002
  0.682400000000000       1.584867690742307E-002
  0.682480000000000       1.585071386403889E-002
  0.682560000000000       1.585275082385216E-002
  0.682640000000000       1.585478778552705E-002
  0.682720000000000       1.585682475058412E-002
  0.682800000000000       1.585886171821336E-002
  0.682880000000000       1.586089868840055E-002
  0.682960000000000       1.586293566151518E-002
  0.683040000000000       1.586497263691775E-002
  0.683120000000000       1.586700961516250E-002
  0.683200000000000       1.586904659580888E-002
  0.683280000000000       1.587108357942533E-002
  0.683360000000000       1.587312056544341E-002
  0.683440000000000       1.587515755401945E-002
  0.683520000000000       1.587719454472711E-002
  0.683600000000000       1.587923153850433E-002
  0.683680000000000       1.588126853456948E-002
  0.683760000000000       1.588330553312154E-002
  0.683840000000000       1.588534253393312E-002
  0.683920000000000       1.588737953748740E-002
  0.684000000000000       1.588941654323015E-002
  0.684080000000000       1.589145355171560E-002
  0.684160000000000       1.589349056194898E-002
  0.684240000000000       1.589552757512400E-002
  0.684320000000000       1.589756459051592E-002
  0.684400000000000       1.589960160772683E-002
  0.684480000000000       1.590163862787939E-002
  0.684560000000000       1.590367564986515E-002
  0.684640000000000       1.590571267445149E-002
  0.684720000000000       1.590774970095630E-002
  0.684800000000000       1.590978673004748E-002
  0.684880000000000       1.591182376102871E-002
  0.684960000000000       1.591386079441157E-002
  0.685040000000000       1.591589782957079E-002
  0.685120000000000       1.591793486720270E-002
  0.685200000000000       1.591997190653991E-002
  0.685280000000000       1.592200894850613E-002
  0.685360000000000       1.592404599253292E-002
  0.685440000000000       1.592608303835028E-002
  0.685520000000000       1.592812008615716E-002
  0.685600000000000       1.593015713612409E-002
  0.685680000000000       1.593219418815160E-002
  0.685760000000000       1.593423124199809E-002
  0.685840000000000       1.593626829808990E-002
  0.685920000000000       1.593830535577332E-002
  0.686000000000000       1.594034241581575E-002
  0.686080000000000       1.594237947703767E-002
  0.686160000000000       1.594441654115861E-002
  0.686240000000000       1.594645360603273E-002
  0.686320000000000       1.594849067366375E-002
  0.686400000000000       1.595052774270165E-002
  0.686480000000000       1.595256481357275E-002
  0.686560000000000       1.595460188643336E-002
  0.686640000000000       1.595663896062980E-002
  0.686720000000000       1.595867603701471E-002
  0.686800000000000       1.596071311493439E-002
  0.686880000000000       1.596275019461622E-002
  0.686960000000000       1.596478727597492E-002
  0.687040000000000       1.596682435862682E-002
  0.687120000000000       1.596886144335350E-002
  0.687200000000000       1.597089852954390E-002
  0.687280000000000       1.597293561745381E-002
  0.687360000000000       1.597497270715429E-002
  0.687440000000000       1.597700979811954E-002
  0.687520000000000       1.597904689047745E-002
  0.687600000000000       1.598108398476803E-002
  0.687680000000000       1.598312108022391E-002
  0.687760000000000       1.598515817775457E-002
  0.687840000000000       1.598719527626578E-002
  0.687920000000000       1.598923237624070E-002
  0.688000000000000       1.599126947783567E-002
  0.688080000000000       1.599330658065277E-002
  0.688160000000000       1.599534368516096E-002
  0.688240000000000       1.599738079082023E-002
  0.688320000000000       1.599941789792900E-002
  0.688400000000000       1.600145500618886E-002
  0.688480000000000       1.600349211581296E-002
  0.688560000000000       1.600552922687235E-002
  0.688640000000000       1.600756633901177E-002
  0.688720000000000       1.600960345243017E-002
  0.688800000000000       1.601164056742597E-002
  0.688880000000000       1.601367768345916E-002
  0.688960000000000       1.601571480052975E-002
  0.689040000000000       1.601775191895036E-002
  0.689120000000000       1.601978903839416E-002
  0.689200000000000       1.602182615900325E-002
  0.689280000000000       1.602386328084868E-002
  0.689360000000000       1.602590040368888E-002
  0.689440000000000       1.602793752773699E-002
  0.689520000000000       1.602997465270881E-002
  0.689600000000000       1.603201177888856E-002
  0.689680000000000       1.603404890583569E-002
  0.689760000000000       1.603608603393390E-002
  0.689840000000000       1.603812316308371E-002
  0.689920000000000       1.604016029322828E-002
  0.690000000000000       1.604219742408339E-002
  0.690080000000000       1.604423455599011E-002
  0.690160000000000       1.604627168879211E-002
  0.690240000000000       1.604830882268835E-002
  0.690320000000000       1.605034595747987E-002
  0.690400000000000       1.605238309279720E-002
  0.690480000000000       1.605442022898138E-002
  0.690560000000000       1.605645736581927E-002
  0.690640000000000       1.605849450392192E-002
  0.690720000000000       1.606053164235142E-002
  0.690800000000000       1.606256878194621E-002
  0.690880000000000       1.606460592188206E-002
  0.690960000000000       1.606664306257109E-002
  0.691040000000000       1.606868020442540E-002
  0.691120000000000       1.607071734650709E-002
  0.691200000000000       1.607275448932775E-002
  0.691280000000000       1.607479163290158E-002
  0.691360000000000       1.607682877701542E-002
  0.691440000000000       1.607886592142769E-002
  0.691520000000000       1.608090306690577E-002
  0.691600000000000       1.608294021246912E-002
  0.691680000000000       1.608497735892776E-002
  0.691760000000000       1.608701450585535E-002
  0.691840000000000       1.608905165319505E-002
  0.691920000000000       1.609108880107477E-002
  0.692000000000000       1.609312594906818E-002
  0.692080000000000       1.609516309807055E-002
  0.692160000000000       1.609720024725767E-002
  0.692240000000000       1.609923739657269E-002
  0.692320000000000       1.610127454635666E-002
  0.692400000000000       1.610331169665222E-002
  0.692480000000000       1.610534884734569E-002
  0.692560000000000       1.610738599828074E-002
  0.692640000000000       1.610942314955686E-002
  0.692720000000000       1.611146030114561E-002
  0.692800000000000       1.611349745297595E-002
  0.692880000000000       1.611553460483470E-002
  0.692960000000000       1.611757175687820E-002
  0.693040000000000       1.611960890956119E-002
  0.693120000000000       1.612164606207365E-002
  0.693200000000000       1.612368321496980E-002
  0.693280000000000       1.612572036773805E-002
  0.693360000000000       1.612775752097526E-002
  0.693440000000000       1.612979467421247E-002
  0.693520000000000       1.613183182735021E-002
  0.693600000000000       1.613386898082900E-002
  0.693680000000000       1.613590613398095E-002
  0.693760000000000       1.613794328755922E-002
  0.693840000000000       1.613998044081064E-002
  0.693920000000000       1.614201759421838E-002
  0.694000000000000       1.614405474758349E-002
  0.694080000000000       1.614609190084913E-002
  0.694160000000000       1.614812905405792E-002
  0.694240000000000       1.615016620718144E-002
  0.694320000000000       1.615220336030496E-002
  0.694400000000000       1.615424051321532E-002
  0.694480000000000       1.615627766568515E-002
  0.694560000000000       1.615831481826866E-002
  0.694640000000000       1.616035197058217E-002
  0.694720000000000       1.616238912288146E-002
  0.694800000000000       1.616442627483970E-002
  0.694880000000000       1.616646342651371E-002
  0.694960000000000       1.616850057803141E-002
  0.695040000000000       1.617053772909436E-002
  0.695120000000000       1.617257487985888E-002
  0.695200000000000       1.617461203056656E-002
  0.695280000000000       1.617664918043580E-002
  0.695360000000000       1.617868633056083E-002
  0.695440000000000       1.618072347990427E-002
  0.695520000000000       1.618276062909139E-002
  0.695600000000000       1.618479777752533E-002
  0.695680000000000       1.618683492567505E-002
  0.695760000000000       1.618887207338424E-002
  0.695840000000000       1.619090922062447E-002
  0.695920000000000       1.619294636748101E-002
  0.696000000000000       1.619498351349911E-002
  0.696080000000000       1.619702065903404E-002
  0.696160000000000       1.619905780434159E-002
  0.696240000000000       1.620109494861175E-002
  0.696320000000000       1.620313209262612E-002
  0.696400000000000       1.620516923587310E-002
  0.696480000000000       1.620720637875060E-002
  0.696560000000000       1.620924352077544E-002
  0.696640000000000       1.621128066196185E-002
  0.696720000000000       1.621331780248034E-002
  0.696800000000000       1.621535494245883E-002
  0.696880000000000       1.621739208179782E-002
  0.696960000000000       1.621942922028417E-002
  0.697040000000000       1.622146635788944E-002
  0.697120000000000       1.622350349484101E-002
  0.697200000000000       1.622554063076940E-002
  0.697280000000000       1.622757776570303E-002
  0.697360000000000       1.622961490006822E-002
  0.697440000000000       1.623165203355235E-002
  0.697520000000000       1.623368916632593E-002
  0.697600000000000       1.623572629774948E-002
  0.697680000000000       1.623776342847669E-002
  0.697760000000000       1.623980055857863E-002
  0.697840000000000       1.624183768738739E-002
  0.697920000000000       1.624387481537191E-002
  0.698000000000000       1.624591194203482E-002
  0.698080000000000       1.624794906780245E-002
  0.698160000000000       1.624998619244742E-002
  0.698240000000000       1.625202331642448E-002
  0.698320000000000       1.625406043872466E-002
  0.698400000000000       1.625609756027167E-002
  0.698480000000000       1.625813468042601E-002
  0.698560000000000       1.626017179974191E-002
  0.698640000000000       1.626220891784989E-002
  0.698720000000000       1.626424603474994E-002
  0.698800000000000       1.626628315027154E-002
  0.698880000000000       1.626832026478418E-002
  0.698960000000000       1.627035737790414E-002
  0.699040000000000       1.627239448990146E-002
  0.699120000000000       1.627443160039242E-002
  0.699200000000000       1.627646871001651E-002
  0.699280000000000       1.627850581763688E-002
  0.699360000000000       1.628054292456092E-002
  0.699440000000000       1.628258002995018E-002
  0.699520000000000       1.628461713393257E-002
  0.699600000000000       1.628665423642282E-002
  0.699680000000000       1.628869133763409E-002
  0.699760000000000       1.629072843729638E-002
  0.699840000000000       1.629276553558021E-002
  0.699920000000000       1.629480263213032E-002
  0.700000000000000       1.629683972737304E-002
  0.700080000000000       1.629887682103835E-002
  0.700160000000000       1.630091391332520E-002
  0.700240000000000       1.630295100403465E-002
  0.700320000000000       1.630498809316670E-002
  0.700400000000000       1.630702518053660E-002
  0.700480000000000       1.630906226647120E-002
  0.700560000000000       1.631109935041628E-002
  0.700640000000000       1.631313643286923E-002
  0.700720000000000       1.631517351421372E-002
  0.700800000000000       1.631721059339817E-002
  0.700880000000000       1.631924767086310E-002
  0.700960000000000       1.632128474615378E-002
  0.701040000000000       1.632332182032179E-002
  0.701120000000000       1.632535889257134E-002
  0.701200000000000       1.632739596284558E-002
  0.701280000000000       1.632943303175558E-002
  0.701360000000000       1.633147009826395E-002
  0.701440000000000       1.633350716345070E-002
  0.701520000000000       1.633554422647741E-002
  0.701600000000000       1.633758128771354E-002
  0.701680000000000       1.633961834717333E-002
  0.701760000000000       1.634165540416042E-002
  0.701840000000000       1.634369245986853E-002
  0.701920000000000       1.634572951324607E-002
  0.702000000000000       1.634776656463408E-002
  0.702080000000000       1.634980361414626E-002
  0.702160000000000       1.635184066179683E-002
  0.702240000000000       1.635387770700312E-002
  0.702320000000000       1.635591475021989E-002
  0.702400000000000       1.635795179163189E-002
  0.702480000000000       1.635998883052856E-002
  0.702560000000000       1.636202586747835E-002
  0.702640000000000       1.636406290258072E-002
  0.702720000000000       1.636609993542357E-002
  0.702800000000000       1.636813696582216E-002
  0.702880000000000       1.637017399401806E-002
  0.702960000000000       1.637221102012496E-002
  0.703040000000000       1.637424804392971E-002
  0.703120000000000       1.637628506573072E-002
  0.703200000000000       1.637832208498800E-002
  0.703280000000000       1.638035910195732E-002
  0.703360000000000       1.638239611649659E-002
  0.703440000000000       1.638443312914582E-002
  0.703520000000000       1.638647013893866E-002
  0.703600000000000       1.638850714674198E-002
  0.703680000000000       1.639054415204420E-002
  0.703760000000000       1.639258115478846E-002
  0.703840000000000       1.639461815521635E-002
  0.703920000000000       1.639665515310049E-002
  0.704000000000000       1.639869214832721E-002
  0.704080000000000       1.640072914173494E-002
  0.704160000000000       1.640276613205891E-002
  0.704240000000000       1.640480311991020E-002
  0.704320000000000       1.640684010553038E-002
  0.704400000000000       1.640887708842207E-002
  0.704480000000000       1.641091406851423E-002
  0.704560000000000       1.641295104600580E-002
  0.704640000000000       1.641498802096784E-002
  0.704720000000000       1.641702499322981E-002
  0.704800000000000       1.641906196280594E-002
  0.704880000000000       1.642109892996622E-002
  0.704960000000000       1.642313589417064E-002
  0.705040000000000       1.642517285563237E-002
  0.705120000000000       1.642720981447929E-002
  0.705200000000000       1.642924677049826E-002
  0.705280000000000       1.643128372390244E-002
  0.705360000000000       1.643332067410917E-002
  0.705440000000000       1.643535762174373E-002
  0.705520000000000       1.643739456650770E-002
  0.705600000000000       1.643943150818792E-002
  0.705680000000000       1.644146844738124E-002
  0.705760000000000       1.644350538347659E-002
  0.705840000000000       1.644554231661608E-002
  0.705920000000000       1.644757924708393E-002
  0.706000000000000       1.644961617418381E-002
  0.706080000000000       1.645165309852679E-002
  0.706160000000000       1.645369001972916E-002
  0.706240000000000       1.645572693806095E-002
  0.706320000000000       1.645776385345108E-002
  0.706400000000000       1.645980076558693E-002
  0.706480000000000       1.646183767448271E-002
  0.706560000000000       1.646387458037999E-002
  0.706640000000000       1.646591148352037E-002
  0.706720000000000       1.646794838305119E-002
  0.706800000000000       1.646998527988195E-002
  0.706880000000000       1.647202217313157E-002
  0.706960000000000       1.647405906332586E-002
  0.707040000000000       1.647609595040798E-002
  0.707120000000000       1.647813283402264E-002
  0.707200000000000       1.648016971453934E-002
  0.707280000000000       1.648220659180175E-002
  0.707360000000000       1.648424346586672E-002
  0.707440000000000       1.648628033637898E-002
  0.707520000000000       1.648831720386432E-002
  0.707600000000000       1.649035406761221E-002
  0.707680000000000       1.649239092823371E-002
  0.707760000000000       1.649442778517460E-002
  0.707840000000000       1.649646463920227E-002
  0.707920000000000       1.649850148942143E-002
  0.708000000000000       1.650053833654262E-002
  0.708080000000000       1.650257517948581E-002
  0.708160000000000       1.650461201954421E-002
  0.708240000000000       1.650664885592199E-002
  0.708320000000000       1.650868568883233E-002
  0.708400000000000       1.651072251858785E-002
  0.708480000000000       1.651275934395222E-002
  0.708560000000000       1.651479616610494E-002
  0.708640000000000       1.651683298496074E-002
  0.708720000000000       1.651886979976645E-002
  0.708800000000000       1.652090661093417E-002
  0.708880000000000       1.652294341883340E-002
  0.708960000000000       1.652498022266833E-002
  0.709040000000000       1.652701702316371E-002
  0.709120000000000       1.652905381928214E-002
  0.709200000000000       1.653109061216049E-002
  0.709280000000000       1.653312740120192E-002
  0.709360000000000       1.653516418629273E-002
  0.709440000000000       1.653720096778819E-002
  0.709520000000000       1.653923774556041E-002
  0.709600000000000       1.654127451949570E-002
  0.709680000000000       1.654331128909668E-002
  0.709760000000000       1.654534805525863E-002
  0.709840000000000       1.654738481775418E-002
  0.709920000000000       1.654942157568804E-002
  0.710000000000000       1.655145833001235E-002
  0.710080000000000       1.655349508041446E-002
  0.710160000000000       1.655553182689438E-002
  0.710240000000000       1.655756856933841E-002
  0.710320000000000       1.655960530773235E-002
  0.710400000000000       1.656164204184882E-002
  0.710480000000000       1.656367877219942E-002
  0.710560000000000       1.656571549803097E-002
  0.710640000000000       1.656775222030980E-002
  0.710720000000000       1.656978893835379E-002
  0.710800000000000       1.657182565196400E-002
  0.710880000000000       1.657386236190781E-002
  0.710960000000000       1.657589906737520E-002
  0.711040000000000       1.657793576874986E-002
  0.711120000000000       1.657997246544916E-002
  0.711200000000000       1.658200915862416E-002
  0.711280000000000       1.658404584720905E-002
  0.711360000000000       1.658608253150227E-002
  0.711440000000000       1.658811921181644E-002
  0.711520000000000       1.659015588745525E-002
  0.711600000000000       1.659219255902975E-002
  0.711680000000000       1.659422922608520E-002
  0.711760000000000       1.659626588865002E-002
  0.711840000000000       1.659830254727843E-002
  0.711920000000000       1.660033920094726E-002
  0.712000000000000       1.660237585031019E-002
  0.712080000000000       1.660441249526776E-002
  0.712160000000000       1.660644913617524E-002
  0.712240000000000       1.660848577235050E-002
  0.712320000000000       1.661052240377934E-002
  0.712400000000000       1.661255903098755E-002
  0.712480000000000       1.661459565336407E-002
  0.712560000000000       1.661663227159103E-002
  0.712640000000000       1.661866888488681E-002
  0.712720000000000       1.662070549379144E-002
  0.712800000000000       1.662274209787860E-002
  0.712880000000000       1.662477869738985E-002
  0.712960000000000       1.662681529226837E-002
  0.713040000000000       1.662885188249994E-002
  0.713120000000000       1.663088846807035E-002
  0.713200000000000       1.663292504889433E-002
  0.713280000000000       1.663496162502873E-002
  0.713360000000000       1.663699819623197E-002
  0.713440000000000       1.663903476278825E-002
  0.713520000000000       1.664107132451285E-002
  0.713600000000000       1.664310788107890E-002
  0.713680000000000       1.664514443353802E-002
  0.713760000000000       1.664718098056859E-002
  0.713840000000000       1.664921752309432E-002
  0.713920000000000       1.665125406070309E-002
  0.714000000000000       1.665329059302543E-002
  0.714080000000000       1.665532712033133E-002
  0.714160000000000       1.665736364330293E-002
  0.714240000000000       1.665940016100229E-002
  0.714320000000000       1.666143667350049E-002
  0.714400000000000       1.666347318139436E-002
  0.714480000000000       1.666550968403022E-002
  0.714560000000000       1.666754618147912E-002
  0.714640000000000       1.666958267402528E-002
  0.714720000000000       1.667161916137026E-002
  0.714800000000000       1.667365564384091E-002
  0.714880000000000       1.667569212105355E-002
  0.714960000000000       1.667772859305081E-002
  0.715040000000000       1.667976505988953E-002
  0.715120000000000       1.668180152172603E-002
  0.715200000000000       1.668383797813398E-002
  0.715280000000000       1.668587442935496E-002
  0.715360000000000       1.668791087577268E-002
  0.715440000000000       1.668994731640659E-002
  0.715520000000000       1.669198375178247E-002
  0.715600000000000       1.669402018204245E-002
  0.715680000000000       1.669605660685967E-002
  0.715760000000000       1.669809302647571E-002
  0.715840000000000       1.670012944074848E-002
  0.715920000000000       1.670216584945059E-002
  0.716000000000000       1.670420225276679E-002
  0.716080000000000       1.670623865093866E-002
  0.716160000000000       1.670827504324144E-002
  0.716240000000000       1.671031143030042E-002
  0.716320000000000       1.671234781190243E-002
  0.716400000000000       1.671438418843117E-002
  0.716480000000000       1.671642055883502E-002
  0.716560000000000       1.671845692378191E-002
  0.716640000000000       1.672049328320078E-002
  0.716720000000000       1.672252963702057E-002
  0.716800000000000       1.672456598519865E-002
  0.716880000000000       1.672660232836030E-002
  0.716960000000000       1.672863866526917E-002
  0.717040000000000       1.673067499609580E-002
  0.717120000000000       1.673271132243179E-002
  0.717200000000000       1.673474764247238E-002
  0.717280000000000       1.673678395682863E-002
  0.717360000000000       1.673882026535842E-002
  0.717440000000000       1.674085656830335E-002
  0.717520000000000       1.674289286509498E-002
  0.717600000000000       1.674492915661439E-002
  0.717680000000000       1.674696544185259E-002
  0.717760000000000       1.674900172173330E-002
  0.717840000000000       1.675103799529019E-002
  0.717920000000000       1.675307426323378E-002
  0.718000000000000       1.675511052539356E-002
  0.718080000000000       1.675714678148530E-002
  0.718160000000000       1.675918303163691E-002
  0.718240000000000       1.676121927607575E-002
  0.718320000000000       1.676325551430444E-002
  0.718400000000000       1.676529174670669E-002
  0.718480000000000       1.676732797306933E-002
  0.718560000000000       1.676936419299444E-002
  0.718640000000000       1.677140040773260E-002
  0.718720000000000       1.677343661552164E-002
  0.718800000000000       1.677547281747003E-002
  0.718880000000000       1.677750901381934E-002
  0.718960000000000       1.677954520350376E-002
  0.719040000000000       1.678158138741857E-002
  0.719120000000000       1.678361756498113E-002
  0.719200000000000       1.678565373646144E-002
  0.719280000000000       1.678768990136213E-002
  0.719360000000000       1.678972606067795E-002
  0.719440000000000       1.679176221324361E-002
  0.719520000000000       1.679379835968440E-002
  0.719600000000000       1.679583449982978E-002
  0.719680000000000       1.679787063399239E-002
  0.719760000000000       1.679990676133378E-002
  0.719840000000000       1.680194288282031E-002
  0.719920000000000       1.680397899771300E-002
  0.720000000000000       1.680601510608291E-002
  0.720080000000000       1.680805120834215E-002
  0.720160000000000       1.681008730406439E-002
  0.720240000000000       1.681212339337754E-002
  0.720320000000000       1.681415947582685E-002
  0.720400000000000       1.681619555262024E-002
  0.720480000000000       1.681823162237926E-002
  0.720560000000000       1.682026768589970E-002
  0.720640000000000       1.682230374237157E-002
  0.720720000000000       1.682433979273277E-002
  0.720800000000000       1.682637583647171E-002
  0.720880000000000       1.682841187373050E-002
  0.720960000000000       1.683044790436703E-002
  0.721040000000000       1.683248392804024E-002
  0.721120000000000       1.683451994502014E-002
  0.721200000000000       1.683655595588938E-002
  0.721280000000000       1.683859195966739E-002
  0.721360000000000       1.684062795699368E-002
  0.721440000000000       1.684266394751297E-002
  0.721520000000000       1.684469993115421E-002
  0.721600000000000       1.684673590813055E-002
  0.721680000000000       1.684877187831411E-002
  0.721760000000000       1.685080784196067E-002
  0.721840000000000       1.685284379816075E-002
  0.721920000000000       1.685487974789488E-002
  0.722000000000000       1.685691569063728E-002
  0.722080000000000       1.685895162671478E-002
  0.722160000000000       1.686098755608476E-002
  0.722240000000000       1.686302347813615E-002
  0.722320000000000       1.686505939303948E-002
  0.722400000000000       1.686709530160477E-002
  0.722480000000000       1.686913120249620E-002
  0.722560000000000       1.687116709713486E-002
  0.722640000000000       1.687320298407122E-002
  0.722720000000000       1.687523886455587E-002
  0.722800000000000       1.687727473769349E-002
  0.722880000000000       1.687931060383938E-002
  0.722960000000000       1.688134646276616E-002
  0.723040000000000       1.688338231464435E-002
  0.723120000000000       1.688541815916132E-002
  0.723200000000000       1.688745399698497E-002
  0.723280000000000       1.688948982737635E-002
  0.723360000000000       1.689152565050598E-002
  0.723440000000000       1.689356146668650E-002
  0.723520000000000       1.689559727513632E-002
  0.723600000000000       1.689763307679335E-002
  0.723680000000000       1.689966887098968E-002
  0.723760000000000       1.690170465803795E-002
  0.723840000000000       1.690374043782448E-002
  0.723920000000000       1.690577621013609E-002
  0.724000000000000       1.690781197491596E-002
  0.724080000000000       1.690984773278934E-002
  0.724160000000000       1.691188348287518E-002
  0.724240000000000       1.691391922572769E-002
  0.724320000000000       1.691595496116214E-002
  0.724400000000000       1.691799068902220E-002
  0.724480000000000       1.692002640946420E-002
  0.724560000000000       1.692206212260181E-002
  0.724640000000000       1.692409782810820E-002
  0.724720000000000       1.692613352625336E-002
  0.724800000000000       1.692816921663940E-002
  0.724880000000000       1.693020489932315E-002
  0.724960000000000       1.693224057444673E-002
  0.725040000000000       1.693427624236541E-002
  0.725120000000000       1.693631190239706E-002
  0.725200000000000       1.693834755486854E-002
  0.725280000000000       1.694038319955247E-002
  0.725360000000000       1.694241883669043E-002
  0.725440000000000       1.694445446602664E-002
  0.725520000000000       1.694649008783109E-002
  0.725600000000000       1.694852570162062E-002
  0.725680000000000       1.695056130790682E-002
  0.725760000000000       1.695259690656179E-002
  0.725840000000000       1.695463249711657E-002
  0.725920000000000       1.695666807961380E-002
  0.726000000000000       1.695870365497718E-002
  0.726080000000000       1.696073922188510E-002
  0.726160000000000       1.696277478111916E-002
  0.726240000000000       1.696481033230988E-002
  0.726320000000000       1.696684587576989E-002
  0.726400000000000       1.696888141108708E-002
  0.726480000000000       1.697091693897199E-002
  0.726560000000000       1.697295245842987E-002
  0.726640000000000       1.697498796988704E-002
  0.726720000000000       1.697702347368455E-002
  0.726800000000000       1.697905896932504E-002
  0.726880000000000       1.698109445663796E-002
  0.726960000000000       1.698312993634808E-002
  0.727040000000000       1.698516540729009E-002
  0.727120000000000       1.698720087048720E-002
  0.727200000000000       1.698923632576885E-002
  0.727280000000000       1.699127177255242E-002
  0.727360000000000       1.699330721159107E-002
  0.727440000000000       1.699534264200373E-002
  0.727520000000000       1.699737806468569E-002
  0.727600000000000       1.699941347865639E-002
  0.727680000000000       1.700144888469744E-002
  0.727760000000000       1.700348428245355E-002
  0.727840000000000       1.700551967176842E-002
  0.727920000000000       1.700755505274152E-002
  0.728000000000000       1.700959042577075E-002
  0.728080000000000       1.701162579020241E-002
  0.728160000000000       1.701366114620704E-002
  0.728240000000000       1.701569649385568E-002
  0.728320000000000       1.701773183343256E-002
  0.728400000000000       1.701976716397133E-002
  0.728480000000000       1.702180248653782E-002
  0.728560000000000       1.702383780057779E-002
  0.728640000000000       1.702587310606283E-002
  0.728720000000000       1.702790840317767E-002
  0.728800000000000       1.702994369143915E-002
  0.728880000000000       1.703197897133044E-002
  0.728960000000000       1.703401424289417E-002
  0.729040000000000       1.703604950583191E-002
  0.729120000000000       1.703808476014366E-002
  0.729200000000000       1.704012000561626E-002
  0.729280000000000       1.704215524253392E-002
  0.729360000000000       1.704419047086823E-002
  0.729440000000000       1.704622569094603E-002
  0.729520000000000       1.704826090150256E-002
  0.729600000000000       1.705029610390205E-002
  0.729680000000000       1.705233129743398E-002
  0.729760000000000       1.705436648245360E-002
  0.729840000000000       1.705640165829301E-002
  0.729920000000000       1.705843682542117E-002
  0.730000000000000       1.706047198409386E-002
  0.730080000000000       1.706250713361477E-002
  0.730160000000000       1.706454227450969E-002
  0.730240000000000       1.706657740625282E-002
  0.730320000000000       1.706861252946943E-002
  0.730400000000000       1.707064764347741E-002
  0.730480000000000       1.707268274846150E-002
  0.730560000000000       1.707471784481960E-002
  0.730640000000000       1.707675293201170E-002
  0.730720000000000       1.707878801044991E-002
  0.730800000000000       1.708082307963685E-002
  0.730880000000000       1.708285813998465E-002
  0.730960000000000       1.708489319133697E-002
  0.731040000000000       1.708692823325329E-002
  0.731120000000000       1.708896326661467E-002
  0.731200000000000       1.709099829065373E-002
  0.731280000000000       1.709303330555521E-002
  0.731360000000000       1.709506831083594E-002
  0.731440000000000       1.709710330749068E-002
  0.731520000000000       1.709913829505048E-002
  0.731600000000000       1.710117327337322E-002
  0.731680000000000       1.710320824245890E-002
  0.731760000000000       1.710524320216542E-002
  0.731840000000000       1.710727815264910E-002
  0.731920000000000       1.710931309412309E-002
  0.732000000000000       1.711134802593371E-002
  0.732080000000000       1.711338294839358E-002
  0.732160000000000       1.711541786173008E-002
  0.732240000000000       1.711745276574426E-002
  0.732320000000000       1.711948766046454E-002
  0.732400000000000       1.712152254552144E-002
  0.732480000000000       1.712355742142655E-002
  0.732560000000000       1.712559228771091E-002
  0.732640000000000       1.712762714447400E-002
  0.732720000000000       1.712966199201425E-002
  0.732800000000000       1.713169682970637E-002
  0.732880000000000       1.713373165836039E-002
  0.732960000000000       1.713576647718049E-002
  0.733040000000000       1.713780128666407E-002
  0.733120000000000       1.713983608644163E-002
  0.733200000000000       1.714187087658423E-002
  0.733280000000000       1.714390565717714E-002
  0.733360000000000       1.714594042840509E-002
  0.733440000000000       1.714797518954334E-002
  0.733520000000000       1.715000994137348E-002
  0.733600000000000       1.715204468317075E-002
  0.733680000000000       1.715407941547518E-002
  0.733760000000000       1.715611413815885E-002
  0.733840000000000       1.715814885123599E-002
  0.733920000000000       1.716018355426605E-002
  0.734000000000000       1.716221824746220E-002
  0.734080000000000       1.716425293108024E-002
  0.734160000000000       1.716628760467962E-002
  0.734240000000000       1.716832226874352E-002
  0.734320000000000       1.717035692247613E-002
  0.734400000000000       1.717239156654535E-002
  0.734480000000000       1.717442620106489E-002
  0.734560000000000       1.717646082516786E-002
  0.734640000000000       1.717849543969272E-002
  0.734720000000000       1.718053004417051E-002
  0.734800000000000       1.718256463850174E-002
  0.734880000000000       1.718459922302749E-002
  0.734960000000000       1.718663379733563E-002
  0.735040000000000       1.718866836168196E-002
  0.735120000000000       1.719070291618017E-002
  0.735200000000000       1.719273746034709E-002
  0.735280000000000       1.719477199439588E-002
  0.735360000000000       1.719680651876707E-002
  0.735440000000000       1.719884103242329E-002
  0.735520000000000       1.720087553657244E-002
  0.735600000000000       1.720291003012029E-002
  0.735680000000000       1.720494451376318E-002
  0.735760000000000       1.720697898689003E-002
  0.735840000000000       1.720901344974244E-002
  0.735920000000000       1.721104790271830E-002
  0.736000000000000       1.721308234547656E-002
  0.736080000000000       1.721511677770458E-002
  0.736160000000000       1.721715119948761E-002
  0.736240000000000       1.721918561099620E-002
  0.736320000000000       1.722122001248614E-002
  0.736400000000000       1.722325440310477E-002
  0.736480000000000       1.722528878373317E-002
  0.736560000000000       1.722732315368922E-002
  0.736640000000000       1.722935751362662E-002
  0.736720000000000       1.723139186304799E-002
  0.736800000000000       1.723342620161226E-002
  0.736880000000000       1.723546053002998E-002
  0.736960000000000       1.723749484803114E-002
  0.737040000000000       1.723952915511837E-002
  0.737120000000000       1.724156345194536E-002
  0.737200000000000       1.724359773827053E-002
  0.737280000000000       1.724563201372440E-002
  0.737360000000000       1.724766627884698E-002
  0.737440000000000       1.724970053324035E-002
  0.737520000000000       1.725173477717454E-002
  0.737600000000000       1.725376901025164E-002
  0.737680000000000       1.725580323264218E-002
  0.737760000000000       1.725783744464458E-002
  0.737840000000000       1.725987164588936E-002
  0.737920000000000       1.726190583582230E-002
  0.738000000000000       1.726394001587870E-002
  0.738080000000000       1.726597418449536E-002
  0.738160000000000       1.726800834261020E-002
  0.738240000000000       1.727004248954109E-002
  0.738320000000000       1.727207662614070E-002
  0.738400000000000       1.727411075174110E-002
  0.738480000000000       1.727614486652704E-002
  0.738560000000000       1.727817897031379E-002
  0.738640000000000       1.728021306334291E-002
  0.738720000000000       1.728224714523072E-002
  0.738800000000000       1.728428121620460E-002
  0.738880000000000       1.728631527612243E-002
  0.738960000000000       1.728834932546739E-002
  0.739040000000000       1.729038336341524E-002
  0.739120000000000       1.729241739079022E-002
  0.739200000000000       1.729445140671124E-002
  0.739280000000000       1.729648541153359E-002
  0.739360000000000       1.729851940548464E-002
  0.739440000000000       1.730055338833700E-002
  0.739520000000000       1.730258735990595E-002
  0.739600000000000       1.730462132050412E-002
  0.739680000000000       1.730665527001782E-002
  0.739760000000000       1.730868920809179E-002
  0.739840000000000       1.731072313496760E-002
  0.739920000000000       1.731275705094368E-002
