  0.660000000000000       0.939048676923409     
  0.660080000000000       0.939139801662268     
  0.660160000000000       0.939230927067347     
  0.660240000000000       0.939322053137697     
  0.660320000000000       0.939413179872448     
  0.660400000000000       0.939504307270937     
  0.660480000000000       0.939595435332035     
  0.660560000000000       0.939686564055037     
  0.660640000000000       0.939777693438872     
  0.660720000000000       0.939868823482824     
  0.660800000000000       0.939959954185958     
  0.660880000000000       0.940051085547490     
  0.660960000000000       0.940142217566531     
  0.661040000000000       0.940233350242091     
  0.661120000000000       0.940324483573372     
  0.661200000000000       0.940415617559426     
  0.661280000000000       0.940506752199553     
  0.661360000000000       0.940597887492733     
  0.661440000000000       0.940689023438126     
  0.661520000000000       0.940780160034759     
  0.661600000000000       0.940871297281997     
  0.661680000000000       0.940962435178856     
  0.661760000000000       0.941053573724250     
  0.661840000000000       0.941144712917673     
  0.661920000000000       0.941235852757913     
  0.662000000000000       0.941326993244267     
  0.662080000000000       0.941418134375921     
  0.662160000000000       0.941509276151955     
  0.662240000000000       0.941600418571444     
  0.662320000000000       0.941691561633529     
  0.662400000000000       0.941782705337306     
  0.662480000000000       0.941873849681862     
  0.662560000000000       0.941964994666595     
  0.662640000000000       0.942056140290291     
  0.662720000000000       0.942147286552319     
  0.662800000000000       0.942238433451594     
  0.662880000000000       0.942329580987327     
  0.662960000000000       0.942420729158677     
  0.663040000000000       0.942511877964785     
  0.663120000000000       0.942603027404878     
  0.663200000000000       0.942694177477843     
  0.663280000000000       0.942785328182921     
  0.663360000000000       0.942876479519312     
  0.663440000000000       0.942967631485973     
  0.663520000000000       0.943058784082089     
  0.663600000000000       0.943149937306889     
  0.663680000000000       0.943241091159500     
  0.663760000000000       0.943332245638837     
  0.663840000000000       0.943423400744285     
  0.663920000000000       0.943514556474774     
  0.664000000000000       0.943605712829459     
  0.664080000000000       0.943696869807627     
  0.664160000000000       0.943788027408306     
  0.664240000000000       0.943879185630484     
  0.664320000000000       0.943970344473530     
  0.664400000000000       0.944061503936501     
  0.664480000000000       0.944152664018257     
  0.664560000000000       0.944243824718212     
  0.664640000000000       0.944334986035366     
  0.664720000000000       0.944426147969018     
  0.664800000000000       0.944517310518129     
  0.664880000000000       0.944608473681795     
  0.664960000000000       0.944699637459265     
  0.665040000000000       0.944790801849650     
  0.665120000000000       0.944881966851981     
  0.665200000000000       0.944973132465458     
  0.665280000000000       0.945064298689267     
  0.665360000000000       0.945155465522398     
  0.665440000000000       0.945246632964020     
  0.665520000000000       0.945337801013093     
  0.665600000000000       0.945428969669146     
  0.665680000000000       0.945520138931063     
  0.665760000000000       0.945611308798009     
  0.665840000000000       0.945702479268979     
  0.665920000000000       0.945793650343336     
  0.666000000000000       0.945884822019922     
  0.666080000000000       0.945975994298265     
  0.666160000000000       0.946067167176985     
  0.666240000000000       0.946158340655596     
  0.666320000000000       0.946249514733070     
  0.666400000000000       0.946340689408496     
  0.666480000000000       0.946431864681090     
  0.666560000000000       0.946523040549953     
  0.666640000000000       0.946614217014202     
  0.666720000000000       0.946705394072936     
  0.666800000000000       0.946796571725390     
  0.666880000000000       0.946887749970648     
  0.666960000000000       0.946978928807571     
  0.667040000000000       0.947070108235718     
  0.667120000000000       0.947161288253765     
  0.667200000000000       0.947252468861380     
  0.667280000000000       0.947343650057213     
  0.667360000000000       0.947434831840565     
  0.667440000000000       0.947526014210651     
  0.667520000000000       0.947617197166490     
  0.667600000000000       0.947708380707113     
  0.667680000000000       0.947799564831864     
  0.667760000000000       0.947890749539690     
  0.667840000000000       0.947981934829864     
  0.667920000000000       0.948073120701347     
  0.668000000000000       0.948164307153384     
  0.668080000000000       0.948255494185104     
  0.668160000000000       0.948346681795415     
  0.668240000000000       0.948437869983860     
  0.668320000000000       0.948529058749169     
  0.668400000000000       0.948620248090676     
  0.668480000000000       0.948711438007372     
  0.668560000000000       0.948802628498668     
  0.668640000000000       0.948893819563216     
  0.668720000000000       0.948985011200602     
  0.668800000000000       0.949076203409703     
  0.668880000000000       0.949167396189834     
  0.668960000000000       0.949258589539772     
  0.669040000000000       0.949349783459048     
  0.669120000000000       0.949440977946453     
  0.669200000000000       0.949532173001161     
  0.669280000000000       0.949623368622559     
  0.669360000000000       0.949714564809597     
  0.669440000000000       0.949805761561378     
  0.669520000000000       0.949896958877091     
  0.669600000000000       0.949988156755884     
  0.669680000000000       0.950079355196632     
  0.669760000000000       0.950170554198809     
  0.669840000000000       0.950261753761348     
  0.669920000000000       0.950352953883384     
  0.670000000000000       0.950444154564133     
  0.670080000000000       0.950535355802544     
  0.670160000000000       0.950626557597947     
  0.670240000000000       0.950717759949364     
  0.670320000000000       0.950808962855984     
  0.670400000000000       0.950900166316784     
  0.670480000000000       0.950991370330923     
  0.670560000000000       0.951082574897637     
  0.670640000000000       0.951173780016141     
  0.670720000000000       0.951264985685358     
  0.670800000000000       0.951356191904291     
  0.670880000000000       0.951447398672432     
  0.670960000000000       0.951538605988712     
  0.671040000000000       0.951629813852296     
  0.671120000000000       0.951721022262158     
  0.671200000000000       0.951812231217634     
  0.671280000000000       0.951903440717768     
  0.671360000000000       0.951994650761570     
  0.671440000000000       0.952085861348372     
  0.671520000000000       0.952177072477191     
  0.671600000000000       0.952268284147164     
  0.671680000000000       0.952359496357409     
  0.671760000000000       0.952450709106963     
  0.671840000000000       0.952541922395100     
  0.671920000000000       0.952633136220940     
  0.672000000000000       0.952724350583489     
  0.672080000000000       0.952815565481953     
  0.672160000000000       0.952906780915552     
  0.672240000000000       0.952997996883107     
  0.672320000000000       0.953089213384136     
  0.672400000000000       0.953180430417389     
  0.672480000000000       0.953271647982273     
  0.672560000000000       0.953362866077707     
  0.672640000000000       0.953454084703011     
  0.672720000000000       0.953545303857235     
  0.672800000000000       0.953636523539342     
  0.672880000000000       0.953727743748752     
  0.672960000000000       0.953818964484373     
  0.673040000000000       0.953910185745337     
  0.673120000000000       0.954001407530812     
  0.673200000000000       0.954092629840043     
  0.673280000000000       0.954183852672052     
  0.673360000000000       0.954275076025917     
  0.673440000000000       0.954366299900818     
  0.673520000000000       0.954457524295831     
  0.673600000000000       0.954548749210051     
  0.673680000000000       0.954639974642866     
  0.673760000000000       0.954731200593044     
  0.673840000000000       0.954822427059904     
  0.673920000000000       0.954913654042442     
  0.674000000000000       0.955004881540032     
  0.674080000000000       0.955096109551542     
  0.674160000000000       0.955187338076275     
  0.674240000000000       0.955278567113215     
  0.674320000000000       0.955369796661679     
  0.674400000000000       0.955461026720434     
  0.674480000000000       0.955552257288972     
  0.674560000000000       0.955643488366258     
  0.674640000000000       0.955734719951470     
  0.674720000000000       0.955825952043647     
  0.674800000000000       0.955917184641908     
  0.674880000000000       0.956008417745561     
  0.674960000000000       0.956099651353599     
  0.675040000000000       0.956190885465175     
  0.675120000000000       0.956282120079295     
  0.675200000000000       0.956373355195167     
  0.675280000000000       0.956464590812128     
  0.675360000000000       0.956555826928886     
  0.675440000000000       0.956647063544863     
  0.675520000000000       0.956738300659125     
  0.675600000000000       0.956829538270778     
  0.675680000000000       0.956920776378947     
  0.675760000000000       0.957012014982655     
  0.675840000000000       0.957103254081308     
  0.675920000000000       0.957194493673673     
  0.676000000000000       0.957285733759086     
  0.676080000000000       0.957376974336670     
  0.676160000000000       0.957468215405492     
  0.676240000000000       0.957559456964789     
  0.676320000000000       0.957650699013411     
  0.676400000000000       0.957741941550782     
  0.676480000000000       0.957833184575981     
  0.676560000000000       0.957924428088033     
  0.676640000000000       0.958015672086047     
  0.676720000000000       0.958106916569216     
  0.676800000000000       0.958198161536721     
  0.676880000000000       0.958289406987501     
  0.676960000000000       0.958380652920722     
  0.677040000000000       0.958471899335690     
  0.677120000000000       0.958563146231318     
  0.677200000000000       0.958654393606999     
  0.677280000000000       0.958745641461558     
  0.677360000000000       0.958836889794276     
  0.677440000000000       0.958928138604260     
  0.677520000000000       0.959019387890551     
  0.677600000000000       0.959110637652356     
  0.677680000000000       0.959201887888788     
  0.677760000000000       0.959293138599096     
  0.677840000000000       0.959384389782248     
  0.677920000000000       0.959475641437384     
  0.678000000000000       0.959566893563583     
  0.678080000000000       0.959658146159987     
  0.678160000000000       0.959749399225931     
  0.678240000000000       0.959840652760139     
  0.678320000000000       0.959931906762181     
  0.678400000000000       0.960023161230852     
  0.678480000000000       0.960114416165419     
  0.678560000000000       0.960205671565134     
  0.678640000000000       0.960296927428795     
  0.678720000000000       0.960388183755810     
  0.678800000000000       0.960479440545121     
  0.678880000000000       0.960570697795866     
  0.678960000000000       0.960661955507283     
  0.679040000000000       0.960753213678455     
  0.679120000000000       0.960844472308549     
  0.679200000000000       0.960935731396491     
  0.679280000000000       0.961026990941678     
  0.679360000000000       0.961118250943048     
  0.679440000000000       0.961209511399925     
  0.679520000000000       0.961300772311022     
  0.679600000000000       0.961392033675950     
  0.679680000000000       0.961483295493449     
  0.679760000000000       0.961574557762871     
  0.679840000000000       0.961665820483287     
  0.679920000000000       0.961757083653962     
  0.680000000000000       0.961848347273681     
  0.680080000000000       0.961939611341826     
  0.680160000000000       0.962030875857353     
  0.680240000000000       0.962122140819585     
  0.680320000000000       0.962213406227621     
  0.680400000000000       0.962304672080286     
  0.680480000000000       0.962395938377192     
  0.680560000000000       0.962487205116995     
  0.680640000000000       0.962578472299217     
  0.680720000000000       0.962669739922561     
  0.680800000000000       0.962761007986591     
  0.680880000000000       0.962852276490023     
  0.680960000000000       0.962943545432451     
  0.681040000000000       0.963034814812390     
  0.681120000000000       0.963126084629576     
  0.681200000000000       0.963217354882699     
  0.681280000000000       0.963308625571167     
  0.681360000000000       0.963399896693851     
  0.681440000000000       0.963491168250134     
  0.681520000000000       0.963582440239041     
  0.681600000000000       0.963673712659475     
  0.681680000000000       0.963764985510843     
  0.681760000000000       0.963856258792204     
  0.681840000000000       0.963947532502726     
  0.681920000000000       0.964038806641279     
  0.682000000000000       0.964130081207263     
  0.682080000000000       0.964221356199703     
  0.682160000000000       0.964312631617769     
  0.682240000000000       0.964403907460462     
  0.682320000000000       0.964495183726992     
  0.682400000000000       0.964586460416660     
  0.682480000000000       0.964677737528233     
  0.682560000000000       0.964769015061043     
  0.682640000000000       0.964860293014185     
  0.682720000000000       0.964951571386858     
  0.682800000000000       0.965042850178022     
  0.682880000000000       0.965134129386957     
  0.682960000000000       0.965225409012679     
  0.683040000000000       0.965316689054274     
  0.683120000000000       0.965407969511122     
  0.683200000000000       0.965499250382070     
  0.683280000000000       0.965590531666274     
  0.683360000000000       0.965681813363146     
  0.683440000000000       0.965773095471371     
  0.683520000000000       0.965864377990363     
  0.683600000000000       0.965955660919152     
  0.683680000000000       0.966046944256934     
  0.683760000000000       0.966138228002770     
  0.683840000000000       0.966229512155785     
  0.683920000000000       0.966320796715152     
  0.684000000000000       0.966412081679941     
  0.684080000000000       0.966503367049154     
  0.684160000000000       0.966594652822273     
  0.684240000000000       0.966685938998087     
  0.684320000000000       0.966777225575981     
  0.684400000000000       0.966868512554726     
  0.684480000000000       0.966959799933665     
  0.684560000000000       0.967051087712084     
  0.684640000000000       0.967142375888856     
  0.684720000000000       0.967233664463094     
  0.684800000000000       0.967324953434269     
  0.684880000000000       0.967416242800983     
  0.684960000000000       0.967507532562709     
  0.685040000000000       0.967598822718516     
  0.685120000000000       0.967690113267478     
  0.685200000000000       0.967781404208683     
  0.685280000000000       0.967872695541370     
  0.685360000000000       0.967963987264545     
  0.685440000000000       0.968055279377476     
  0.685520000000000       0.968146571879223     
  0.685600000000000       0.968237864768773     
  0.685680000000000       0.968329158045440     
  0.685760000000000       0.968420451708340     
  0.685840000000000       0.968511745756461     
  0.685920000000000       0.968603040188931     
  0.686000000000000       0.968694335005009     
  0.686080000000000       0.968785630203698     
  0.686160000000000       0.968876925784267     
  0.686240000000000       0.968968221745676     
  0.686320000000000       0.969059518087157     
  0.686400000000000       0.969150814807739     
  0.686480000000000       0.969242111906694     
  0.686560000000000       0.969333409382912     
  0.686640000000000       0.969424707235791     
  0.686720000000000       0.969516005464179     
  0.686800000000000       0.969607304067618     
  0.686880000000000       0.969698603044797     
  0.686960000000000       0.969789902394917     
  0.687040000000000       0.969881202117210     
  0.687120000000000       0.969972502210763     
  0.687200000000000       0.970063802674806     
  0.687280000000000       0.970155103508412     
  0.687360000000000       0.970246404710615     
  0.687440000000000       0.970337706280486     
  0.687520000000000       0.970429008217384     
  0.687600000000000       0.970520310520157     
  0.687680000000000       0.970611613188146     
  0.687760000000000       0.970702916220445     
  0.687840000000000       0.970794219616037     
  0.687920000000000       0.970885523374184     
  0.688000000000000       0.970976827493917     
  0.688080000000000       0.971068131974410     
  0.688160000000000       0.971159436814909     
  0.688240000000000       0.971250742014288     
  0.688320000000000       0.971342047571877     
  0.688400000000000       0.971433353486667     
  0.688480000000000       0.971524659757860     
  0.688560000000000       0.971615966384502     
  0.688640000000000       0.971707273365883     
  0.688720000000000       0.971798580700832     
  0.688800000000000       0.971889888388754     
  0.688880000000000       0.971981196428710     
  0.688960000000000       0.972072504819729     
  0.689040000000000       0.972163813561046     
  0.689120000000000       0.972255122651607     
  0.689200000000000       0.972346432090801     
  0.689280000000000       0.972437741877486     
  0.689360000000000       0.972529052010971     
  0.689440000000000       0.972620362490268     
  0.689520000000000       0.972711673314628     
  0.689600000000000       0.972802984483095     
  0.689680000000000       0.972894295994716     
  0.689760000000000       0.972985607848724     
  0.689840000000000       0.973076920044225     
  0.689920000000000       0.973168232580349     
  0.690000000000000       0.973259545456258     
  0.690080000000000       0.973350858670814     
  0.690160000000000       0.973442172223518     
  0.690240000000000       0.973533486113306     
  0.690320000000000       0.973624800339126     
  0.690400000000000       0.973716114900565     
  0.690480000000000       0.973807429796243     
  0.690560000000000       0.973898745025722     
  0.690640000000000       0.973990060587748     
  0.690720000000000       0.974081376481799     
  0.690800000000000       0.974172692706607     
  0.690880000000000       0.974264009261620     
  0.690960000000000       0.974355326145742     
  0.691040000000000       0.974446643358278     
  0.691120000000000       0.974537960898349     
  0.691200000000000       0.974629278764886     
  0.691280000000000       0.974720596957081     
  0.691360000000000       0.974811915474237     
  0.691440000000000       0.974903234315163     
  0.691520000000000       0.974994553479275     
  0.691600000000000       0.975085872965680     
  0.691680000000000       0.975177192773382     
  0.691760000000000       0.975268512901473     
  0.691840000000000       0.975359833349072     
  0.691920000000000       0.975451154115443     
  0.692000000000000       0.975542475199488     
  0.692080000000000       0.975633796600560     
  0.692160000000000       0.975725118317789     
  0.692240000000000       0.975816440350141     
  0.692320000000000       0.975907762696777     
  0.692400000000000       0.975999085356890     
  0.692480000000000       0.976090408329654     
  0.692560000000000       0.976181731613794     
  0.692640000000000       0.976273055209070     
  0.692720000000000       0.976364379114073     
  0.692800000000000       0.976455703328295     
  0.692880000000000       0.976547027850517     
  0.692960000000000       0.976638352680071     
  0.693040000000000       0.976729677816077     
  0.693120000000000       0.976821003257699     
  0.693200000000000       0.976912329003900     
  0.693280000000000       0.977003655053959     
  0.693360000000000       0.977094981406854     
  0.693440000000000       0.977186308061974     
  0.693520000000000       0.977277635017903     
  0.693600000000000       0.977368962274454     
  0.693680000000000       0.977460289830271     
  0.693760000000000       0.977551617684540     
  0.693840000000000       0.977642945836627     
  0.693920000000000       0.977734274285525     
  0.694000000000000       0.977825603030168     
  0.694080000000000       0.977916932069851     
  0.694160000000000       0.978008261403751     
  0.694240000000000       0.978099591030902     
  0.694320000000000       0.978190920950543     
  0.694400000000000       0.978282251161594     
  0.694480000000000       0.978373581663418     
  0.694560000000000       0.978464912454795     
  0.694640000000000       0.978556243535219     
  0.694720000000000       0.978647574903667     
  0.694800000000000       0.978738906559218     
  0.694880000000000       0.978830238500940     
  0.694960000000000       0.978921570728108     
  0.695040000000000       0.979012903239830     
  0.695120000000000       0.979104236035259     
  0.695200000000000       0.979195569113244     
  0.695280000000000       0.979286902473150     
  0.695360000000000       0.979378236114127     
  0.695440000000000       0.979469570035312     
  0.695520000000000       0.979560904235558     
  0.695600000000000       0.979652238714298     
  0.695680000000000       0.979743573470557     
  0.695760000000000       0.979834908503314     
  0.695840000000000       0.979926243811904     
  0.695920000000000       0.980017579395424     
  0.696000000000000       0.980108915252823     
  0.696080000000000       0.980200251383309     
  0.696160000000000       0.980291587786006     
  0.696240000000000       0.980382924460251     
  0.696320000000000       0.980474261404795     
  0.696400000000000       0.980565598619060     
  0.696480000000000       0.980656936101986     
  0.696560000000000       0.980748273852779     
  0.696640000000000       0.980839611870477     
  0.696720000000000       0.980930950154374     
  0.696800000000000       0.981022288703552     
  0.696880000000000       0.981113627517032     
  0.696960000000000       0.981204966593955     
  0.697040000000000       0.981296305933425     
  0.697120000000000       0.981387645534614     
  0.697200000000000       0.981478985396727     
  0.697280000000000       0.981570325518788     
  0.697360000000000       0.981661665899864     
  0.697440000000000       0.981753006539151     
  0.697520000000000       0.981844347435758     
  0.697600000000000       0.981935688588937     
  0.697680000000000       0.982027029997653     
  0.697760000000000       0.982118371661017     
  0.697840000000000       0.982209713578269     
  0.697920000000000       0.982301055748359     
  0.698000000000000       0.982392398170639     
  0.698080000000000       0.982483740844051     
  0.698160000000000       0.982575083767886     
  0.698240000000000       0.982666426941114     
  0.698320000000000       0.982757770362957     
  0.698400000000000       0.982849114032329     
  0.698480000000000       0.982940457948565     
  0.698560000000000       0.983031802110776     
  0.698640000000000       0.983123146518031     
  0.698720000000000       0.983214491169438     
  0.698800000000000       0.983305836064264     
  0.698880000000000       0.983397181201521     
  0.698960000000000       0.983488526580078     
  0.699040000000000       0.983579872199556     
  0.699120000000000       0.983671218058852     
  0.699200000000000       0.983762564156951     
  0.699280000000000       0.983853910493133     
  0.699360000000000       0.983945257066351     
  0.699440000000000       0.984036603876117     
  0.699520000000000       0.984127950921155     
  0.699600000000000       0.984219298200776     
  0.699680000000000       0.984310645713964     
  0.699760000000000       0.984401993459999     
  0.699840000000000       0.984493341437979     
  0.699920000000000       0.984584689646886     
  0.700000000000000       0.984676038086145     
  0.700080000000000       0.984767386754498     
  0.700160000000000       0.984858735651425     
  0.700240000000000       0.984950084775668     
  0.700320000000000       0.985041434126723     
  0.700400000000000       0.985132783703430     
  0.700480000000000       0.985224133505030     
  0.700560000000000       0.985315483530674     
  0.700640000000000       0.985406833779506     
  0.700720000000000       0.985498184250595     
  0.700800000000000       0.985589534943007     
  0.700880000000000       0.985680885856027     
  0.700960000000000       0.985772236988580     
  0.701040000000000       0.985863588339949     
  0.701120000000000       0.985954939909233     
  0.701200000000000       0.986046291695446     
  0.701280000000000       0.986137643697866     
  0.701360000000000       0.986228995915452     
  0.701440000000000       0.986320348347416     
  0.701520000000000       0.986411700992967     
  0.701600000000000       0.986503053851050     
  0.701680000000000       0.986594406920890     
  0.701760000000000       0.986685760201612     
  0.701840000000000       0.986777113692289     
  0.701920000000000       0.986868467392159     
  0.702000000000000       0.986959821300221     
  0.702080000000000       0.987051175415488     
  0.702160000000000       0.987142529737359     
  0.702240000000000       0.987233884264932     
  0.702320000000000       0.987325238997134     
  0.702400000000000       0.987416593933218     
  0.702480000000000       0.987507949072216     
  0.702560000000000       0.987599304413425     
  0.702640000000000       0.987690659955783     
  0.702720000000000       0.987782015698565     
  0.702800000000000       0.987873371640682     
  0.702880000000000       0.987964727781462     
  0.702960000000000       0.988056084119874     
  0.703040000000000       0.988147440655220     
  0.703120000000000       0.988238797386510     
  0.703200000000000       0.988330154312760     
  0.703280000000000       0.988421511433436     
  0.703360000000000       0.988512868747302     
  0.703440000000000       0.988604226253692     
  0.703520000000000       0.988695583951598     
  0.703600000000000       0.988786941840201     
  0.703680000000000       0.988878299918745     
  0.703760000000000       0.988969658186056     
  0.703840000000000       0.989061016641408     
  0.703920000000000       0.989152375284099     
  0.704000000000000       0.989243734113041     
  0.704080000000000       0.989335093127423     
  0.704160000000000       0.989426452326345     
  0.704240000000000       0.989517811709002     
  0.704320000000000       0.989609171274485     
  0.704400000000000       0.989700531021847     
  0.704480000000000       0.989791890950249     
  0.704560000000000       0.989883251058830     
  0.704640000000000       0.989974611346778     
  0.704720000000000       0.990065971813166     
  0.704800000000000       0.990157332456877     
  0.704880000000000       0.990248693277499     
  0.704960000000000       0.990340054273774     
  0.705040000000000       0.990431415445075     
  0.705120000000000       0.990522776790274     
  0.705200000000000       0.990614138308840     
  0.705280000000000       0.990705499999491     
  0.705360000000000       0.990796861861628     
  0.705440000000000       0.990888223894293     
  0.705520000000000       0.990979586096615     
  0.705600000000000       0.991070948467710     
  0.705680000000000       0.991162311006736     
  0.705760000000000       0.991253673712722     
  0.705840000000000       0.991345036584968     
  0.705920000000000       0.991436399622406     
  0.706000000000000       0.991527762824165     
  0.706080000000000       0.991619126189489     
  0.706160000000000       0.991710489717363     
  0.706240000000000       0.991801853407218     
  0.706320000000000       0.991893217257886     
  0.706400000000000       0.991984581268379     
  0.706480000000000       0.992075945438244     
  0.706560000000000       0.992167309766238     
  0.706640000000000       0.992258674251622     
  0.706720000000000       0.992350038893565     
  0.706800000000000       0.992441403691060     
  0.706880000000000       0.992532768643360     
  0.706960000000000       0.992624133749386     
  0.707040000000000       0.992715499008563     
  0.707120000000000       0.992806864419813     
  0.707200000000000       0.992898229982305     
  0.707280000000000       0.992989595695115     
  0.707360000000000       0.993080961557387     
  0.707440000000000       0.993172327568438     
  0.707520000000000       0.993263693726941     
  0.707600000000000       0.993355060032682     
  0.707680000000000       0.993446426484038     
  0.707760000000000       0.993537793080667     
  0.707840000000000       0.993629159821415     
  0.707920000000000       0.993720526705597     
  0.708000000000000       0.993811893732387     
  0.708080000000000       0.993903260900562     
  0.708160000000000       0.993994628209479     
  0.708240000000000       0.994085995658243     
  0.708320000000000       0.994177363245967     
  0.708400000000000       0.994268730971772     
  0.708480000000000       0.994360098834804     
  0.708560000000000       0.994451466834232     
  0.708640000000000       0.994542834968965     
  0.708720000000000       0.994634203238418     
  0.708800000000000       0.994725571641578     
  0.708880000000000       0.994816940177479     
  0.708960000000000       0.994908308845238     
  0.709040000000000       0.994999677644201     
  0.709120000000000       0.995091046573442     
  0.709200000000000       0.995182415631923     
  0.709280000000000       0.995273784818703     
  0.709360000000000       0.995365154133159     
  0.709440000000000       0.995456523574292     
  0.709520000000000       0.995547893141320     
  0.709600000000000       0.995639262833121     
  0.709680000000000       0.995730632649011     
  0.709760000000000       0.995822002588206     
  0.709840000000000       0.995913372649471     
  0.709920000000000       0.996004742832279     
  0.710000000000000       0.996096113135577     
  0.710080000000000       0.996187483558767     
  0.710160000000000       0.996278854100600     
  0.710240000000000       0.996370224760248     
  0.710320000000000       0.996461595536977     
  0.710400000000000       0.996552966430042     
  0.710480000000000       0.996644337438280     
  0.710560000000000       0.996735708560922     
  0.710640000000000       0.996827079797102     
  0.710720000000000       0.996918451145925     
  0.710800000000000       0.997009822606452     
  0.710880000000000       0.997101194178000     
  0.710960000000000       0.997192565859478     
  0.711040000000000       0.997283937650186     
  0.711120000000000       0.997375309549060     
  0.711200000000000       0.997466681555474     
  0.711280000000000       0.997558053668221     
  0.711360000000000       0.997649425886790     
  0.711440000000000       0.997740798210002     
  0.711520000000000       0.997832170637173     
  0.711600000000000       0.997923543167269     
  0.711680000000000       0.998014915799421     
  0.711760000000000       0.998106288533007     
  0.711840000000000       0.998197661366875     
  0.711920000000000       0.998289034300385     
  0.712000000000000       0.998380407332289     
  0.712080000000000       0.998471780462104     
  0.712160000000000       0.998563153688751     
  0.712240000000000       0.998654527011308     
  0.712320000000000       0.998745900428948     
  0.712400000000000       0.998837273940995     
  0.712480000000000       0.998928647546309     
  0.712560000000000       0.999020021244113     
  0.712640000000000       0.999111395033638     
  0.712720000000000       0.999202768913778     
  0.712800000000000       0.999294142883666     
  0.712880000000000       0.999385516942738     
  0.712960000000000       0.999476891089727     
  0.713040000000000       0.999568265324026     
  0.713120000000000       0.999659639644684     
  0.713200000000000       0.999751014050849     
  0.713280000000000       0.999842388541513     
  0.713360000000000       0.999933763115941     
  0.713440000000000        1.00002513777322     
  0.713520000000000        1.00011651251240     
  0.713600000000000        1.00020788733264     
  0.713680000000000        1.00029926223317     
  0.713760000000000        1.00039063721299     
  0.713840000000000        1.00048201227127     
  0.713920000000000        1.00057338740709     
  0.714000000000000        1.00066476261969     
  0.714080000000000        1.00075613790815     
  0.714160000000000        1.00084751327136     
  0.714240000000000        1.00093888870890     
  0.714320000000000        1.00103026421945     
  0.714400000000000        1.00112163980241     
  0.714480000000000        1.00121301545668     
  0.714560000000000        1.00130439118149     
  0.714640000000000        1.00139576697616     
  0.714720000000000        1.00148714283944     
  0.714800000000000        1.00157851877082     
  0.714880000000000        1.00166989476913     
  0.714960000000000        1.00176127083365     
  0.715040000000000        1.00185264696353     
  0.715120000000000        1.00194402315770     
  0.715200000000000        1.00203539941552     
  0.715280000000000        1.00212677573606     
  0.715360000000000        1.00221815211825     
  0.715440000000000        1.00230952856148     
  0.715520000000000        1.00240090506458     
  0.715600000000000        1.00249228162705     
  0.715680000000000        1.00258365824776     
  0.715760000000000        1.00267503492581     
  0.715840000000000        1.00276641166028     
  0.715920000000000        1.00285778845050     
  0.716000000000000        1.00294916529559     
  0.716080000000000        1.00304054219444     
  0.716160000000000        1.00313191914646     
  0.716240000000000        1.00322329615038     
  0.716320000000000        1.00331467320582     
  0.716400000000000        1.00340605031147     
  0.716480000000000        1.00349742746678     
  0.716560000000000        1.00358880467054     
  0.716640000000000        1.00368018192231     
  0.716720000000000        1.00377155922083     
  0.716800000000000        1.00386293656533     
  0.716880000000000        1.00395431395497     
  0.716960000000000        1.00404569138880     
  0.717040000000000        1.00413706886614     
  0.717120000000000        1.00422844638593     
  0.717200000000000        1.00431982394729     
  0.717280000000000        1.00441120154942     
  0.717360000000000        1.00450257919147     
  0.717440000000000        1.00459395687248     
  0.717520000000000        1.00468533459155     
  0.717600000000000        1.00477671234782     
  0.717680000000000        1.00486809014051     
  0.717760000000000        1.00495946796867     
  0.717840000000000        1.00505084583154     
  0.717920000000000        1.00514222372802     
  0.718000000000000        1.00523360165745     
  0.718080000000000        1.00532497961877     
  0.718160000000000        1.00541635761128     
  0.718240000000000        1.00550773563395     
  0.718320000000000        1.00559911368574     
  0.718400000000000        1.00569049176622     
  0.718480000000000        1.00578186987429     
  0.718560000000000        1.00587324800908     
  0.718640000000000        1.00596462616976     
  0.718720000000000        1.00605600435527     
  0.718800000000000        1.00614738256492     
  0.718880000000000        1.00623876079773     
  0.718960000000000        1.00633013905302     
  0.719040000000000        1.00642151732956     
  0.719120000000000        1.00651289562670     
  0.719200000000000        1.00660427394352     
  0.719280000000000        1.00669565227934     
  0.719360000000000        1.00678703063302     
  0.719440000000000        1.00687840900380     
  0.719520000000000        1.00696978739074     
  0.719600000000000        1.00706116579288     
  0.719680000000000        1.00715254420948     
  0.719760000000000        1.00724392263981     
  0.719840000000000        1.00733530108272     
  0.719920000000000        1.00742667953746     
  0.720000000000000        1.00751805800305     
  0.720080000000000        1.00760943647875     
  0.720160000000000        1.00770081496358     
  0.720240000000000        1.00779219345671     
  0.720320000000000        1.00788357195735     
  0.720400000000000        1.00797495046439     
  0.720480000000000        1.00806632897716     
  0.720560000000000        1.00815770749476     
  0.720640000000000        1.00824908601633     
  0.720720000000000        1.00834046454083     
  0.720800000000000        1.00843184306751     
  0.720880000000000        1.00852322159543     
  0.720960000000000        1.00861460012377     
  0.721040000000000        1.00870597865171     
  0.721120000000000        1.00879735717824     
  0.721200000000000        1.00888873570269     
  0.721280000000000        1.00898011422378     
  0.721360000000000        1.00907149274104     
  0.721440000000000        1.00916287125346     
  0.721520000000000        1.00925424976009     
  0.721600000000000        1.00934562826010     
  0.721680000000000        1.00943700675276     
  0.721760000000000        1.00952838523691     
  0.721840000000000        1.00961976371182     
  0.721920000000000        1.00971114217672     
  0.722000000000000        1.00980252063057     
  0.722080000000000        1.00989389907249     
  0.722160000000000        1.00998527750187     
  0.722240000000000        1.01007665591734     
  0.722320000000000        1.01016803431844     
  0.722400000000000        1.01025941270416     
  0.722480000000000        1.01035079107355     
  0.722560000000000        1.01044216942598     
  0.722640000000000        1.01053354776023     
  0.722720000000000        1.01062492607569     
  0.722800000000000        1.01071630437136     
  0.722880000000000        1.01080768264641     
  0.722960000000000        1.01089906089984     
  0.723040000000000        1.01099043913095     
  0.723120000000000        1.01108181733880     
  0.723200000000000        1.01117319552247     
  0.723280000000000        1.01126457368124     
  0.723360000000000        1.01135595181396     
  0.723440000000000        1.01144732991993     
  0.723520000000000        1.01153870799832     
  0.723600000000000        1.01163008604816     
  0.723680000000000        1.01172146406854     
  0.723760000000000        1.01181284205854     
  0.723840000000000        1.01190422001753     
  0.723920000000000        1.01199559794454     
  0.724000000000000        1.01208697583845     
  0.724080000000000        1.01217835369871     
  0.724160000000000        1.01226973152431     
  0.724240000000000        1.01236110931417     
  0.724320000000000        1.01245248706775     
  0.724400000000000        1.01254386478396     
  0.724480000000000        1.01263524246219     
  0.724560000000000        1.01272662010113     
  0.724640000000000        1.01281799770019     
  0.724720000000000        1.01290937525859     
  0.724800000000000        1.01300075277520     
  0.724880000000000        1.01309213024928     
  0.724960000000000        1.01318350767990     
  0.725040000000000        1.01327488506612     
  0.725120000000000        1.01336626240723     
  0.725200000000000        1.01345763970225     
  0.725280000000000        1.01354901695042     
  0.725360000000000        1.01364039415061     
  0.725440000000000        1.01373177130215     
  0.725520000000000        1.01382314840415     
  0.725600000000000        1.01391452545578     
  0.725680000000000        1.01400590245590     
  0.725760000000000        1.01409727940389     
  0.725840000000000        1.01418865629887     
  0.725920000000000        1.01428003313990     
  0.726000000000000        1.01437140992589     
  0.726080000000000        1.01446278665644     
  0.726160000000000        1.01455416333017     
  0.726240000000000        1.01464553994655     
  0.726320000000000        1.01473691650459     
  0.726400000000000        1.01482829300335     
  0.726480000000000        1.01491966944210     
  0.726560000000000        1.01501104581976     
  0.726640000000000        1.01510242213570     
  0.726720000000000        1.01519379838877     
  0.726800000000000        1.01528517457835     
  0.726880000000000        1.01537655070347     
  0.726960000000000        1.01546792676309     
  0.727040000000000        1.01555930275657     
  0.727120000000000        1.01565067868290     
  0.727200000000000        1.01574205454140     
  0.727280000000000        1.01583343033084     
  0.727360000000000        1.01592480605063     
  0.727440000000000        1.01601618169971     
  0.727520000000000        1.01610755727746     
  0.727600000000000        1.01619893278272     
  0.727680000000000        1.01629030821471     
  0.727760000000000        1.01638168357263     
  0.727840000000000        1.01647305885552     
  0.727920000000000        1.01656443406253     
  0.728000000000000        1.01665580919278     
  0.728080000000000        1.01674718424554     
  0.728160000000000        1.01683855921964     
  0.728240000000000        1.01692993411435     
  0.728320000000000        1.01702130892885     
  0.728400000000000        1.01711268366227     
  0.728480000000000        1.01720405831354     
  0.728560000000000        1.01729543288204     
  0.728640000000000        1.01738680736665     
  0.728720000000000        1.01747818176672     
  0.728800000000000        1.01756955608108     
  0.728880000000000        1.01766093030927     
  0.728960000000000        1.01775230445013     
  0.729040000000000        1.01784367850285     
  0.729120000000000        1.01793505246634     
  0.729200000000000        1.01802642634015     
  0.729280000000000        1.01811780012314     
  0.729360000000000        1.01820917381445     
  0.729440000000000        1.01830054741323     
  0.729520000000000        1.01839192091866     
  0.729600000000000        1.01848329432970     
  0.729680000000000        1.01857466764549     
  0.729760000000000        1.01866604086543     
  0.729840000000000        1.01875741398828     
  0.729920000000000        1.01884878701343     
  0.730000000000000        1.01894015993984     
  0.730080000000000        1.01903153276684     
  0.730160000000000        1.01912290549329     
  0.730240000000000        1.01921427811857     
  0.730320000000000        1.01930565064155     
  0.730400000000000        1.01939702306146     
  0.730480000000000        1.01948839537742     
  0.730560000000000        1.01957976758871     
  0.730640000000000        1.01967113969424     
  0.730720000000000        1.01976251169316     
  0.730800000000000        1.01985388358479     
  0.730880000000000        1.01994525536789     
  0.730960000000000        1.02003662704187     
  0.731040000000000        1.02012799860588     
  0.731120000000000        1.02021937005882     
  0.731200000000000        1.02031074140002     
  0.731280000000000        1.02040211262853     
  0.731360000000000        1.02049348374355     
  0.731440000000000        1.02058485474394     
  0.731520000000000        1.02067622562906     
  0.731600000000000        1.02076759639791     
  0.731680000000000        1.02085896704971     
  0.731760000000000        1.02095033758367     
  0.731840000000000        1.02104170799871     
  0.731920000000000        1.02113307829404     
  0.732000000000000        1.02122444846878     
  0.732080000000000        1.02131581852216     
  0.732160000000000        1.02140718845300     
  0.732240000000000        1.02149855826070     
  0.732320000000000        1.02158992794442     
  0.732400000000000        1.02168129750306     
  0.732480000000000        1.02177266693574     
  0.732560000000000        1.02186403624186     
  0.732640000000000        1.02195540542046     
  0.732720000000000        1.02204677447038     
  0.732800000000000        1.02213814339114     
  0.732880000000000        1.02222951218148     
  0.732960000000000        1.02232088084093     
  0.733040000000000        1.02241224936815     
  0.733120000000000        1.02250361776275     
  0.733200000000000        1.02259498602344     
  0.733280000000000        1.02268635414959     
  0.733360000000000        1.02277772214007     
  0.733440000000000        1.02286908999438     
  0.733520000000000        1.02296045771142     
  0.733600000000000        1.02305182529036     
  0.733680000000000        1.02314319273027     
  0.733760000000000        1.02323456003030     
  0.733840000000000        1.02332592718957     
  0.733920000000000        1.02341729420720     
  0.734000000000000        1.02350866108253     
  0.734080000000000        1.02360002781419     
  0.734160000000000        1.02369139440169     
  0.734240000000000        1.02378276084421     
  0.734320000000000        1.02387412714062     
  0.734400000000000        1.02396549329007     
  0.734480000000000        1.02405685929189     
  0.734560000000000        1.02414822514486     
  0.734640000000000        1.02423959084849     
  0.734720000000000        1.02433095640180     
  0.734800000000000        1.02442232180368     
  0.734880000000000        1.02451368705348     
  0.734960000000000        1.02460505215026     
  0.735040000000000        1.02469641709317     
  0.735120000000000        1.02478778188128     
  0.735200000000000        1.02487914651365     
  0.735280000000000        1.02497051098966     
  0.735360000000000        1.02506187530825     
  0.735440000000000        1.02515323946845     
  0.735520000000000        1.02524460346954     
  0.735600000000000        1.02533596731062     
  0.735680000000000        1.02542733099082     
  0.735760000000000        1.02551869450922     
  0.735840000000000        1.02561005786491     
  0.735920000000000        1.02570142105716     
  0.736000000000000        1.02579278408492     
  0.736080000000000        1.02588414694745     
  0.736160000000000        1.02597550964368     
  0.736240000000000        1.02606687217290     
  0.736320000000000        1.02615823453442     
  0.736400000000000        1.02624959672696     
  0.736480000000000        1.02634095874972     
  0.736560000000000        1.02643232060208     
  0.736640000000000        1.02652368228310     
  0.736720000000000        1.02661504379176     
  0.736800000000000        1.02670640512722     
  0.736880000000000        1.02679776628856     
  0.736960000000000        1.02688912727495     
  0.737040000000000        1.02698048808561     
  0.737120000000000        1.02707184871968     
  0.737200000000000        1.02716320917610     
  0.737280000000000        1.02725456945397     
  0.737360000000000        1.02734592955272     
  0.737440000000000        1.02743728947122     
  0.737520000000000        1.02752864920867     
  0.737600000000000        1.02762000876406     
  0.737680000000000        1.02771136813670     
  0.737760000000000        1.02780272732576     
  0.737840000000000        1.02789408633013     
  0.737920000000000        1.02798544514907     
  0.738000000000000        1.02807680378174     
  0.738080000000000        1.02816816222712     
  0.738160000000000        1.02825952048457     
  0.738240000000000        1.02835087855295     
  0.738320000000000        1.02844223643158     
  0.738400000000000        1.02853359411949     
  0.738480000000000        1.02862495161576     
  0.738560000000000        1.02871630891958     
  0.738640000000000        1.02880766603004     
  0.738720000000000        1.02889902294641     
  0.738800000000000        1.02899037966763     
  0.738880000000000        1.02908173619279     
  0.738960000000000        1.02917309252126     
  0.739040000000000        1.02926444865205     
  0.739120000000000        1.02935580458420     
  0.739200000000000        1.02944716031684     
  0.739280000000000        1.02953851584908     
  0.739360000000000        1.02962987118028     
  0.739440000000000        1.02972122630930     
  0.739520000000000        1.02981258123529     
  0.739600000000000        1.02990393595750     
  0.739680000000000        1.02999529047494     
  0.739760000000000        1.03008664478676     
  0.739840000000000        1.03017799889227     
  0.739920000000000        1.03026935279020     
