1.0308E+00 1.0293E+00 0.1397
9.8620E-01 9.8836E-01 0.2182
1.0348E+00 1.0342E+00 0.0493
1.0188E+00 1.0205E+00 0.1691
1.0256E+00 1.0260E+00 0.0438
1.0060E+00 1.0081E+00 0.2032
1.0222E+00 1.0205E+00 0.1655
1.0274E+00 1.0271E+00 0.0277
1.0504E+00 1.0505E+00 0.0079
1.0319E+00 1.0330E+00 0.1095
1.0065E+00 1.0060E+00 0.0550
9.9352E-01 9.9373E-01 0.0216
9.7876E-01 9.7805E-01 0.0733
1.0181E+00 1.0181E+00 0.0001
1.0397E+00 1.0394E+00 0.0308
9.9320E-01 9.9380E-01 0.0598
1.0276E+00 1.0277E+00 0.0100
1.0299E+00 1.0296E+00 0.0329
9.9248E-01 9.9246E-01 0.0020
1.0089E+00 1.0064E+00 0.2498
9.8847E-01 9.8567E-01 0.2844
1.0302E+00 1.0299E+00 0.0199
1.0036E+00 1.0043E+00 0.0719
1.0286E+00 1.0284E+00 0.0214
9.7904E-01 9.8074E-01 0.1733
1.0165E+00 1.0162E+00 0.0309
1.0110E+00 1.0118E+00 0.0798
1.0311E+00 1.0308E+00 0.0290
9.7921E-01 9.7659E-01 0.2685
1.0227E+00 1.0213E+00 0.1421
1.0419E+00 1.0419E+00 0.0010
1.0331E+00 1.0330E+00 0.0088
9.8031E-01 9.7830E-01 0.2056
1.0141E+00 1.0096E+00 0.4415
9.7354E-01 9.7353E-01 0.0009
1.0040E+00 1.0039E+00 0.0028
1.0193E+00 1.0193E+00 0.0024
1.0202E+00 1.0200E+00 0.0192
9.8156E-01 9.8165E-01 0.0089
1.0404E+00 1.0409E+00 0.0499
1.0038E+00 1.0037E+00 0.0141
1.0043E+00 1.0001E+00 0.4143
9.5147E-01 9.5016E-01 0.1379
1.0161E+00 1.0157E+00 0.0378
1.0025E+00 1.0024E+00 0.0157
1.0345E+00 1.0347E+00 0.0173
1.0415E+00 1.0416E+00 0.0092
1.0019E+00 1.0016E+00 0.0346
1.0050E+00 1.0050E+00 0.0006
9.8510E-01 9.8531E-01 0.0219
9.7271E-01 9.7300E-01 0.0298
9.7986E-01 9.7990E-01 0.0045
1.0274E+00 1.0275E+00 0.0058
1.0270E+00 1.0273E+00 0.0279
9.9414E-01 9.9461E-01 0.0478
1.0150E+00 1.0152E+00 0.0182
1.0268E+00 1.0261E+00 0.0719
1.0108E+00 1.0107E+00 0.0058
1.0254E+00 1.0247E+00 0.0710
1.0071E+00 1.0090E+00 0.1900
9.7743E-01 9.7682E-01 0.0627
1.0198E+00 1.0201E+00 0.0268
9.8889E-01 9.8934E-01 0.0454
9.9418E-01 9.9411E-01 0.0066
1.0446E+00 1.0450E+00 0.0385
1.0258E+00 1.0256E+00 0.0187
1.0428E+00 1.0437E+00 0.0863
9.9421E-01 9.9449E-01 0.0278
1.0041E+00 1.0045E+00 0.0346
1.0161E+00 1.0161E+00 0.0034
1.0034E+00 1.0038E+00 0.0366
9.7437E-01 9.7554E-01 0.1199
9.9749E-01 9.9687E-01 0.0618
9.8419E-01 9.8592E-01 0.1750
1.0198E+00 1.0200E+00 0.0109
1.0173E+00 1.0170E+00 0.0307
1.0016E+00 1.0013E+00 0.0311
9.9169E-01 9.9182E-01 0.0124
9.7008E-01 9.7049E-01 0.0421
1.0309E+00 1.0310E+00 0.0141
9.6828E-01 9.6856E-01 0.0294
9.9099E-01 9.9271E-01 0.1734
1.0319E+00 1.0325E+00 0.0584
9.6864E-01 9.6863E-01 0.0013
1.0234E+00 1.0235E+00 0.0085
1.0336E+00 1.0342E+00 0.0616
1.0154E+00 1.0153E+00 0.0143
1.0142E+00 1.0137E+00 0.0515
9.8102E-01 9.8136E-01 0.0344
1.0463E+00 1.0481E+00 0.1773
1.0087E+00 1.0081E+00 0.0563
9.7613E-01 9.7737E-01 0.1270
9.9062E-01 9.9071E-01 0.0089
9.7235E-01 9.7232E-01 0.0029
9.7185E-01 9.7166E-01 0.0192
9.6272E-01 9.6419E-01 0.1528
1.0200E+00 1.0204E+00 0.0380
1.0323E+00 1.0321E+00 0.0127
9.7840E-01 9.7886E-01 0.0474
9.6216E-01 9.6240E-01 0.0258
1.0436E+00 1.0440E+00 0.0340
9.9427E-01 9.9573E-01 0.1475
9.9765E-01 9.9720E-01 0.0455
9.9141E-01 9.9294E-01 0.1534
9.9994E-01 9.9980E-01 0.0136
9.7955E-01 9.7955E-01 0.0002
1.0070E+00 1.0070E+00 0.0004
1.0197E+00 1.0201E+00 0.0322
9.7419E-01 9.7477E-01 0.0590
1.0176E+00 1.0171E+00 0.0498
1.0286E+00 1.0293E+00 0.0714
1.0210E+00 1.0209E+00 0.0103
9.6858E-01 9.6841E-01 0.0178
1.0332E+00 1.0338E+00 0.0544
9.7287E-01 9.7305E-01 0.0183
9.8528E-01 9.8476E-01 0.0521
1.0138E+00 1.0135E+00 0.0298
1.0246E+00 1.0250E+00 0.0328
9.9958E-01 1.0006E+00 0.1044
9.7437E-01 9.7596E-01 0.1630
1.0249E+00 1.0247E+00 0.0135
1.0198E+00 1.0198E+00 0.0012
9.6713E-01 9.6685E-01 0.0287
1.0207E+00 1.0201E+00 0.0548
9.9452E-01 9.9449E-01 0.0030
1.0041E+00 1.0037E+00 0.0449
9.6642E-01 9.6602E-01 0.0418
9.6201E-01 9.6163E-01 0.0396
9.7992E-01 9.8035E-01 0.0436
1.0340E+00 1.0341E+00 0.0146
9.8115E-01 9.8098E-01 0.0172
1.0125E+00 1.0133E+00 0.0755
1.0391E+00 1.0387E+00 0.0408
1.0477E+00 1.0491E+00 0.1359
9.8413E-01 9.8314E-01 0.1006
9.5994E-01 9.6069E-01 0.0785
9.8941E-01 9.8915E-01 0.0257
9.9997E-01 1.0003E+00 0.0323
9.6597E-01 9.6638E-01 0.0416
1.0120E+00 1.0120E+00 0.0001
9.9229E-01 9.9260E-01 0.0315
9.8284E-01 9.8310E-01 0.0268
1.0303E+00 1.0309E+00 0.0610
9.9637E-01 9.9669E-01 0.0323
9.9055E-01 9.9104E-01 0.0501
9.8997E-01 9.8975E-01 0.0228
1.0213E+00 1.0209E+00 0.0353
9.5928E-01 9.5929E-01 0.0006
1.0503E+00 1.0499E+00 0.0403
1.0421E+00 1.0421E+00 0.0034
9.7423E-01 9.7199E-01 0.2307
1.0345E+00 1.0307E+00 0.3661
9.9473E-01 9.9477E-01 0.0036
1.0192E+00 1.0198E+00 0.0610
9.7451E-01 9.7431E-01 0.0205
1.0400E+00 1.0403E+00 0.0246
1.0130E+00 1.0131E+00 0.0064
1.0420E+00 1.0424E+00 0.0315
1.0238E+00 1.0238E+00 0.0016
9.8195E-01 9.7879E-01 0.3229
9.8013E-01 9.7733E-01 0.2861
9.8574E-01 9.8641E-01 0.0684
9.9477E-01 9.9388E-01 0.0894
1.0287E+00 1.0253E+00 0.3284
1.0133E+00 1.0103E+00 0.2941
9.7825E-01 9.7839E-01 0.0151
1.0159E+00 1.0157E+00 0.0142
9.7661E-01 9.7661E-01 0.0001
1.0012E+00 1.0022E+00 0.1023
9.7566E-01 9.7536E-01 0.0311
9.5066E-01 9.5313E-01 0.2583
1.0345E+00 1.0338E+00 0.0682
9.6768E-01 9.6536E-01 0.2410
9.7207E-01 9.7045E-01 0.1662
1.0509E+00 1.0501E+00 0.0813
1.0096E+00 1.0089E+00 0.0710
1.0478E+00 1.0479E+00 0.0101
1.0071E+00 1.0071E+00 0.0007
1.0368E+00 1.0364E+00 0.0406
9.6024E-01 9.5963E-01 0.0629
1.0026E+00 1.0019E+00 0.0747
9.7090E-01 9.7095E-01 0.0052
1.0085E+00 1.0085E+00 0.0091
1.0010E+00 1.0010E+00 0.0013
9.7360E-01 9.7359E-01 0.0004
9.8977E-01 9.8787E-01 0.1925
1.0222E+00 1.0215E+00 0.0669
1.0317E+00 1.0333E+00 0.1620
1.0359E+00 1.0357E+00 0.0250
1.0477E+00 1.0492E+00 0.1440
1.0315E+00 1.0321E+00 0.0591
1.0461E+00 1.0476E+00 0.1462
9.7486E-01 9.7371E-01 0.1179
