  0.660000000000000       8.208092555637600E-002
  0.660080000000000       8.208304959132925E-002
  0.660160000000000       8.208517372804355E-002
  0.660240000000000       8.208729796740952E-002
  0.660320000000000       8.208942230878766E-002
  0.660400000000000       8.209154675218330E-002
  0.660480000000000       8.209367129756315E-002
  0.660560000000000       8.209579594515967E-002
  0.660640000000000       8.209792069515584E-002
  0.660720000000000       8.210004554679715E-002
  0.660800000000000       8.210217050054477E-002
  0.660880000000000       8.210429555623808E-002
  0.660960000000000       8.210642071380445E-002
  0.661040000000000       8.210854597360703E-002
  0.661120000000000       8.211067133507818E-002
  0.661200000000000       8.211279679844016E-002
  0.661280000000000       8.211492236412163E-002
  0.661360000000000       8.211704803152373E-002
  0.661440000000000       8.211917380054587E-002
  0.661520000000000       8.212129967165446E-002
  0.661600000000000       8.212342564458294E-002
  0.661680000000000       8.212555171913670E-002
  0.661760000000000       8.212767789544582E-002
  0.661840000000000       8.212980417375314E-002
  0.661920000000000       8.213193055349431E-002
  0.662000000000000       8.213405703516762E-002
  0.662080000000000       8.213618361830953E-002
  0.662160000000000       8.213831030347161E-002
  0.662240000000000       8.214043708996174E-002
  0.662320000000000       8.214256397815098E-002
  0.662400000000000       8.214469096829644E-002
  0.662480000000000       8.214681805968579E-002
  0.662560000000000       8.214894525259528E-002
  0.662640000000000       8.215107254744400E-002
  0.662720000000000       8.215319994342915E-002
  0.662800000000000       8.215532744130358E-002
  0.662880000000000       8.215745504021141E-002
  0.662960000000000       8.215958274100774E-002
  0.663040000000000       8.216171054325480E-002
  0.663120000000000       8.216383844660244E-002
  0.663200000000000       8.216596645165605E-002
  0.663280000000000       8.216809455789229E-002
  0.663360000000000       8.217022276584815E-002
  0.663440000000000       8.217235107473472E-002
  0.663520000000000       8.217447948519216E-002
  0.663600000000000       8.217660799702994E-002
  0.663680000000000       8.217873661003625E-002
  0.663760000000000       8.218086532421373E-002
  0.663840000000000       8.218299414014893E-002
  0.663920000000000       8.218512305670830E-002
  0.664000000000000       8.218725207469245E-002
  0.664080000000000       8.218938119393492E-002
  0.664160000000000       8.219151041430371E-002
  0.664240000000000       8.219363973590631E-002
  0.664320000000000       8.219576915861736E-002
  0.664400000000000       8.219789868232617E-002
  0.664480000000000       8.220002830734650E-002
  0.664560000000000       8.220215803302276E-002
  0.664640000000000       8.220428786011567E-002
  0.664720000000000       8.220641778822223E-002
  0.664800000000000       8.220854781731034E-002
  0.664880000000000       8.221067794735669E-002
  0.664960000000000       8.221280817845432E-002
  0.665040000000000       8.221493851055871E-002
  0.665120000000000       8.221706894326695E-002
  0.665200000000000       8.221919947720734E-002
  0.665280000000000       8.222133011178266E-002
  0.665360000000000       8.222346084743325E-002
  0.665440000000000       8.222559168398001E-002
  0.665520000000000       8.222772262120391E-002
  0.665600000000000       8.222985365912870E-002
  0.665680000000000       8.223198479819803E-002
  0.665760000000000       8.223411603768670E-002
  0.665840000000000       8.223624737816924E-002
  0.665920000000000       8.223837881929640E-002
  0.666000000000000       8.224051036131384E-002
  0.666080000000000       8.224264200371877E-002
  0.666160000000000       8.224477374681681E-002
  0.666240000000000       8.224690559084867E-002
  0.666320000000000       8.224903753542333E-002
  0.666400000000000       8.225116958055477E-002
  0.666480000000000       8.225330172617161E-002
  0.666560000000000       8.225543397250389E-002
  0.666640000000000       8.225756631922264E-002
  0.666720000000000       8.225969876668503E-002
  0.666800000000000       8.226183131446328E-002
  0.666880000000000       8.226396396273127E-002
  0.666960000000000       8.226609671166062E-002
  0.667040000000000       8.226822956085898E-002
  0.667120000000000       8.227036251054563E-002
  0.667200000000000       8.227249556082304E-002
  0.667280000000000       8.227462871129664E-002
  0.667360000000000       8.227676196224375E-002
  0.667440000000000       8.227889531330411E-002
  0.667520000000000       8.228102876495756E-002
  0.667600000000000       8.228316231675446E-002
  0.667680000000000       8.228529596879196E-002
  0.667760000000000       8.228742972125778E-002
  0.667840000000000       8.228956357388605E-002
  0.667920000000000       8.229169752679753E-002
  0.668000000000000       8.229383157998503E-002
  0.668080000000000       8.229596573332874E-002
  0.668160000000000       8.229809998671388E-002
  0.668240000000000       8.230023434029941E-002
  0.668320000000000       8.230236879390494E-002
  0.668400000000000       8.230450334792459E-002
  0.668480000000000       8.230663800169689E-002
  0.668560000000000       8.230877275559000E-002
  0.668640000000000       8.231090760979019E-002
  0.668720000000000       8.231304256369697E-002
  0.668800000000000       8.231517761795591E-002
  0.668880000000000       8.231731277206199E-002
  0.668960000000000       8.231944802596823E-002
  0.669040000000000       8.232158337986793E-002
  0.669120000000000       8.232371883373323E-002
  0.669200000000000       8.232585438751681E-002
  0.669280000000000       8.232799004146495E-002
  0.669360000000000       8.233012579482289E-002
  0.669440000000000       8.233226164805706E-002
  0.669520000000000       8.233439760149307E-002
  0.669600000000000       8.233653365450498E-002
  0.669680000000000       8.233866980729120E-002
  0.669760000000000       8.234080605977100E-002
  0.669840000000000       8.234294241202210E-002
  0.669920000000000       8.234507886412588E-002
  0.670000000000000       8.234721541596267E-002
  0.670080000000000       8.234935206707604E-002
  0.670160000000000       8.235148881833286E-002
  0.670240000000000       8.235362566908787E-002
  0.670320000000000       8.235576261955356E-002
  0.670400000000000       8.235789966923933E-002
  0.670480000000000       8.236003681887093E-002
  0.670560000000000       8.236217406808320E-002
  0.670640000000000       8.236431141659471E-002
  0.670720000000000       8.236644886461174E-002
  0.670800000000000       8.236858641249965E-002
  0.670880000000000       8.237072405946798E-002
  0.670960000000000       8.237286180598367E-002
  0.671040000000000       8.237499965196170E-002
  0.671120000000000       8.237713759761699E-002
  0.671200000000000       8.237927564229529E-002
  0.671280000000000       8.238141378648488E-002
  0.671360000000000       8.238355203038526E-002
  0.671440000000000       8.238569037300124E-002
  0.671520000000000       8.238782881532568E-002
  0.671600000000000       8.238996735688152E-002
  0.671680000000000       8.239210599762535E-002
  0.671760000000000       8.239424473775946E-002
  0.671840000000000       8.239638357690902E-002
  0.671920000000000       8.239852251544520E-002
  0.672000000000000       8.240066155319813E-002
  0.672080000000000       8.240280069003202E-002
  0.672160000000000       8.240493992633856E-002
  0.672240000000000       8.240707926138956E-002
  0.672320000000000       8.240921869560468E-002
  0.672400000000000       8.241135822912381E-002
  0.672480000000000       8.241349786156470E-002
  0.672560000000000       8.241563759290647E-002
  0.672640000000000       8.241777742372845E-002
  0.672720000000000       8.241991735327679E-002
  0.672800000000000       8.242205738169615E-002
  0.672880000000000       8.242419750918382E-002
  0.672960000000000       8.242633773572637E-002
  0.673040000000000       8.242847806108665E-002
  0.673120000000000       8.243061848563614E-002
  0.673200000000000       8.243275900861356E-002
  0.673280000000000       8.243489963096394E-002
  0.673360000000000       8.243704035173570E-002
  0.673440000000000       8.243918117171055E-002
  0.673520000000000       8.244132209009268E-002
  0.673600000000000       8.244346310768434E-002
  0.673680000000000       8.244560422382406E-002
  0.673760000000000       8.244774543857201E-002
  0.673840000000000       8.244988675233576E-002
  0.673920000000000       8.245202816472029E-002
  0.674000000000000       8.245416967580653E-002
  0.674080000000000       8.245631128558238E-002
  0.674160000000000       8.245845299373532E-002
  0.674240000000000       8.246059480070966E-002
  0.674320000000000       8.246273670636371E-002
  0.674400000000000       8.246487871055629E-002
  0.674480000000000       8.246702081337719E-002
  0.674560000000000       8.246916301456764E-002
  0.674640000000000       8.247130531424096E-002
  0.674720000000000       8.247344771295539E-002
  0.674800000000000       8.247559020961082E-002
  0.674880000000000       8.247773280494086E-002
  0.674960000000000       8.247987549868951E-002
  0.675040000000000       8.248201829087209E-002
  0.675120000000000       8.248416118141910E-002
  0.675200000000000       8.248630417046310E-002
  0.675280000000000       8.248844725777882E-002
  0.675360000000000       8.249059044349016E-002
  0.675440000000000       8.249273372717503E-002
  0.675520000000000       8.249487710950520E-002
  0.675600000000000       8.249702059023034E-002
  0.675680000000000       8.249916416905323E-002
  0.675760000000000       8.250130784600918E-002
  0.675840000000000       8.250345162133554E-002
  0.675920000000000       8.250559549473757E-002
  0.676000000000000       8.250773946670509E-002
  0.676080000000000       8.250988353655997E-002
  0.676160000000000       8.251202770433330E-002
  0.676240000000000       8.251417197055855E-002
  0.676320000000000       8.251631633477741E-002
  0.676400000000000       8.251846079695879E-002
  0.676480000000000       8.252060535738370E-002
  0.676560000000000       8.252275001566434E-002
  0.676640000000000       8.252489477217340E-002
  0.676720000000000       8.252703962657393E-002
  0.676800000000000       8.252918457892600E-002
  0.676880000000000       8.253132962923970E-002
  0.676960000000000       8.253347477749584E-002
  0.677040000000000       8.253562002361536E-002
  0.677120000000000       8.253776536774782E-002
  0.677200000000000       8.253991080976542E-002
  0.677280000000000       8.254205634963130E-002
  0.677360000000000       8.254420198708623E-002
  0.677440000000000       8.254634772247704E-002
  0.677520000000000       8.254849355586624E-002
  0.677600000000000       8.255063948702379E-002
  0.677680000000000       8.255278551587308E-002
  0.677760000000000       8.255493164245165E-002
  0.677840000000000       8.255707786653133E-002
  0.677920000000000       8.255922418845962E-002
  0.678000000000000       8.256137060815516E-002
  0.678080000000000       8.256351712542365E-002
  0.678160000000000       8.256566374041352E-002
  0.678240000000000       8.256781045284045E-002
  0.678320000000000       8.256995726295757E-002
  0.678400000000000       8.257210417079985E-002
  0.678480000000000       8.257425117602979E-002
  0.678560000000000       8.257639827875063E-002
  0.678640000000000       8.257854547880095E-002
  0.678720000000000       8.258069277665536E-002
  0.678800000000000       8.258284017185724E-002
  0.678880000000000       8.258498766453326E-002
  0.678960000000000       8.258713525467298E-002
  0.679040000000000       8.258928294223633E-002
  0.679120000000000       8.259143072691466E-002
  0.679200000000000       8.259357860929140E-002
  0.679280000000000       8.259572658883785E-002
  0.679360000000000       8.259787466602220E-002
  0.679440000000000       8.260002283986934E-002
  0.679520000000000       8.260217111177093E-002
  0.679600000000000       8.260431948043268E-002
  0.679680000000000       8.260646794647497E-002
  0.679760000000000       8.260861650952889E-002
  0.679840000000000       8.261076517018695E-002
  0.679920000000000       8.261291392801939E-002
  0.680000000000000       8.261506278267594E-002
  0.680080000000000       8.261721173469971E-002
  0.680160000000000       8.261936078372456E-002
  0.680240000000000       8.262150992976891E-002
  0.680320000000000       8.262365917329006E-002
  0.680400000000000       8.262580851343349E-002
  0.680480000000000       8.262795795092948E-002
  0.680560000000000       8.263010748523447E-002
  0.680640000000000       8.263225711655953E-002
  0.680720000000000       8.263440684486312E-002
  0.680800000000000       8.263655667029723E-002
  0.680880000000000       8.263870659262984E-002
  0.680960000000000       8.264085661176779E-002
  0.681040000000000       8.264300672792479E-002
  0.681120000000000       8.264515694074936E-002
  0.681200000000000       8.264730725070490E-002
  0.681280000000000       8.264945765718301E-002
  0.681360000000000       8.265160816080708E-002
  0.681440000000000       8.265375876107994E-002
  0.681520000000000       8.265590945827983E-002
  0.681600000000000       8.265806025174383E-002
  0.681680000000000       8.266021114267175E-002
  0.681760000000000       8.266236212954980E-002
  0.681840000000000       8.266451321378643E-002
  0.681920000000000       8.266666439426218E-002
  0.682000000000000       8.266881567135587E-002
  0.682080000000000       8.267096704541022E-002
  0.682160000000000       8.267311851599335E-002
  0.682240000000000       8.267527008302245E-002
  0.682320000000000       8.267742174670889E-002
  0.682400000000000       8.267957350683297E-002
  0.682480000000000       8.268172536373886E-002
  0.682560000000000       8.268387731694926E-002
  0.682640000000000       8.268602936680491E-002
  0.682720000000000       8.268818151282542E-002
  0.682800000000000       8.269033375565615E-002
  0.682880000000000       8.269248609455593E-002
  0.682960000000000       8.269463853012082E-002
  0.683040000000000       8.269679106192362E-002
  0.683120000000000       8.269894369032282E-002
  0.683200000000000       8.270109641494972E-002
  0.683280000000000       8.270324923566685E-002
  0.683360000000000       8.270540215313404E-002
  0.683440000000000       8.270755516663153E-002
  0.683520000000000       8.270970827636404E-002
  0.683600000000000       8.271186148241227E-002
  0.683680000000000       8.271401478477292E-002
  0.683760000000000       8.271616818315786E-002
  0.683840000000000       8.271832167774984E-002
  0.683920000000000       8.272047526836412E-002
  0.684000000000000       8.272262895544724E-002
  0.684080000000000       8.272478273867856E-002
  0.684160000000000       8.272693661763530E-002
  0.684240000000000       8.272909059298128E-002
  0.684320000000000       8.273124466429760E-002
  0.684400000000000       8.273339883175579E-002
  0.684480000000000       8.273555309495373E-002
  0.684560000000000       8.273770745426368E-002
  0.684640000000000       8.273986190955285E-002
  0.684720000000000       8.274201646089496E-002
  0.684800000000000       8.274417110828247E-002
  0.684880000000000       8.274632585138819E-002
  0.684960000000000       8.274848069049412E-002
  0.685040000000000       8.275063562533191E-002
  0.685120000000000       8.275279065603180E-002
  0.685200000000000       8.275494578267162E-002
  0.685280000000000       8.275710100486933E-002
  0.685360000000000       8.275925632322878E-002
  0.685440000000000       8.276141173713958E-002
  0.685520000000000       8.276356724694656E-002
  0.685600000000000       8.276572285238826E-002
  0.685680000000000       8.276787855357370E-002
  0.685760000000000       8.277003435036157E-002
  0.685840000000000       8.277219024283911E-002
  0.685920000000000       8.277434623126645E-002
  0.686000000000000       8.277650231495615E-002
  0.686080000000000       8.277865849438437E-002
  0.686160000000000       8.278081476946397E-002
  0.686240000000000       8.278297113992250E-002
  0.686320000000000       8.278512760614465E-002
  0.686400000000000       8.278728416780490E-002
  0.686480000000000       8.278944082487671E-002
  0.686560000000000       8.279159757767186E-002
  0.686640000000000       8.279375442567051E-002
  0.686720000000000       8.279591136913601E-002
  0.686800000000000       8.279806840837213E-002
  0.686880000000000       8.280022554259982E-002
  0.686960000000000       8.280238277227660E-002
  0.687040000000000       8.280454009749895E-002
  0.687120000000000       8.280669751796411E-002
  0.687200000000000       8.280885503364356E-002
  0.687280000000000       8.281101264488912E-002
  0.687360000000000       8.281317035142123E-002
  0.687440000000000       8.281532815263638E-002
  0.687520000000000       8.281748604971263E-002
  0.687600000000000       8.281964404194754E-002
  0.687680000000000       8.282180212908509E-002
  0.687760000000000       8.282396031149820E-002
  0.687840000000000       8.282611858924106E-002
  0.687920000000000       8.282827696199037E-002
  0.688000000000000       8.283043542975989E-002
  0.688080000000000       8.283259399282696E-002
  0.688160000000000       8.283475265075636E-002
  0.688240000000000       8.283691140386386E-002
  0.688320000000000       8.283907025198713E-002
  0.688400000000000       8.284122919514959E-002
  0.688480000000000       8.284338823336003E-002
  0.688560000000000       8.284554736642448E-002
  0.688640000000000       8.284770659458575E-002
  0.688720000000000       8.284986591743095E-002
  0.688800000000000       8.285202533529502E-002
  0.688880000000000       8.285418484830277E-002
  0.688960000000000       8.285634445581148E-002
  0.689040000000000       8.285850415833797E-002
  0.689120000000000       8.286066395551363E-002
  0.689200000000000       8.286282384781153E-002
  0.689280000000000       8.286498383486975E-002
  0.689360000000000       8.286714391659002E-002
  0.689440000000000       8.286930409283290E-002
  0.689520000000000       8.287146436400307E-002
  0.689600000000000       8.287362472992600E-002
  0.689680000000000       8.287578519046802E-002
  0.689760000000000       8.287794574565101E-002
  0.689840000000000       8.288010639562306E-002
  0.689920000000000       8.288226713995440E-002
  0.690000000000000       8.288442797907382E-002
  0.690080000000000       8.288658891276103E-002
  0.690160000000000       8.288874994100771E-002
  0.690240000000000       8.289091106391390E-002
  0.690320000000000       8.289307228105026E-002
  0.690400000000000       8.289523359276864E-002
  0.690480000000000       8.289739499914052E-002
  0.690560000000000       8.289955649987958E-002
  0.690640000000000       8.290171809504455E-002
  0.690720000000000       8.290387978458748E-002
  0.690800000000000       8.290604156846605E-002
  0.690880000000000       8.290820344689843E-002
  0.690960000000000       8.291036541952314E-002
  0.691040000000000       8.291252748664348E-002
  0.691120000000000       8.291468964797678E-002
  0.691200000000000       8.291685190355737E-002
  0.691280000000000       8.291901425357241E-002
  0.691360000000000       8.292117669755540E-002
  0.691440000000000       8.292333923617014E-002
  0.691520000000000       8.292550186871651E-002
  0.691600000000000       8.292766459558655E-002
  0.691680000000000       8.292982741645440E-002
  0.691760000000000       8.293199033153255E-002
  0.691840000000000       8.293415334085487E-002
  0.691920000000000       8.293631644415923E-002
  0.692000000000000       8.293847964170843E-002
  0.692080000000000       8.294064293319993E-002
  0.692160000000000       8.294280631853058E-002
  0.692240000000000       8.294496979822576E-002
  0.692320000000000       8.294713337212679E-002
  0.692400000000000       8.294929703947242E-002
  0.692480000000000       8.295146080097694E-002
  0.692560000000000       8.295362465634849E-002
  0.692640000000000       8.295578860579113E-002
  0.692720000000000       8.295795264924245E-002
  0.692800000000000       8.296011678630812E-002
  0.692880000000000       8.296228101740401E-002
  0.692960000000000       8.296444534229842E-002
  0.693040000000000       8.296660976095972E-002
  0.693120000000000       8.296877427337170E-002
  0.693200000000000       8.297093887964281E-002
  0.693280000000000       8.297310357959355E-002
  0.693360000000000       8.297526837338833E-002
  0.693440000000000       8.297743326097541E-002
  0.693520000000000       8.297959824213287E-002
  0.693600000000000       8.298176331680708E-002
  0.693680000000000       8.298392848553783E-002
  0.693760000000000       8.298609374763490E-002
  0.693840000000000       8.298825910332754E-002
  0.693920000000000       8.299042455277029E-002
  0.694000000000000       8.299259009544625E-002
  0.694080000000000       8.299475573203832E-002
  0.694160000000000       8.299692146205720E-002
  0.694240000000000       8.299908728547326E-002
  0.694320000000000       8.300125320248444E-002
  0.694400000000000       8.300341921294120E-002
  0.694480000000000       8.300558531676995E-002
  0.694560000000000       8.300775151414054E-002
  0.694640000000000       8.300991780492929E-002
  0.694720000000000       8.301208418892093E-002
  0.694800000000000       8.301425066648695E-002
  0.694880000000000       8.301641723724375E-002
  0.694960000000000       8.301858390151796E-002
  0.695040000000000       8.302075065892191E-002
  0.695120000000000       8.302291750967918E-002
  0.695200000000000       8.302508445342328E-002
  0.695280000000000       8.302725149101788E-002
  0.695360000000000       8.302941862130976E-002
  0.695440000000000       8.303158584497074E-002
  0.695520000000000       8.303375316199693E-002
  0.695600000000000       8.303592057181733E-002
  0.695680000000000       8.303808807485570E-002
  0.695760000000000       8.304025567127528E-002
  0.695840000000000       8.304242336054403E-002
  0.695920000000000       8.304459114297726E-002
  0.696000000000000       8.304675901841875E-002
  0.696080000000000       8.304892698672674E-002
  0.696160000000000       8.305109504839737E-002
  0.696240000000000       8.305326320299934E-002
  0.696320000000000       8.305543145051465E-002
  0.696400000000000       8.305759979075791E-002
  0.696480000000000       8.305976822426644E-002
  0.696560000000000       8.306193675051746E-002
  0.696640000000000       8.306410536951572E-002
  0.696720000000000       8.306627408149328E-002
  0.696800000000000       8.306844288675899E-002
  0.696880000000000       8.307061178411526E-002
  0.696960000000000       8.307278077459881E-002
  0.697040000000000       8.307494985798072E-002
  0.697120000000000       8.307711903398110E-002
  0.697200000000000       8.307928830299585E-002
  0.697280000000000       8.308145766443711E-002
  0.697360000000000       8.308362711852427E-002
  0.697440000000000       8.308579666560426E-002
  0.697520000000000       8.308796630499551E-002
  0.697600000000000       8.309013603717388E-002
  0.697680000000000       8.309230586225072E-002
  0.697760000000000       8.309447577951859E-002
  0.697840000000000       8.309664578968604E-002
  0.697920000000000       8.309881589207305E-002
  0.698000000000000       8.310098608713515E-002
  0.698080000000000       8.310315637478197E-002
  0.698160000000000       8.310532675492091E-002
  0.698240000000000       8.310749722746150E-002
  0.698320000000000       8.310966779265197E-002
  0.698400000000000       8.311183845013695E-002
  0.698480000000000       8.311400919989079E-002
  0.698560000000000       8.311618004243473E-002
  0.698640000000000       8.311835097676848E-002
  0.698720000000000       8.312052200386391E-002
  0.698800000000000       8.312269312311951E-002
  0.698880000000000       8.312486433492619E-002
  0.698960000000000       8.312703563866333E-002
  0.699040000000000       8.312920703492768E-002
  0.699120000000000       8.313137852331778E-002
  0.699200000000000       8.313355010406412E-002
  0.699280000000000       8.313572177710174E-002
  0.699360000000000       8.313789354194026E-002
  0.699440000000000       8.314006539919575E-002
  0.699520000000000       8.314223734863971E-002
  0.699600000000000       8.314440939015225E-002
  0.699680000000000       8.314658152359403E-002
  0.699760000000000       8.314875374941635E-002
  0.699840000000000       8.315092606712818E-002
  0.699920000000000       8.315309847687971E-002
  0.700000000000000       8.315527097864286E-002
  0.700080000000000       8.315744357244195E-002
  0.700160000000000       8.315961625831539E-002
  0.700240000000000       8.316178903586816E-002
  0.700320000000000       8.316396190551792E-002
  0.700400000000000       8.316613486703398E-002
  0.700480000000000       8.316830792063770E-002
  0.700560000000000       8.317048106580807E-002
  0.700640000000000       8.317265430304491E-002
  0.700720000000000       8.317482763219322E-002
  0.700800000000000       8.317700105295592E-002
  0.700880000000000       8.317917456565152E-002
  0.700960000000000       8.318134817006753E-002
  0.701040000000000       8.318352186623304E-002
  0.701120000000000       8.318569565403758E-002
  0.701200000000000       8.318786953342919E-002
  0.701280000000000       8.319004350467499E-002
  0.701360000000000       8.319221756766540E-002
  0.701440000000000       8.319439172240287E-002
  0.701520000000000       8.319656596852568E-002
  0.701600000000000       8.319874030627120E-002
  0.701680000000000       8.320091473571647E-002
  0.701760000000000       8.320308925675882E-002
  0.701840000000000       8.320526386914498E-002
  0.701920000000000       8.320743857308524E-002
  0.702000000000000       8.320961336850355E-002
  0.702080000000000       8.321178825552658E-002
  0.702160000000000       8.321396323406541E-002
  0.702240000000000       8.321613830387456E-002
  0.702320000000000       8.321831346515088E-002
  0.702400000000000       8.322048871786672E-002
  0.702480000000000       8.322266406196346E-002
  0.702560000000000       8.322483949714735E-002
  0.702640000000000       8.322701502396204E-002
  0.702720000000000       8.322919064211856E-002
  0.702800000000000       8.323136635156472E-002
  0.702880000000000       8.323354215209625E-002
  0.702960000000000       8.323571804405430E-002
  0.703040000000000       8.323789402693374E-002
  0.703120000000000       8.324007010120218E-002
  0.703200000000000       8.324224626686375E-002
  0.703280000000000       8.324442252341804E-002
  0.703360000000000       8.324659887124244E-002
  0.703440000000000       8.324877531025668E-002
  0.703520000000000       8.325095184030565E-002
  0.703600000000000       8.325312846136015E-002
  0.703680000000000       8.325530517369353E-002
  0.703760000000000       8.325748197666596E-002
  0.703840000000000       8.325965887108069E-002
  0.703920000000000       8.326183585628291E-002
  0.704000000000000       8.326401293261645E-002
  0.704080000000000       8.326619009961936E-002
  0.704160000000000       8.326836735785395E-002
  0.704240000000000       8.327054470702680E-002
  0.704320000000000       8.327272214677053E-002
  0.704400000000000       8.327489967768434E-002
  0.704480000000000       8.327707729926929E-002
  0.704560000000000       8.327925501169890E-002
  0.704640000000000       8.328143281518700E-002
  0.704720000000000       8.328361070929118E-002
  0.704800000000000       8.328578869395557E-002
  0.704880000000000       8.328796676985288E-002
  0.704960000000000       8.329014493607904E-002
  0.705040000000000       8.329232319315553E-002
  0.705120000000000       8.329450154093203E-002
  0.705200000000000       8.329667997942618E-002
  0.705280000000000       8.329885850854639E-002
  0.705360000000000       8.330103712811936E-002
  0.705440000000000       8.330321583834081E-002
  0.705520000000000       8.330539463924840E-002
  0.705600000000000       8.330757353051314E-002
  0.705680000000000       8.330975251262555E-002
  0.705760000000000       8.331193158521859E-002
  0.705840000000000       8.331411074813037E-002
  0.705920000000000       8.331629000146328E-002
  0.706000000000000       8.331846934565172E-002
  0.706080000000000       8.332064877979654E-002
  0.706160000000000       8.332282830463970E-002
  0.706240000000000       8.332500791992496E-002
  0.706320000000000       8.332718762541640E-002
  0.706400000000000       8.332936742130841E-002
  0.706480000000000       8.333154730765717E-002
  0.706560000000000       8.333372728421233E-002
  0.706640000000000       8.333590735098410E-002
  0.706720000000000       8.333808750799558E-002
  0.706800000000000       8.334026775546448E-002
  0.706880000000000       8.334244809302109E-002
  0.706960000000000       8.334462852067574E-002
  0.707040000000000       8.334680903888318E-002
  0.707120000000000       8.334898964710562E-002
  0.707200000000000       8.335117034558930E-002
  0.707280000000000       8.335335113398083E-002
  0.707360000000000       8.335553201225980E-002
  0.707440000000000       8.335771298091969E-002
  0.707520000000000       8.335989403947013E-002
  0.707600000000000       8.336207518831677E-002
  0.707680000000000       8.336425642694038E-002
  0.707760000000000       8.336643775577950E-002
  0.707840000000000       8.336861917458442E-002
  0.707920000000000       8.337080068315687E-002
  0.708000000000000       8.337298228176586E-002
  0.708080000000000       8.337516397055637E-002
  0.708160000000000       8.337734574883308E-002
  0.708240000000000       8.337952761716176E-002
  0.708320000000000       8.338170957526307E-002
  0.708400000000000       8.338389162330921E-002
  0.708480000000000       8.338607376100098E-002
  0.708560000000000       8.338825598873860E-002
  0.708640000000000       8.339043830601227E-002
  0.708720000000000       8.339262071309710E-002
  0.708800000000000       8.339480320997121E-002
  0.708880000000000       8.339698579639725E-002
  0.708960000000000       8.339916847270083E-002
  0.709040000000000       8.340135123863439E-002
  0.709120000000000       8.340353409416117E-002
  0.709200000000000       8.340571703918513E-002
  0.709280000000000       8.340790007397363E-002
  0.709360000000000       8.341008319833092E-002
  0.709440000000000       8.341226641245562E-002
  0.709520000000000       8.341444971569394E-002
  0.709600000000000       8.341663310865403E-002
  0.709680000000000       8.341881659102816E-002
  0.709760000000000       8.342100016312474E-002
  0.709840000000000       8.342318382432949E-002
  0.709920000000000       8.342536757511292E-002
  0.710000000000000       8.342755141558626E-002
  0.710080000000000       8.342973534523927E-002
  0.710160000000000       8.343191936423737E-002
  0.710240000000000       8.343410347257711E-002
  0.710320000000000       8.343628767010240E-002
  0.710400000000000       8.343847195718883E-002
  0.710480000000000       8.344065633352220E-002
  0.710560000000000       8.344284079901514E-002
  0.710640000000000       8.344502535396141E-002
  0.710720000000000       8.344720999775139E-002
  0.710800000000000       8.344939473116379E-002
  0.710880000000000       8.345157955370890E-002
  0.710960000000000       8.345376446515422E-002
  0.711040000000000       8.345594946591554E-002
  0.711120000000000       8.345813455569866E-002
  0.711200000000000       8.346031973459937E-002
  0.711280000000000       8.346250500275092E-002
  0.711360000000000       8.346469035981845E-002
  0.711440000000000       8.346687580576233E-002
  0.711520000000000       8.346906134110592E-002
  0.711600000000000       8.347124696514967E-002
  0.711680000000000       8.347343267826594E-002
  0.711760000000000       8.347561848037648E-002
  0.711840000000000       8.347780437137235E-002
  0.711920000000000       8.347999035114199E-002
  0.712000000000000       8.348217641991844E-002
  0.712080000000000       8.348436257752538E-002
  0.712160000000000       8.348654882409560E-002
  0.712240000000000       8.348873515943959E-002
  0.712320000000000       8.349092158360542E-002
  0.712400000000000       8.349310809661352E-002
  0.712480000000000       8.349529469816845E-002
  0.712560000000000       8.349748138866180E-002
  0.712640000000000       8.349966816792913E-002
  0.712720000000000       8.350185503571510E-002
  0.712800000000000       8.350404199215915E-002
  0.712880000000000       8.350622903759224E-002
  0.712960000000000       8.350841617131659E-002
  0.713040000000000       8.351060339376641E-002
  0.713120000000000       8.351279070503385E-002
  0.713200000000000       8.351497810449530E-002
  0.713280000000000       8.351716559275128E-002
  0.713360000000000       8.351935316935714E-002
  0.713440000000000       8.352154083464096E-002
  0.713520000000000       8.352372858846839E-002
  0.713600000000000       8.352591643055111E-002
  0.713680000000000       8.352810436114481E-002
  0.713760000000000       8.353029238045111E-002
  0.713840000000000       8.353248048780064E-002
  0.713920000000000       8.353466868364873E-002
  0.714000000000000       8.353685696804830E-002
  0.714080000000000       8.353904534065298E-002
  0.714160000000000       8.354123380151074E-002
  0.714240000000000       8.354342235064033E-002
  0.714320000000000       8.354561098830698E-002
  0.714400000000000       8.354779971405663E-002
  0.714480000000000       8.354998852794021E-002
  0.714560000000000       8.355217743028037E-002
  0.714640000000000       8.355436642069219E-002
  0.714720000000000       8.355655549924274E-002
  0.714800000000000       8.355874466605723E-002
  0.714880000000000       8.356093392097103E-002
  0.714960000000000       8.356312326389820E-002
  0.715040000000000       8.356531269518480E-002
  0.715120000000000       8.356750221438897E-002
  0.715200000000000       8.356969182149104E-002
  0.715280000000000       8.357188151661171E-002
  0.715360000000000       8.357407129998201E-002
  0.715440000000000       8.357626117127898E-002
  0.715520000000000       8.357845113041767E-002
  0.715600000000000       8.358064117780689E-002
  0.715680000000000       8.358283131275773E-002
  0.715760000000000       8.358502153576503E-002
  0.715840000000000       8.358721184663848E-002
  0.715920000000000       8.358940224548755E-002
  0.716000000000000       8.359159273193478E-002
  0.716080000000000       8.359378330662465E-002
  0.716160000000000       8.359597396869628E-002
  0.716240000000000       8.359816471858744E-002
  0.716320000000000       8.360035555643713E-002
  0.716400000000000       8.360254648188054E-002
  0.716480000000000       8.360473749502789E-002
  0.716560000000000       8.360692859583901E-002
  0.716640000000000       8.360911978462998E-002
  0.716720000000000       8.361131106096859E-002
  0.716800000000000       8.361350242469395E-002
  0.716880000000000       8.361569387617024E-002
  0.716960000000000       8.361788541516740E-002
  0.717040000000000       8.362007704188407E-002
  0.717120000000000       8.362226875581830E-002
  0.717200000000000       8.362446055771217E-002
  0.717280000000000       8.362665244696893E-002
  0.717360000000000       8.362884442347668E-002
  0.717440000000000       8.363103648784681E-002
  0.717520000000000       8.363322863930539E-002
  0.717600000000000       8.363542087840731E-002
  0.717680000000000       8.363761320485458E-002
  0.717760000000000       8.363980561857559E-002
  0.717840000000000       8.364199811960599E-002
  0.717920000000000       8.364419070815782E-002
  0.718000000000000       8.364638338392688E-002
  0.718080000000000       8.364857614703353E-002
  0.718160000000000       8.365076899737062E-002
  0.718240000000000       8.365296193523958E-002
  0.718320000000000       8.365515495996628E-002
  0.718400000000000       8.365734807191233E-002
  0.718480000000000       8.365954127127256E-002
  0.718560000000000       8.366173455784748E-002
  0.718640000000000       8.366392793122884E-002
  0.718720000000000       8.366612139199853E-002
  0.718800000000000       8.366831493969978E-002
  0.718880000000000       8.367050857474928E-002
  0.718960000000000       8.367270229649298E-002
  0.719040000000000       8.367489610556572E-002
  0.719120000000000       8.367709000163076E-002
  0.719200000000000       8.367928398471086E-002
  0.719280000000000       8.368147805464959E-002
  0.719360000000000       8.368367221163547E-002
  0.719440000000000       8.368586645561177E-002
  0.719520000000000       8.368806078632024E-002
  0.719600000000000       8.369025520390788E-002
  0.719680000000000       8.369244970843120E-002
  0.719760000000000       8.369464430004220E-002
  0.719840000000000       8.369683897824082E-002
  0.719920000000000       8.369903374344095E-002
  0.720000000000000       8.370122859525259E-002
  0.720080000000000       8.370342353381627E-002
  0.720160000000000       8.370561855923470E-002
  0.720240000000000       8.370781367145103E-002
  0.720320000000000       8.371000887007736E-002
  0.720400000000000       8.371220415555465E-002
  0.720480000000000       8.371439952783273E-002
  0.720560000000000       8.371659498666069E-002
  0.720640000000000       8.371879053200400E-002
  0.720720000000000       8.372098616420461E-002
  0.720800000000000       8.372318188261881E-002
  0.720880000000000       8.372537768769635E-002
  0.720960000000000       8.372757357936607E-002
  0.721040000000000       8.372976955767693E-002
  0.721120000000000       8.373196562233649E-002
  0.721200000000000       8.373416177350841E-002
  0.721280000000000       8.373635801105923E-002
  0.721360000000000       8.373855433518647E-002
  0.721440000000000       8.374075074566041E-002
  0.721520000000000       8.374294724244565E-002
  0.721600000000000       8.374514382563998E-002
  0.721680000000000       8.374734049522199E-002
  0.721760000000000       8.374953725108043E-002
  0.721840000000000       8.375173409326127E-002
  0.721920000000000       8.375393102169122E-002
  0.722000000000000       8.375612803657657E-002
  0.722080000000000       8.375832513745980E-002
  0.722160000000000       8.376052232474636E-002
  0.722240000000000       8.376271959824684E-002
  0.722320000000000       8.376491695772866E-002
  0.722400000000000       8.376711440355018E-002
  0.722480000000000       8.376931193545763E-002
  0.722560000000000       8.377150955347042E-002
  0.722640000000000       8.377370725739160E-002
  0.722720000000000       8.377590504747685E-002
  0.722800000000000       8.377810292386208E-002
  0.722880000000000       8.378030088591111E-002
  0.722960000000000       8.378249893415542E-002
  0.723040000000000       8.378469706833831E-002
  0.723120000000000       8.378689528848889E-002
  0.723200000000000       8.378909359474636E-002
  0.723280000000000       8.379129198666953E-002
  0.723360000000000       8.379349046492320E-002
  0.723440000000000       8.379568902874586E-002
  0.723520000000000       8.379788767812908E-002
  0.723600000000000       8.380008641382626E-002
  0.723680000000000       8.380228523518270E-002
  0.723760000000000       8.380448414242277E-002
  0.723840000000000       8.380668313522251E-002
  0.723920000000000       8.380888221415357E-002
  0.724000000000000       8.381108137853872E-002
  0.724080000000000       8.381328062859701E-002
  0.724160000000000       8.381547996448520E-002
  0.724240000000000       8.381767938598635E-002
  0.724320000000000       8.381987889296923E-002
  0.724400000000000       8.382207848578190E-002
  0.724480000000000       8.382427816425782E-002
  0.724560000000000       8.382647792817251E-002
  0.724640000000000       8.382867777777066E-002
  0.724720000000000       8.383087771268079E-002
  0.724800000000000       8.383307773356770E-002
  0.724880000000000       8.383527783946283E-002
  0.724960000000000       8.383747803123116E-002
  0.725040000000000       8.383967830804513E-002
  0.725120000000000       8.384187867079469E-002
  0.725200000000000       8.384407911861998E-002
  0.725280000000000       8.384627965178744E-002
  0.725360000000000       8.384848027057774E-002
  0.725440000000000       8.385068097460742E-002
  0.725520000000000       8.385288176384605E-002
  0.725600000000000       8.385508263864512E-002
  0.725680000000000       8.385728359841511E-002
  0.725760000000000       8.385948464378241E-002
  0.725840000000000       8.386168577411209E-002
  0.725920000000000       8.386388698981635E-002
  0.726000000000000       8.386608829083837E-002
  0.726080000000000       8.386828967698408E-002
  0.726160000000000       8.387049114808061E-002
  0.726240000000000       8.387269270449656E-002
  0.726320000000000       8.387489434590552E-002
  0.726400000000000       8.387709607250123E-002
  0.726480000000000       8.387929788427269E-002
  0.726560000000000       8.388149978110211E-002
  0.726640000000000       8.388370176273348E-002
  0.726720000000000       8.388590382977219E-002
  0.726800000000000       8.388810598128589E-002
  0.726880000000000       8.389030821808881E-002
  0.726960000000000       8.389251054005405E-002
  0.727040000000000       8.389471294657853E-002
  0.727120000000000       8.389691543830687E-002
  0.727200000000000       8.389911801455759E-002
  0.727280000000000       8.390132067569207E-002
  0.727360000000000       8.390352342195957E-002
  0.727440000000000       8.390572625291033E-002
  0.727520000000000       8.390792916869445E-002
  0.727600000000000       8.391013216918049E-002
  0.727680000000000       8.391233525482751E-002
  0.727760000000000       8.391453842479397E-002
  0.727840000000000       8.391674167945447E-002
  0.727920000000000       8.391894501893167E-002
  0.728000000000000       8.392114844302430E-002
  0.728080000000000       8.392335195165530E-002
  0.728160000000000       8.392555554540133E-002
  0.728240000000000       8.392775922311020E-002
  0.728320000000000       8.392996298609119E-002
  0.728400000000000       8.393216683320566E-002
  0.728480000000000       8.393437076488582E-002
  0.728560000000000       8.393657478114376E-002
  0.728640000000000       8.393877888182273E-002
  0.728720000000000       8.394098306727667E-002
  0.728800000000000       8.394318733689062E-002
  0.728880000000000       8.394539169105127E-002
  0.728960000000000       8.394759612988119E-002
  0.729040000000000       8.394980065270292E-002
  0.729120000000000       8.395200525991849E-002
  0.729200000000000       8.395420995175680E-002
  0.729280000000000       8.395641472781774E-002
  0.729360000000000       8.395861958832103E-002
  0.729440000000000       8.396082453298311E-002
  0.729520000000000       8.396302956181252E-002
  0.729600000000000       8.396523467510082E-002
  0.729680000000000       8.396743987250473E-002
  0.729760000000000       8.396964515423429E-002
  0.729840000000000       8.397185052001806E-002
  0.729920000000000       8.397405596995407E-002
  0.730000000000000       8.397626150376609E-002
  0.730080000000000       8.397846712227937E-002
  0.730160000000000       8.398067282466855E-002
  0.730240000000000       8.398287861115090E-002
  0.730320000000000       8.398508448158544E-002
  0.730400000000000       8.398729043611082E-002
  0.730480000000000       8.398949647470340E-002
  0.730560000000000       8.399170259723894E-002
  0.730640000000000       8.399390880369824E-002
  0.730720000000000       8.399611509419987E-002
  0.730800000000000       8.399832146873050E-002
  0.730880000000000       8.400052792701303E-002
  0.730960000000000       8.400273446902759E-002
  0.731040000000000       8.400494109535336E-002
  0.731120000000000       8.400714780504923E-002
  0.731200000000000       8.400935459887934E-002
  0.731280000000000       8.401156147632979E-002
  0.731360000000000       8.401376843778105E-002
  0.731440000000000       8.401597548285042E-002
  0.731520000000000       8.401818261168079E-002
  0.731600000000000       8.402038982442669E-002
  0.731680000000000       8.402259712056567E-002
  0.731760000000000       8.402480450069513E-002
  0.731840000000000       8.402701196403781E-002
  0.731920000000000       8.402921951140671E-002
  0.732000000000000       8.403142714221642E-002
  0.732080000000000       8.403363485666501E-002
  0.732160000000000       8.403584265484673E-002
  0.732240000000000       8.403805053625243E-002
  0.732320000000000       8.404025850150740E-002
  0.732400000000000       8.404246654994926E-002
  0.732480000000000       8.404467468215412E-002
  0.732560000000000       8.404688289758164E-002
  0.732640000000000       8.404909119659762E-002
  0.732720000000000       8.405129957907728E-002
  0.732800000000000       8.405350804480002E-002
  0.732880000000000       8.405571659397934E-002
  0.732960000000000       8.405792522662522E-002
  0.733040000000000       8.406013394260978E-002
  0.733120000000000       8.406234274162702E-002
  0.733200000000000       8.406455162413426E-002
  0.733280000000000       8.406676058991178E-002
  0.733360000000000       8.406896963896168E-002
  0.733440000000000       8.407117877115386E-002
  0.733520000000000       8.407338798679628E-002
  0.733600000000000       8.407559728540911E-002
  0.733680000000000       8.407780666704520E-002
  0.733760000000000       8.408001613224467E-002
  0.733840000000000       8.408222568034160E-002
  0.733920000000000       8.408443531139462E-002
  0.734000000000000       8.408664502559801E-002
  0.734080000000000       8.408885482295278E-002
  0.734160000000000       8.409106470329139E-002
  0.734240000000000       8.409327466667813E-002
  0.734320000000000       8.409548471321490E-002
  0.734400000000000       8.409769484263382E-002
  0.734480000000000       8.409990505481210E-002
  0.734560000000000       8.410211535016873E-002
  0.734640000000000       8.410432572824120E-002
  0.734720000000000       8.410653618935135E-002
  0.734800000000000       8.410874673320909E-002
  0.734880000000000       8.411095736002958E-002
  0.734960000000000       8.411316806963062E-002
  0.735040000000000       8.411537886190965E-002
  0.735120000000000       8.411758973719149E-002
  0.735200000000000       8.411980069508393E-002
  0.735280000000000       8.412201173582309E-002
  0.735360000000000       8.412422285930840E-002
  0.735440000000000       8.412643406535122E-002
  0.735520000000000       8.412864535418049E-002
  0.735600000000000       8.413085672552598E-002
  0.735680000000000       8.413306817964025E-002
  0.735760000000000       8.413527971634824E-002
  0.735840000000000       8.413749133571011E-002
  0.735920000000000       8.413970303733506E-002
  0.736000000000000       8.414191482183384E-002
  0.736080000000000       8.414412668869073E-002
  0.736160000000000       8.414633863807339E-002
  0.736240000000000       8.414855067015944E-002
  0.736320000000000       8.415076278440078E-002
  0.736400000000000       8.415297498134064E-002
  0.736480000000000       8.415518726076730E-002
  0.736560000000000       8.415739962207634E-002
  0.736640000000000       8.415961206608534E-002
  0.736720000000000       8.416182459241404E-002
  0.736800000000000       8.416403720134401E-002
  0.736880000000000       8.416624989223197E-002
  0.736960000000000       8.416846266554499E-002
  0.737040000000000       8.417067552131362E-002
  0.737120000000000       8.417288845902814E-002
  0.737200000000000       8.417510147910377E-002
  0.737280000000000       8.417731458132315E-002
  0.737360000000000       8.417952776580982E-002
  0.737440000000000       8.418174103241892E-002
  0.737520000000000       8.418395438131919E-002
  0.737600000000000       8.418616781213249E-002
  0.737680000000000       8.418838132506500E-002
  0.737760000000000       8.419059492042412E-002
  0.737840000000000       8.419280859747923E-002
  0.737920000000000       8.419502235647634E-002
  0.738000000000000       8.419723619765239E-002
  0.738080000000000       8.419945012099871E-002
  0.738160000000000       8.420166412594997E-002
  0.738240000000000       8.420387821308704E-002
  0.738320000000000       8.420609238204356E-002
  0.738400000000000       8.420830663300870E-002
  0.738480000000000       8.421052096581959E-002
  0.738560000000000       8.421273538065376E-002
  0.738640000000000       8.421494987694077E-002
  0.738720000000000       8.421716445553483E-002
  0.738800000000000       8.421937911566611E-002
  0.738880000000000       8.422159385762638E-002
  0.738960000000000       8.422380868141942E-002
  0.739040000000000       8.422602358670871E-002
  0.739120000000000       8.422823857383520E-002
  0.739200000000000       8.423045364282965E-002
  0.739280000000000       8.423266879346579E-002
  0.739360000000000       8.423488402539357E-002
  0.739440000000000       8.423709933931643E-002
  0.739520000000000       8.423931473457567E-002
  0.739600000000000       8.424153021180879E-002
  0.739680000000000       8.424374577027026E-002
  0.739760000000000       8.424596141059935E-002
  0.739840000000000       8.424817713196063E-002
  0.739920000000000       8.425039293525170E-002
