  0.660000000000000       0.942425554383502     
  0.660080000000000       0.942517550411108     
  0.660160000000000       0.942609547067701     
  0.660240000000000       0.942701544352499     
  0.660320000000000       0.942793542264437     
  0.660400000000000       0.942885540802732     
  0.660480000000000       0.942977539966432     
  0.660560000000000       0.943069539754757     
  0.660640000000000       0.943161540166795     
  0.660720000000000       0.943253541201554     
  0.660800000000000       0.943345542858336     
  0.660880000000000       0.943437545136047     
  0.660960000000000       0.943529548033962     
  0.661040000000000       0.943621551551143     
  0.661120000000000       0.943713555686568     
  0.661200000000000       0.943805560439853     
  0.661280000000000       0.943897565809434     
  0.661360000000000       0.943989571794984     
  0.661440000000000       0.944081578395210     
  0.661520000000000       0.944173585609644     
  0.661600000000000       0.944265593436864     
  0.661680000000000       0.944357601876445     
  0.661760000000000       0.944449610927376     
  0.661840000000000       0.944541620588620     
  0.661920000000000       0.944633630859525     
  0.662000000000000       0.944725641739251     
  0.662080000000000       0.944817653226647     
  0.662160000000000       0.944909665320861     
  0.662240000000000       0.945001678021168     
  0.662320000000000       0.945093691326588     
  0.662400000000000       0.945185705236395     
  0.662480000000000       0.945277719749538     
  0.662560000000000       0.945369734865065     
  0.662640000000000       0.945461750582507     
  0.662720000000000       0.945553766900443     
  0.662800000000000       0.945645783818148     
  0.662880000000000       0.945737801334940     
  0.662960000000000       0.945829819449881     
  0.663040000000000       0.945921838162005     
  0.663120000000000       0.946013857470345     
  0.663200000000000       0.946105877374205     
  0.663280000000000       0.946197897872634     
  0.663360000000000       0.946289918964592     
  0.663440000000000       0.946381940649471     
  0.663520000000000       0.946473962926089     
  0.663600000000000       0.946565985793907     
  0.663680000000000       0.946658009251718     
  0.663760000000000       0.946750033298881     
  0.663840000000000       0.946842057934572     
  0.663920000000000       0.946934083157697     
  0.664000000000000       0.947026108967148     
  0.664080000000000       0.947118135362626     
  0.664160000000000       0.947210162342881     
  0.664240000000000       0.947302189906790     
  0.664320000000000       0.947394218054055     
  0.664400000000000       0.947486246783453     
  0.664480000000000       0.947578276094401     
  0.664560000000000       0.947670305985437     
  0.664640000000000       0.947762336456219     
  0.664720000000000       0.947854367505468     
  0.664800000000000       0.947946399132530     
  0.664880000000000       0.948038431336667     
  0.664960000000000       0.948130464116855     
  0.665040000000000       0.948222497471829     
  0.665120000000000       0.948314531401320     
  0.665200000000000       0.948406565904204     
  0.665280000000000       0.948498600979346     
  0.665360000000000       0.948590636626233     
  0.665440000000000       0.948682672843827     
  0.665520000000000       0.948774709631249     
  0.665600000000000       0.948866746987360     
  0.665680000000000       0.948958784911863     
  0.665760000000000       0.949050823403422     
  0.665840000000000       0.949142862461156     
  0.665920000000000       0.949234902084567     
  0.666000000000000       0.949326942272546     
  0.666080000000000       0.949418983023958     
  0.666160000000000       0.949511024338261     
  0.666240000000000       0.949603066214391     
  0.666320000000000       0.949695108651352     
  0.666400000000000       0.949787151648775     
  0.666480000000000       0.949879195205281     
  0.666560000000000       0.949971239320033     
  0.666640000000000       0.950063283992375     
  0.666720000000000       0.950155329221045     
  0.666800000000000       0.950247375005713     
  0.666880000000000       0.950339421345075     
  0.666960000000000       0.950431468238261     
  0.667040000000000       0.950523515684776     
  0.667120000000000       0.950615563683169     
  0.667200000000000       0.950707612233029     
  0.667280000000000       0.950799661333218     
  0.667360000000000       0.950891710982984     
  0.667440000000000       0.950983761181303     
  0.667520000000000       0.951075811927535     
  0.667600000000000       0.951167863220431     
  0.667680000000000       0.951259915059364     
  0.667760000000000       0.951351967443369     
  0.667840000000000       0.951444020371494     
  0.667920000000000       0.951536073843241     
  0.668000000000000       0.951628127857259     
  0.668080000000000       0.951720182412953     
  0.668160000000000       0.951812237509171     
  0.668240000000000       0.951904293145188     
  0.668320000000000       0.951996349320308     
  0.668400000000000       0.952088406033181     
  0.668480000000000       0.952180463283452     
  0.668560000000000       0.952272521069926     
  0.668640000000000       0.952364579391781     
  0.668720000000000       0.952456638248105     
  0.668800000000000       0.952548697637906     
  0.668880000000000       0.952640757560641     
  0.668960000000000       0.952732818015318     
  0.669040000000000       0.952824879000798     
  0.669120000000000       0.952916940516229     
  0.669200000000000       0.953009002561200     
  0.669280000000000       0.953101065134274     
  0.669360000000000       0.953193128234670     
  0.669440000000000       0.953285191861778     
  0.669520000000000       0.953377256014602     
  0.669600000000000       0.953469320692133     
  0.669680000000000       0.953561385893477     
  0.669760000000000       0.953653451617964     
  0.669840000000000       0.953745517864445     
  0.669920000000000       0.953837584632336     
  0.670000000000000       0.953929651920373     
  0.670080000000000       0.954021719728001     
  0.670160000000000       0.954113788054383     
  0.670240000000000       0.954205856898224     
  0.670320000000000       0.954297926259028     
  0.670400000000000       0.954389996135814     
  0.670480000000000       0.954482066527629     
  0.670560000000000       0.954574137433522     
  0.670640000000000       0.954666208852839     
  0.670720000000000       0.954758280784586     
  0.670800000000000       0.954850353227781     
  0.670880000000000       0.954942426181515     
  0.670960000000000       0.955034499645149     
  0.671040000000000       0.955126573617616     
  0.671120000000000       0.955218648098179     
  0.671200000000000       0.955310723085628     
  0.671280000000000       0.955402798579539     
  0.671360000000000       0.955494874578616     
  0.671440000000000       0.955586951082250     
  0.671520000000000       0.955679028089517     
  0.671600000000000       0.955771105599337     
  0.671680000000000       0.955863183611083     
  0.671760000000000       0.955955262123663     
  0.671840000000000       0.956047341136281     
  0.671920000000000       0.956139420648125     
  0.672000000000000       0.956231500658231     
  0.672080000000000       0.956323581165660     
  0.672160000000000       0.956415662169758     
  0.672240000000000       0.956507743669147     
  0.672320000000000       0.956599825663699     
  0.672400000000000       0.956691908151851     
  0.672480000000000       0.956783991133048     
  0.672560000000000       0.956876074606140     
  0.672640000000000       0.956968158570729     
  0.672720000000000       0.957060243025450     
  0.672800000000000       0.957152327969678     
  0.672880000000000       0.957244413402574     
  0.672960000000000       0.957336499322804     
  0.673040000000000       0.957428585730082     
  0.673120000000000       0.957520672623144     
  0.673200000000000       0.957612760001365     
  0.673280000000000       0.957704847863565     
  0.673360000000000       0.957796936209090     
  0.673440000000000       0.957889025037045     
  0.673520000000000       0.957981114346251     
  0.673600000000000       0.958073204136224     
  0.673680000000000       0.958165294405913     
  0.673760000000000       0.958257385154422     
  0.673840000000000       0.958349476380943     
  0.673920000000000       0.958441568084507     
  0.674000000000000       0.958533660264220     
  0.674080000000000       0.958625752918945     
  0.674160000000000       0.958717846048540     
  0.674240000000000       0.958809939651570     
  0.674320000000000       0.958902033726940     
  0.674400000000000       0.958994128274409     
  0.674480000000000       0.959086223292499     
  0.674560000000000       0.959178318780656     
  0.674640000000000       0.959270414738012     
  0.674720000000000       0.959362511163516     
  0.674800000000000       0.959454608056373     
  0.674880000000000       0.959546705415786     
  0.674960000000000       0.959638803240549     
  0.675040000000000       0.959730901530034     
  0.675120000000000       0.959823000283404     
  0.675200000000000       0.959915099499977     
  0.675280000000000       0.960007199178148     
  0.675360000000000       0.960099299317773     
  0.675440000000000       0.960191399917417     
  0.675520000000000       0.960283500976570     
  0.675600000000000       0.960375602494449     
  0.675680000000000       0.960467704469491     
  0.675760000000000       0.960559806901583     
  0.675840000000000       0.960651909789288     
  0.675920000000000       0.960744013131855     
  0.676000000000000       0.960836116928928     
  0.676080000000000       0.960928221179157     
  0.676160000000000       0.961020325881404     
  0.676240000000000       0.961112431035258     
  0.676320000000000       0.961204536639653     
  0.676400000000000       0.961296642693665     
  0.676480000000000       0.961388749196399     
  0.676560000000000       0.961480856147074     
  0.676640000000000       0.961572963544879     
  0.676720000000000       0.961665071388705     
  0.676800000000000       0.961757179677687     
  0.676880000000000       0.961849288411028     
  0.676960000000000       0.961941397587961     
  0.677040000000000       0.962033507207406     
  0.677120000000000       0.962125617268722     
  0.677200000000000       0.962217727770633     
  0.677280000000000       0.962309838712525     
  0.677360000000000       0.962401950093604     
  0.677440000000000       0.962494061912790     
  0.677520000000000       0.962586174169115     
  0.677600000000000       0.962678286862140     
  0.677680000000000       0.962770399990345     
  0.677760000000000       0.962862513553244     
  0.677840000000000       0.962954627550016     
  0.677920000000000       0.963046741979522     
  0.678000000000000       0.963138856841223     
  0.678080000000000       0.963230972133797     
  0.678160000000000       0.963323087856747     
  0.678240000000000       0.963415204008822     
  0.678320000000000       0.963507320589511     
  0.678400000000000       0.963599437597733     
  0.678480000000000       0.963691555032722     
  0.678560000000000       0.963783672893183     
  0.678640000000000       0.963875791178634     
  0.678720000000000       0.963967909888265     
  0.678800000000000       0.964060029021195     
  0.678880000000000       0.964152148576031     
  0.678960000000000       0.964244268552346     
  0.679040000000000       0.964336388949161     
  0.679120000000000       0.964428509765480     
  0.679200000000000       0.964520631000565     
  0.679280000000000       0.964612752653676     
  0.679360000000000       0.964704874723861     
  0.679440000000000       0.964796997209515     
  0.679520000000000       0.964889120110737     
  0.679600000000000       0.964981243426178     
  0.679680000000000       0.965073367154940     
  0.679760000000000       0.965165491296415     
  0.679840000000000       0.965257615849421     
  0.679920000000000       0.965349740813107     
  0.680000000000000       0.965441866186848     
  0.680080000000000       0.965533991969377     
  0.680160000000000       0.965626118160043     
  0.680240000000000       0.965718244758176     
  0.680320000000000       0.965810371762285     
  0.680400000000000       0.965902499172071     
  0.680480000000000       0.965994626986512     
  0.680560000000000       0.966086755204370     
  0.680640000000000       0.966178883825262     
  0.680720000000000       0.966271012848080     
  0.680800000000000       0.966363142271700     
  0.680880000000000       0.966455272095584     
  0.680960000000000       0.966547402318650     
  0.681040000000000       0.966639532940260     
  0.681120000000000       0.966731663959135     
  0.681200000000000       0.966823795374847     
  0.681280000000000       0.966915927186105     
  0.681360000000000       0.967008059392367     
  0.681440000000000       0.967100191992398     
  0.681520000000000       0.967192324985629     
  0.681600000000000       0.967284458370980     
  0.681680000000000       0.967376592147684     
  0.681760000000000       0.967468726315087     
  0.681840000000000       0.967560860871583     
  0.681920000000000       0.967652995816874     
  0.682000000000000       0.967745131149795     
  0.682080000000000       0.967837266869833     
  0.682160000000000       0.967929402975596     
  0.682240000000000       0.968021539466602     
  0.682320000000000       0.968113676341940     
  0.682400000000000       0.968205813600602     
  0.682480000000000       0.968297951241607     
  0.682560000000000       0.968390089264230     
  0.682640000000000       0.968482227667675     
  0.682720000000000       0.968574366450679     
  0.682800000000000       0.968666505612785     
  0.682880000000000       0.968758645152801     
  0.682960000000000       0.968850785070100     
  0.683040000000000       0.968942925363447     
  0.683120000000000       0.969035066032316     
  0.683200000000000       0.969127207075712     
  0.683280000000000       0.969219348492754     
  0.683360000000000       0.969311490282504     
  0.683440000000000       0.969403632444011     
  0.683520000000000       0.969495774976420     
  0.683600000000000       0.969587917879136     
  0.683680000000000       0.969680061150822     
  0.683760000000000       0.969772204790954     
  0.683840000000000       0.969864348798436     
  0.683920000000000       0.969956493172458     
  0.684000000000000       0.970048637912041     
  0.684080000000000       0.970140783016558     
  0.684160000000000       0.970232928484873     
  0.684240000000000       0.970325074316418     
  0.684320000000000       0.970417220509898     
  0.684400000000000       0.970509367064577     
  0.684480000000000       0.970601513979471     
  0.684560000000000       0.970693661254029     
  0.684640000000000       0.970785808887055     
  0.684720000000000       0.970877956877712     
  0.684800000000000       0.970970105225260     
  0.684880000000000       0.971062253928861     
  0.684960000000000       0.971154402987406     
  0.685040000000000       0.971246552399873     
  0.685120000000000       0.971338702165892     
  0.685200000000000       0.971430852284240     
  0.685280000000000       0.971523002753909     
  0.685360000000000       0.971615153574430     
  0.685440000000000       0.971707304744595     
  0.685520000000000       0.971799456263679     
  0.685600000000000       0.971891608130559     
  0.685680000000000       0.971983760344582     
  0.685760000000000       0.972075912904754     
  0.685840000000000       0.972168065810320     
  0.685920000000000       0.972260219060300     
  0.686000000000000       0.972352372653728     
  0.686080000000000       0.972444526589879     
  0.686160000000000       0.972536680867915     
  0.686240000000000       0.972628835486671     
  0.686320000000000       0.972720990445563     
  0.686400000000000       0.972813145743271     
  0.686480000000000       0.972905301379467     
  0.686560000000000       0.972997457353071     
  0.686640000000000       0.973089613663004     
  0.686720000000000       0.973181770308454     
  0.686800000000000       0.973273927288670     
  0.686880000000000       0.973366084602628     
  0.686960000000000       0.973458242249561     
  0.687040000000000       0.973550400228501     
  0.687120000000000       0.973642558538611     
  0.687200000000000       0.973734717179011     
  0.687280000000000       0.973826876148775     
  0.687360000000000       0.973919035447136     
  0.687440000000000       0.974011195072916     
  0.687520000000000       0.974103355025502     
  0.687600000000000       0.974195515304058     
  0.687680000000000       0.974287675907473     
  0.687760000000000       0.974379836834882     
  0.687840000000000       0.974471998085531     
  0.687920000000000       0.974564159658652     
  0.688000000000000       0.974656321552953     
  0.688080000000000       0.974748483767766     
  0.688160000000000       0.974840646302522     
  0.688240000000000       0.974932809155857     
  0.688320000000000       0.975024972327017     
  0.688400000000000       0.975117135815122     
  0.688480000000000       0.975209299619476     
  0.688560000000000       0.975301463739140     
  0.688640000000000       0.975393628173063     
  0.688720000000000       0.975485792920463     
  0.688800000000000       0.975577957980303     
  0.688880000000000       0.975670123352015     
  0.688960000000000       0.975762289034290     
  0.689040000000000       0.975854455026646     
  0.689120000000000       0.975946621328075     
  0.689200000000000       0.976038787937466     
  0.689280000000000       0.976130954854295     
  0.689360000000000       0.976223122077440     
  0.689440000000000       0.976315289606146     
  0.689520000000000       0.976407457439362     
  0.689600000000000       0.976499625576392     
  0.689680000000000       0.976591794016141     
  0.689760000000000       0.976683962757929     
  0.689840000000000       0.976776131800844     
  0.689920000000000       0.976868301143835     
  0.690000000000000       0.976960470786150     
  0.690080000000000       0.977052640726879     
  0.690160000000000       0.977144810965154     
  0.690240000000000       0.977236981500010     
  0.690320000000000       0.977329152330751     
  0.690400000000000       0.977421323456451     
  0.690480000000000       0.977513494875819     
  0.690560000000000       0.977605666588542     
  0.690640000000000       0.977697838593468     
  0.690720000000000       0.977790010889745     
  0.690800000000000       0.977882183476294     
  0.690880000000000       0.977974356352658     
  0.690960000000000       0.978066529517332     
  0.691040000000000       0.978158702970217     
  0.691120000000000       0.978250876709762     
  0.691200000000000       0.978343050735415     
  0.691280000000000       0.978435225046152     
  0.691360000000000       0.978527399641291     
  0.691440000000000       0.978619574519681     
  0.691520000000000       0.978711749680681     
  0.691600000000000       0.978803925123043     
  0.691680000000000       0.978896100846381     
  0.691760000000000       0.978988276849361     
  0.691840000000000       0.979080453131371     
  0.691920000000000       0.979172629691530     
  0.692000000000000       0.979264806528715     
  0.692080000000000       0.979356983642316     
  0.692160000000000       0.979449161031223     
  0.692240000000000       0.979541338694727     
  0.692320000000000       0.979633516631748     
  0.692400000000000       0.979725694841687     
  0.692480000000000       0.979817873323452     
  0.692560000000000       0.979910052076090     
  0.692640000000000       0.980002231098891     
  0.692720000000000       0.980094410390959     
  0.692800000000000       0.980186589951185     
  0.692880000000000       0.980278769779059     
  0.692960000000000       0.980370949873387     
  0.693040000000000       0.980463130233500     
  0.693120000000000       0.980555310858205     
  0.693200000000000       0.980647491746933     
  0.693280000000000       0.980739672898704     
  0.693360000000000       0.980831854312495     
  0.693440000000000       0.980924035987851     
  0.693520000000000       0.981016217923280     
  0.693600000000000       0.981108400118242     
  0.693680000000000       0.981200582571870     
  0.693760000000000       0.981292765283140     
  0.693840000000000       0.981384948251201     
  0.693920000000000       0.981477131475142     
  0.694000000000000       0.981569314954254     
  0.694080000000000       0.981661498687512     
  0.694160000000000       0.981753682674079     
  0.694240000000000       0.981845866913144     
  0.694320000000000       0.981938051403571     
  0.694400000000000       0.982030236144394     
  0.694480000000000       0.982122421135369     
  0.694560000000000       0.982214606374964     
  0.694640000000000       0.982306791862780     
  0.694720000000000       0.982398977597552     
  0.694800000000000       0.982491163578456     
  0.694880000000000       0.982583349804767     
  0.694960000000000       0.982675536275548     
  0.695040000000000       0.982767722989689     
  0.695120000000000       0.982859909946580     
  0.695200000000000       0.982952097145326     
  0.695280000000000       0.983044284584903     
  0.695360000000000       0.983136472264459     
  0.695440000000000       0.983228660183241     
  0.695520000000000       0.983320848340367     
  0.695600000000000       0.983413036734544     
  0.695680000000000       0.983505225365431     
  0.695760000000000       0.983597414231806     
  0.695840000000000       0.983689603332832     
  0.695920000000000       0.983781792667625     
  0.696000000000000       0.983873982235619     
  0.696080000000000       0.983966172035321     
  0.696160000000000       0.984058362066403     
  0.696240000000000       0.984150552327745     
  0.696320000000000       0.984242742818265     
  0.696400000000000       0.984334933537494     
  0.696480000000000       0.984427124484409     
  0.696560000000000       0.984519315657874     
  0.696640000000000       0.984611507057249     
  0.696720000000000       0.984703698681668     
  0.696800000000000       0.984795890530077     
  0.696880000000000       0.984888082601668     
  0.696960000000000       0.984980274895602     
  0.697040000000000       0.985072467410828     
  0.697120000000000       0.985164660146918     
  0.697200000000000       0.985256853102396     
  0.697280000000000       0.985349046276679     
  0.697360000000000       0.985441239668799     
  0.697440000000000       0.985533433278019     
  0.697520000000000       0.985625627103343     
  0.697600000000000       0.985717821143777     
  0.697680000000000       0.985810015398724     
  0.697760000000000       0.985902209867061     
  0.697840000000000       0.985994404547850     
  0.697920000000000       0.986086599440338     
  0.698000000000000       0.986178794543886     
  0.698080000000000       0.986270989857044     
  0.698160000000000       0.986363185379471     
  0.698240000000000       0.986455381110002     
  0.698320000000000       0.986547577047699     
  0.698400000000000       0.986639773191879     
  0.698480000000000       0.986731969541435     
  0.698560000000000       0.986824166095599     
  0.698640000000000       0.986916362853631     
  0.698720000000000       0.987008559814183     
  0.698800000000000       0.987100756977026     
  0.698880000000000       0.987192954340739     
  0.698960000000000       0.987285151904754     
  0.699040000000000       0.987377349667963     
  0.699120000000000       0.987469547629655     
  0.699200000000000       0.987561745788892     
  0.699280000000000       0.987653944144708     
  0.699360000000000       0.987746142696250     
  0.699440000000000       0.987838341442878     
  0.699520000000000       0.987930540383400     
  0.699600000000000       0.988022739516649     
  0.699680000000000       0.988114938842639     
  0.699760000000000       0.988207138359667     
  0.699840000000000       0.988299338067205     
  0.699920000000000       0.988391537964145     
  0.700000000000000       0.988483738049976     
  0.700080000000000       0.988575938323504     
  0.700160000000000       0.988668138783990     
  0.700240000000000       0.988760339430510     
  0.700320000000000       0.988852540261942     
  0.700400000000000       0.988944741277945     
  0.700480000000000       0.989036942477026     
  0.700560000000000       0.989129143858702     
  0.700640000000000       0.989221345422050     
  0.700720000000000       0.989313547165975     
  0.700800000000000       0.989405749090008     
  0.700880000000000       0.989497951192502     
  0.700960000000000       0.989590153473398     
  0.701040000000000       0.989682355931276     
  0.701120000000000       0.989774558565554     
  0.701200000000000       0.989866761375165     
  0.701280000000000       0.989958964359229     
  0.701360000000000       0.990051167517063     
  0.701440000000000       0.990143370847574     
  0.701520000000000       0.990235574350021     
  0.701600000000000       0.990327778023382     
  0.701680000000000       0.990419981866705     
  0.701760000000000       0.990512185879407     
  0.701840000000000       0.990604390060366     
  0.701920000000000       0.990696594408786     
  0.702000000000000       0.990788798923586     
  0.702080000000000       0.990881003604184     
  0.702160000000000       0.990973208449543     
  0.702240000000000       0.991065413458639     
  0.702320000000000       0.991157618630947     
  0.702400000000000       0.991249823965259     
  0.702480000000000       0.991342029460921     
  0.702560000000000       0.991434235116867     
  0.702640000000000       0.991526440932202     
  0.702720000000000       0.991618646906187     
  0.702800000000000       0.991710853037827     
  0.702880000000000       0.991803059326227     
  0.702960000000000       0.991895265770748     
  0.703040000000000       0.991987472370081     
  0.703120000000000       0.992079679123887     
  0.703200000000000       0.992171886030488     
  0.703280000000000       0.992264093089770     
  0.703360000000000       0.992356300300383     
  0.703440000000000       0.992448507661817     
  0.703520000000000       0.992540715172834     
  0.703600000000000       0.992632922832922     
  0.703680000000000       0.992725130640562     
  0.703760000000000       0.992817338595498     
  0.703840000000000       0.992909546696748     
  0.703920000000000       0.993001754942949     
  0.704000000000000       0.993093963333661     
  0.704080000000000       0.993186171868285     
  0.704160000000000       0.993278380545203     
  0.704240000000000       0.993370589363903     
  0.704320000000000       0.993462798323517     
  0.704400000000000       0.993555007423279     
  0.704480000000000       0.993647216661839     
  0.704560000000000       0.993739426038684     
  0.704640000000000       0.993831635553047     
  0.704720000000000       0.993923845203665     
  0.704800000000000       0.994016054990024     
  0.704880000000000       0.994108264911060     
  0.704960000000000       0.994200474965635     
  0.705040000000000       0.994292685153209     
  0.705120000000000       0.994384895472930     
  0.705200000000000       0.994477105923718     
  0.705280000000000       0.994569316504877     
  0.705360000000000       0.994661527215254     
  0.705440000000000       0.994753738054027     
  0.705520000000000       0.994845949020782     
  0.705600000000000       0.994938160113887     
  0.705680000000000       0.995030371332785     
  0.705760000000000       0.995122582676768     
  0.705840000000000       0.995214794144798     
  0.705920000000000       0.995307005735935     
  0.706000000000000       0.995399217449457     
  0.706080000000000       0.995491429284283     
  0.706160000000000       0.995583641239574     
  0.706240000000000       0.995675853314506     
  0.706320000000000       0.995768065508255     
  0.706400000000000       0.995860277820026     
  0.706480000000000       0.995952490248524     
  0.706560000000000       0.996044702793253     
  0.706640000000000       0.996136915453090     
  0.706720000000000       0.996229128227168     
  0.706800000000000       0.996321341114790     
  0.706880000000000       0.996413554115020     
  0.706960000000000       0.996505767226776     
  0.707040000000000       0.996597980449320     
  0.707120000000000       0.996690193781657     
  0.707200000000000       0.996782407223290     
  0.707280000000000       0.996874620772868     
  0.707360000000000       0.996966834429782     
  0.707440000000000       0.997059048192807     
  0.707520000000000       0.997151262061490     
  0.707600000000000       0.997243476034794     
  0.707680000000000       0.997335690111680     
  0.707760000000000       0.997427904291226     
  0.707840000000000       0.997520118573004     
  0.707920000000000       0.997612332955737     
  0.708000000000000       0.997704547438443     
  0.708080000000000       0.997796762020539     
  0.708160000000000       0.997888976701017     
  0.708240000000000       0.997981191478982     
  0.708320000000000       0.998073406353538     
  0.708400000000000       0.998165621323875     
  0.708480000000000       0.998257836389070     
  0.708560000000000       0.998350051548198     
  0.708640000000000       0.998442266800265     
  0.708720000000000       0.998534482144632     
  0.708800000000000       0.998626697580246     
  0.708880000000000       0.998718913106327     
  0.708960000000000       0.998811128721979     
  0.709040000000000       0.998903344426094     
  0.709120000000000       0.998995560218216     
  0.709200000000000       0.999087776097068     
  0.709280000000000       0.999179992061994     
  0.709360000000000       0.999272208111958     
  0.709440000000000       0.999364424246221     
  0.709520000000000       0.999456640463674     
  0.709600000000000       0.999548856763465     
  0.709680000000000       0.999641073145025     
  0.709760000000000       0.999733289607232     
  0.709840000000000       0.999825506149290     
  0.709920000000000       0.999917722770076     
  0.710000000000000        1.00000993946896     
  0.710080000000000        1.00010215624505     
  0.710160000000000        1.00019437309733     
  0.710240000000000        1.00028659002504     
  0.710320000000000        1.00037880702729     
  0.710400000000000        1.00047102410289     
  0.710480000000000        1.00056324125144     
  0.710560000000000        1.00065545847160     
  0.710640000000000        1.00074767576293     
  0.710720000000000        1.00083989312406     
  0.710800000000000        1.00093211055451     
  0.710880000000000        1.00102432805319     
  0.710960000000000        1.00111654561929     
  0.711040000000000        1.00120876325192     
  0.711120000000000        1.00130098095027     
  0.711200000000000        1.00139319871333     
  0.711280000000000        1.00148541654013     
  0.711360000000000        1.00157763442993     
  0.711440000000000        1.00166985238171     
  0.711520000000000        1.00176207039484     
  0.711600000000000        1.00185428846846     
  0.711680000000000        1.00194650660128     
  0.711760000000000        1.00203872479248     
  0.711840000000000        1.00213094304146     
  0.711920000000000        1.00222316134753     
  0.712000000000000        1.00231537970907     
  0.712080000000000        1.00240759812577     
  0.712160000000000        1.00249981659669     
  0.712240000000000        1.00259203512078     
  0.712320000000000        1.00268425369721     
  0.712400000000000        1.00277647232491     
  0.712480000000000        1.00286869100362     
  0.712560000000000        1.00296090973172     
  0.712640000000000        1.00305312850862     
  0.712720000000000        1.00314534733354     
  0.712800000000000        1.00323756620540     
  0.712880000000000        1.00332978512349     
  0.712960000000000        1.00342200408680     
  0.713040000000000        1.00351422309457     
  0.713120000000000        1.00360644214579     
  0.713200000000000        1.00369866123972     
  0.713280000000000        1.00379088037509     
  0.713360000000000        1.00388309955146     
  0.713440000000000        1.00397531876795     
  0.713520000000000        1.00406753802330     
  0.713600000000000        1.00415975731670     
  0.713680000000000        1.00425197664778     
  0.713760000000000        1.00434419601504     
  0.713840000000000        1.00443641541783     
  0.713920000000000        1.00452863485536     
  0.714000000000000        1.00462085432646     
  0.714080000000000        1.00471307383068     
  0.714160000000000        1.00480529336681     
  0.714240000000000        1.00489751293408     
  0.714320000000000        1.00498973253144     
  0.714400000000000        1.00508195215826     
  0.714480000000000        1.00517417181325     
  0.714560000000000        1.00526639149620     
  0.714640000000000        1.00535861120545     
  0.714720000000000        1.00545083094076     
  0.714800000000000        1.00554305070093     
  0.714880000000000        1.00563527048498     
  0.714960000000000        1.00572749029236     
  0.715040000000000        1.00581971012190     
  0.715120000000000        1.00591192997281     
  0.715200000000000        1.00600414984413     
  0.715280000000000        1.00609636973503     
  0.715360000000000        1.00618858964468     
  0.715440000000000        1.00628080957226     
  0.715520000000000        1.00637302951664     
  0.715600000000000        1.00646524947724     
  0.715680000000000        1.00655746945284     
  0.715760000000000        1.00664968944268     
  0.715840000000000        1.00674190944609     
  0.715920000000000        1.00683412946192     
  0.716000000000000        1.00692634948966     
  0.716080000000000        1.00701856952763     
  0.716160000000000        1.00711078957583     
  0.716240000000000        1.00720300963291     
  0.716320000000000        1.00729522969794     
  0.716400000000000        1.00738744977045     
  0.716480000000000        1.00747966984897     
  0.716560000000000        1.00757188993303     
  0.716640000000000        1.00766411002182     
  0.716720000000000        1.00775633011419     
  0.716800000000000        1.00784855020909     
  0.716880000000000        1.00794077030613     
  0.716960000000000        1.00803299040397     
  0.717040000000000        1.00812521050214     
  0.717120000000000        1.00821743059938     
  0.717200000000000        1.00830965069518     
  0.717280000000000        1.00840187078823     
  0.717360000000000        1.00849409087803     
  0.717440000000000        1.00858631096348     
  0.717520000000000        1.00867853104364     
  0.717600000000000        1.00877075111776     
  0.717680000000000        1.00886297118499     
  0.717760000000000        1.00895519124431     
  0.717840000000000        1.00904741129494     
  0.717920000000000        1.00913963133575     
  0.718000000000000        1.00923185136642     
  0.718080000000000        1.00932407138550     
  0.718160000000000        1.00941629139217     
  0.718240000000000        1.00950851138607     
  0.718320000000000        1.00960073136549     
  0.718400000000000        1.00969295133026     
  0.718480000000000        1.00978517127910     
  0.718560000000000        1.00987739121134     
  0.718640000000000        1.00996961112587     
  0.718720000000000        1.01006183102210     
  0.718800000000000        1.01015405089870     
  0.718880000000000        1.01024627075540     
  0.718960000000000        1.01033849059071     
  0.719040000000000        1.01043071040430     
  0.719120000000000        1.01052293019466     
  0.719200000000000        1.01061514996149     
  0.719280000000000        1.01070736970337     
  0.719360000000000        1.01079958942003     
  0.719440000000000        1.01089180911017     
  0.719520000000000        1.01098402877275     
  0.719600000000000        1.01107624840733     
  0.719680000000000        1.01116846801280     
  0.719760000000000        1.01126068758822     
  0.719840000000000        1.01135290713298     
  0.719920000000000        1.01144512664579     
  0.720000000000000        1.01153734612612     
  0.720080000000000        1.01162956557277     
  0.720160000000000        1.01172178498512     
  0.720240000000000        1.01181400436209     
  0.720320000000000        1.01190622370315     
  0.720400000000000        1.01199844300677     
  0.720480000000000        1.01209066227282     
  0.720560000000000        1.01218288149969     
  0.720640000000000        1.01227510068724     
  0.720720000000000        1.01236731983398     
  0.720800000000000        1.01245953893908     
  0.720880000000000        1.01255175800186     
  0.720960000000000        1.01264397702174     
  0.721040000000000        1.01273619599702     
  0.721120000000000        1.01282841492754     
  0.721200000000000        1.01292063381214     
  0.721280000000000        1.01301285265008     
  0.721360000000000        1.01310507144001     
  0.721440000000000        1.01319729018159     
  0.721520000000000        1.01328950887355     
  0.721600000000000        1.01338172751528     
  0.721680000000000        1.01347394610570     
  0.721760000000000        1.01356616464424     
  0.721840000000000        1.01365838312983     
  0.721920000000000        1.01375060156125     
  0.722000000000000        1.01384281993805     
  0.722080000000000        1.01393503825923     
  0.722160000000000        1.01402725652397     
  0.722240000000000        1.01411947473107     
  0.722320000000000        1.01421169288011     
  0.722400000000000        1.01430391096984     
  0.722480000000000        1.01439612899945     
  0.722560000000000        1.01448834696816     
  0.722640000000000        1.01458056487494     
  0.722720000000000        1.01467278271934     
  0.722800000000000        1.01476500049983     
  0.722880000000000        1.01485721821574     
  0.722960000000000        1.01494943586631     
  0.723040000000000        1.01504165345078     
  0.723120000000000        1.01513387096790     
  0.723200000000000        1.01522608841718     
  0.723280000000000        1.01531830579749     
  0.723360000000000        1.01541052310797     
  0.723440000000000        1.01550274034781     
  0.723520000000000        1.01559495751608     
  0.723600000000000        1.01568717461177     
  0.723680000000000        1.01577939163412     
  0.723760000000000        1.01587160858221     
  0.723840000000000        1.01596382545554     
  0.723920000000000        1.01605604225248     
  0.724000000000000        1.01614825897269     
  0.724080000000000        1.01624047561500     
  0.724160000000000        1.01633269217865     
  0.724240000000000        1.01642490866311     
  0.724320000000000        1.01651712506685     
  0.724400000000000        1.01660934138939     
  0.724480000000000        1.01670155762963     
  0.724560000000000        1.01679377378673     
  0.724640000000000        1.01688598985995     
  0.724720000000000        1.01697820584843     
  0.724800000000000        1.01707042175115     
  0.724880000000000        1.01716263756712     
  0.724960000000000        1.01725485329565     
  0.725040000000000        1.01734706893580     
  0.725120000000000        1.01743928448665     
  0.725200000000000        1.01753149994729     
  0.725280000000000        1.01762371531688     
  0.725360000000000        1.01771593059470     
  0.725440000000000        1.01780814577969     
  0.725520000000000        1.01790036087088     
  0.725600000000000        1.01799257586745     
  0.725680000000000        1.01808479076859     
  0.725760000000000        1.01817700557357     
  0.725840000000000        1.01826922028105     
  0.725920000000000        1.01836143489035     
  0.726000000000000        1.01845364940094     
  0.726080000000000        1.01854586381134     
  0.726160000000000        1.01863807812121     
  0.726240000000000        1.01873029232904     
  0.726320000000000        1.01882250643474     
  0.726400000000000        1.01891472043671     
  0.726480000000000        1.01900693433472     
  0.726560000000000        1.01909914812724     
  0.726640000000000        1.01919136181358     
  0.726720000000000        1.01928357539319     
  0.726800000000000        1.01937578886486     
  0.726880000000000        1.01946800222777     
  0.726960000000000        1.01956021548091     
  0.727040000000000        1.01965242862377     
  0.727120000000000        1.01974464165525     
  0.727200000000000        1.01983685457423     
  0.727280000000000        1.01992906738003     
  0.727360000000000        1.02002128007210     
  0.727440000000000        1.02011349264873     
  0.727520000000000        1.02020570511000     
  0.727600000000000        1.02029791745440     
  0.727680000000000        1.02039012968123     
  0.727760000000000        1.02048234178951     
  0.727840000000000        1.02057455377854     
  0.727920000000000        1.02066676564712     
  0.728000000000000        1.02075897739472     
  0.728080000000000        1.02085118902017     
  0.728160000000000        1.02094340052286     
  0.728240000000000        1.02103561190165     
  0.728320000000000        1.02112782315595     
  0.728400000000000        1.02122003428452     
  0.728480000000000        1.02131224528672     
  0.728560000000000        1.02140445616163     
  0.728640000000000        1.02149666690817     
  0.728720000000000        1.02158887752581     
  0.728800000000000        1.02168108801334     
  0.728880000000000        1.02177329837012     
  0.728960000000000        1.02186550859515     
  0.729040000000000        1.02195771868732     
  0.729120000000000        1.02204992864600     
  0.729200000000000        1.02214213847045     
  0.729280000000000        1.02223434815964     
  0.729360000000000        1.02232655771266     
  0.729440000000000        1.02241876712834     
  0.729520000000000        1.02251097640638     
  0.729600000000000        1.02260318554549     
  0.729680000000000        1.02269539454481     
  0.729760000000000        1.02278760340354     
  0.729840000000000        1.02287981212073     
  0.729920000000000        1.02297202069586     
  0.730000000000000        1.02306422912752     
  0.730080000000000        1.02315643741498     
  0.730160000000000        1.02324864555751     
  0.730240000000000        1.02334085355409     
  0.730320000000000        1.02343306140379     
  0.730400000000000        1.02352526910607     
  0.730480000000000        1.02361747665963     
  0.730560000000000        1.02370968406369     
  0.730640000000000        1.02380189131744     
  0.730720000000000        1.02389409841991     
  0.730800000000000        1.02398630537065     
  0.730880000000000        1.02407851216790     
  0.730960000000000        1.02417071881159     
  0.731040000000000        1.02426292530043     
  0.731120000000000        1.02435513163368     
  0.731200000000000        1.02444733781034     
  0.731280000000000        1.02453954382959     
  0.731360000000000        1.02463174969044     
  0.731440000000000        1.02472395539233     
  0.731520000000000        1.02481616093403     
  0.731600000000000        1.02490836631499     
  0.731680000000000        1.02500057153383     
  0.731760000000000        1.02509277659021     
  0.731840000000000        1.02518498148261     
  0.731920000000000        1.02527718621084     
  0.732000000000000        1.02536939077367     
  0.732080000000000        1.02546159517018     
  0.732160000000000        1.02555379939953     
  0.732240000000000        1.02564600346085     
  0.732320000000000        1.02573820735335     
  0.732400000000000        1.02583041107597     
  0.732480000000000        1.02592261462797     
  0.732560000000000        1.02601481800822     
  0.732640000000000        1.02610702121620     
  0.732720000000000        1.02619922425086     
  0.732800000000000        1.02629142711114     
  0.732880000000000        1.02638362979644     
  0.732960000000000        1.02647583230576     
  0.733040000000000        1.02656803463833     
  0.733120000000000        1.02666023679286     
  0.733200000000000        1.02675243876899     
  0.733280000000000        1.02684464056545     
  0.733360000000000        1.02693684218150     
  0.733440000000000        1.02702904361628     
  0.733520000000000        1.02712124486899     
  0.733600000000000        1.02721344593863     
  0.733680000000000        1.02730564682390     
  0.733760000000000        1.02739784752481     
  0.733840000000000        1.02749004803976     
  0.733920000000000        1.02758224836832     
  0.734000000000000        1.02767444850930     
  0.734080000000000        1.02776664846170     
  0.734160000000000        1.02785884822508     
  0.734240000000000        1.02795104779836     
  0.734320000000000        1.02804324718043     
  0.734400000000000        1.02813544637060     
  0.734480000000000        1.02822764536824     
  0.734560000000000        1.02831984417193     
  0.734640000000000        1.02841204278105     
  0.734720000000000        1.02850424119479     
  0.734800000000000        1.02859643941207     
  0.734880000000000        1.02868863743224     
  0.734960000000000        1.02878083525439     
  0.735040000000000        1.02887303287740     
  0.735120000000000        1.02896523030060     
  0.735200000000000        1.02905742752318     
  0.735280000000000        1.02914962454402     
  0.735360000000000        1.02924182136234     
  0.735440000000000        1.02933401797729     
  0.735520000000000        1.02942621438791     
  0.735600000000000        1.02951841059329     
  0.735680000000000        1.02961060659252     
  0.735760000000000        1.02970280238494     
  0.735840000000000        1.02979499796960     
  0.735920000000000        1.02988719334534     
  0.736000000000000        1.02997938851177     
  0.736080000000000        1.03007158346750     
  0.736160000000000        1.03016377821171     
  0.736240000000000        1.03025597274388     
  0.736320000000000        1.03034816706281     
  0.736400000000000        1.03044036116782     
  0.736480000000000        1.03053255505799     
  0.736560000000000        1.03062474873213     
  0.736640000000000        1.03071694218972     
  0.736720000000000        1.03080913542985     
  0.736800000000000        1.03090132845139     
  0.736880000000000        1.03099352125360     
  0.736960000000000        1.03108571383555     
  0.737040000000000        1.03117790619669     
  0.737120000000000        1.03127009833559     
  0.737200000000000        1.03136229025153     
  0.737280000000000        1.03145448194387     
  0.737360000000000        1.03154667341162     
  0.737440000000000        1.03163886465377     
  0.737520000000000        1.03173105566951     
  0.737600000000000        1.03182324645807     
  0.737680000000000        1.03191543701841     
  0.737760000000000        1.03200762734958     
  0.737840000000000        1.03209981745087     
  0.737920000000000        1.03219200732134     
  0.738000000000000        1.03228419696010     
  0.738080000000000        1.03237638636622     
  0.738160000000000        1.03246857553887     
  0.738240000000000        1.03256076447728     
  0.738320000000000        1.03265295318020     
  0.738400000000000        1.03274514164717     
  0.738480000000000        1.03283732987712     
  0.738560000000000        1.03292951786909     
  0.738640000000000        1.03302170562234     
  0.738720000000000        1.03311389313587     
  0.738800000000000        1.03320608040879     
  0.738880000000000        1.03329826744040     
  0.738960000000000        1.03339045422962     
  0.739040000000000        1.03348264077571     
  0.739120000000000        1.03357482707750     
  0.739200000000000        1.03366701313453     
  0.739280000000000        1.03375919894554     
  0.739360000000000        1.03385138450990     
  0.739440000000000        1.03394356982652     
  0.739520000000000        1.03403575489487     
  0.739600000000000        1.03412793971367     
  0.739680000000000        1.03422012428213     
  0.739760000000000        1.03431230859941     
  0.739840000000000        1.03440449266482     
  0.739920000000000        1.03449667647695     
