  0.660000000000000       6.163687773444827E-003
  0.660080000000000       6.163733551624962E-003
  0.660160000000000       6.163779370221657E-003
  0.660240000000000       6.163825229238019E-003
  0.660320000000000       6.163871128727339E-003
  0.660400000000000       6.163917068666303E-003
  0.660480000000000       6.163963048936339E-003
  0.660560000000000       6.164009069739729E-003
  0.660640000000000       6.164055130788704E-003
  0.660720000000000       6.164101232460296E-003
  0.660800000000000       6.164147374517360E-003
  0.660880000000000       6.164193556870413E-003
  0.660960000000000       6.164239779782799E-003
  0.661040000000000       6.164286043216328E-003
  0.661120000000000       6.164332346898106E-003
  0.661200000000000       6.164378691060835E-003
  0.661280000000000       6.164425075586167E-003
  0.661360000000000       6.164471500635083E-003
  0.661440000000000       6.164517966090566E-003
  0.661520000000000       6.164564471918200E-003
  0.661600000000000       6.164611018292732E-003
  0.661680000000000       6.164657604913071E-003
  0.661760000000000       6.164704232056995E-003
  0.661840000000000       6.164750899729610E-003
  0.661920000000000       6.164797607686446E-003
  0.662000000000000       6.164844356133115E-003
  0.662080000000000       6.164891144965701E-003
  0.662160000000000       6.164937974274576E-003
  0.662240000000000       6.164984843957600E-003
  0.662320000000000       6.165031754037643E-003
  0.662400000000000       6.165078704633720E-003
  0.662480000000000       6.165125695515573E-003
  0.662560000000000       6.165172726932112E-003
  0.662640000000000       6.165219798794076E-003
  0.662720000000000       6.165266910966461E-003
  0.662800000000000       6.165314063642669E-003
  0.662880000000000       6.165361256703906E-003
  0.662960000000000       6.165408490245206E-003
  0.663040000000000       6.165455764118911E-003
  0.663120000000000       6.165503078403623E-003
  0.663200000000000       6.165550433181944E-003
  0.663280000000000       6.165597828390147E-003
  0.663360000000000       6.165645263952291E-003
  0.663440000000000       6.165692739948315E-003
  0.663520000000000       6.165740256516773E-003
  0.663600000000000       6.165787813282409E-003
  0.663680000000000       6.165835410582732E-003
  0.663760000000000       6.165883048239219E-003
  0.663840000000000       6.165930726406411E-003
  0.663920000000000       6.165978444980614E-003
  0.664000000000000       6.166026203840370E-003
  0.664080000000000       6.166074003225708E-003
  0.664160000000000       6.166121843045148E-003
  0.664240000000000       6.166169723210758E-003
  0.664320000000000       6.166217643915940E-003
  0.664400000000000       6.166265604842947E-003
  0.664480000000000       6.166313606371477E-003
  0.664560000000000       6.166361648286146E-003
  0.664640000000000       6.166409730509904E-003
  0.664720000000000       6.166457853266128E-003
  0.664800000000000       6.166506016310348E-003
  0.664880000000000       6.166554219905907E-003
  0.664960000000000       6.166602463754823E-003
  0.665040000000000       6.166650748161518E-003
  0.665120000000000       6.166699072969007E-003
  0.665200000000000       6.166747438157528E-003
  0.665280000000000       6.166795843765716E-003
  0.665360000000000       6.166844289778029E-003
  0.665440000000000       6.166892776217115E-003
  0.665520000000000       6.166941303136931E-003
  0.665600000000000       6.166989870307438E-003
  0.665680000000000       6.167038477992649E-003
  0.665760000000000       6.167087126179239E-003
  0.665840000000000       6.167135814674696E-003
  0.665920000000000       6.167184543536309E-003
  0.666000000000000       6.167233312815146E-003
  0.666080000000000       6.167282122593588E-003
  0.666160000000000       6.167330972756836E-003
  0.666240000000000       6.167379863300227E-003
  0.666320000000000       6.167428794249075E-003
  0.666400000000000       6.167477765657337E-003
  0.666480000000000       6.167526777438637E-003
  0.666560000000000       6.167575829645156E-003
  0.666640000000000       6.167624922304205E-003
  0.666720000000000       6.167674055253692E-003
  0.666800000000000       6.167723228751410E-003
  0.666880000000000       6.167772442548448E-003
  0.666960000000000       6.167821696814669E-003
  0.667040000000000       6.167870991449487E-003
  0.667120000000000       6.167920326479105E-003
  0.667200000000000       6.167969701968801E-003
  0.667280000000000       6.168019117862845E-003
  0.667360000000000       6.168068574157016E-003
  0.667440000000000       6.168118070863971E-003
  0.667520000000000       6.168167607925757E-003
  0.667600000000000       6.168217185452508E-003
  0.667680000000000       6.168266803258150E-003
  0.667760000000000       6.168316461639557E-003
  0.667840000000000       6.168366160295858E-003
  0.667920000000000       6.168415899437774E-003
  0.668000000000000       6.168465678965829E-003
  0.668080000000000       6.168515498960182E-003
  0.668160000000000       6.168565359266288E-003
  0.668240000000000       6.168615260010491E-003
  0.668320000000000       6.168665201173252E-003
  0.668400000000000       6.168715182728591E-003
  0.668480000000000       6.168765204617666E-003
  0.668560000000000       6.168815267092054E-003
  0.668640000000000       6.168865369797816E-003
  0.668720000000000       6.168915512945673E-003
  0.668800000000000       6.168965696436591E-003
  0.668880000000000       6.169015920495059E-003
  0.668960000000000       6.169066184792672E-003
  0.669040000000000       6.169116489584559E-003
  0.669120000000000       6.169166834758145E-003
  0.669200000000000       6.169217220238821E-003
  0.669280000000000       6.169267646253297E-003
  0.669360000000000       6.169318112645251E-003
  0.669440000000000       6.169368619372052E-003
  0.669520000000000       6.169419166516522E-003
  0.669600000000000       6.169469754094870E-003
  0.669680000000000       6.169520382004069E-003
  0.669760000000000       6.169571050443069E-003
  0.669840000000000       6.169621759184497E-003
  0.669920000000000       6.169672508385116E-003
  0.670000000000000       6.169723297915475E-003
  0.670080000000000       6.169774127846184E-003
  0.670160000000000       6.169824998176799E-003
  0.670240000000000       6.169875908951506E-003
  0.670320000000000       6.169926860125897E-003
  0.670400000000000       6.169977851630471E-003
  0.670480000000000       6.170028883548496E-003
  0.670560000000000       6.170079955880637E-003
  0.670640000000000       6.170131068654650E-003
  0.670720000000000       6.170182221758847E-003
  0.670800000000000       6.170233415204552E-003
  0.670880000000000       6.170284649224245E-003
  0.670960000000000       6.170335923457771E-003
  0.671040000000000       6.170387238164921E-003
  0.671120000000000       6.170438593244443E-003
  0.671200000000000       6.170489988712991E-003
  0.671280000000000       6.170541424610754E-003
  0.671360000000000       6.170592900870010E-003
  0.671440000000000       6.170644417463001E-003
  0.671520000000000       6.170695974558039E-003
  0.671600000000000       6.170747571988145E-003
  0.671680000000000       6.170799209880330E-003
  0.671760000000000       6.170850888124236E-003
  0.671840000000000       6.170902606661244E-003
  0.671920000000000       6.170954365663218E-003
  0.672000000000000       6.171006165131932E-003
  0.672080000000000       6.171058004841124E-003
  0.672160000000000       6.171109885090332E-003
  0.672240000000000       6.171161805552928E-003
  0.672320000000000       6.171213766516238E-003
  0.672400000000000       6.171265767921864E-003
  0.672480000000000       6.171317809618593E-003
  0.672560000000000       6.171369891689694E-003
  0.672640000000000       6.171422014238193E-003
  0.672720000000000       6.171474177094228E-003
  0.672800000000000       6.171526380386805E-003
  0.672880000000000       6.171578624019781E-003
  0.672960000000000       6.171630908078641E-003
  0.673040000000000       6.171683232465464E-003
  0.673120000000000       6.171735597311923E-003
  0.673200000000000       6.171788002504331E-003
  0.673280000000000       6.171840448115296E-003
  0.673360000000000       6.171892934090862E-003
  0.673440000000000       6.171945460419704E-003
  0.673520000000000       6.171998027201742E-003
  0.673600000000000       6.172050634256455E-003
  0.673680000000000       6.172103281824094E-003
  0.673760000000000       6.172155969654192E-003
  0.673840000000000       6.172208697947035E-003
  0.673920000000000       6.172261466578278E-003
  0.674000000000000       6.172314275662050E-003
  0.674080000000000       6.172367124974310E-003
  0.674160000000000       6.172420014800829E-003
  0.674240000000000       6.172472944933772E-003
  0.674320000000000       6.172525915572092E-003
  0.674400000000000       6.172578926505735E-003
  0.674480000000000       6.172631977838617E-003
  0.674560000000000       6.172685069486806E-003
  0.674640000000000       6.172738201523576E-003
  0.674720000000000       6.172791374011100E-003
  0.674800000000000       6.172844586879212E-003
  0.674880000000000       6.172897840074621E-003
  0.674960000000000       6.172951133713234E-003
  0.675040000000000       6.173004467615862E-003
  0.675120000000000       6.173057841854891E-003
  0.675200000000000       6.173111256603959E-003
  0.675280000000000       6.173164711711854E-003
  0.675360000000000       6.173218207237197E-003
  0.675440000000000       6.173271743055420E-003
  0.675520000000000       6.173325319257340E-003
  0.675600000000000       6.173378935856722E-003
  0.675680000000000       6.173432592818263E-003
  0.675760000000000       6.173486290173714E-003
  0.675840000000000       6.173540027897318E-003
  0.675920000000000       6.173593806020606E-003
  0.676000000000000       6.173647624490731E-003
  0.676080000000000       6.173701483226646E-003
  0.676160000000000       6.173755382489699E-003
  0.676240000000000       6.173809321999003E-003
  0.676320000000000       6.173863301997696E-003
  0.676400000000000       6.173917322393186E-003
  0.676480000000000       6.173971382989408E-003
  0.676560000000000       6.174025484103219E-003
  0.676640000000000       6.174079625526564E-003
  0.676720000000000       6.174133807305849E-003
  0.676800000000000       6.174188029459283E-003
  0.676880000000000       6.174242292049704E-003
  0.676960000000000       6.174296595037366E-003
  0.677040000000000       6.174350938185125E-003
  0.677120000000000       6.174405321852917E-003
  0.677200000000000       6.174459745862438E-003
  0.677280000000000       6.174514210316274E-003
  0.677360000000000       6.174568715035900E-003
  0.677440000000000       6.174623260179635E-003
  0.677520000000000       6.174677845627131E-003
  0.677600000000000       6.174732471509837E-003
  0.677680000000000       6.174787137692306E-003
  0.677760000000000       6.174841844263580E-003
  0.677840000000000       6.174896591199897E-003
  0.677920000000000       6.174951378577865E-003
  0.678000000000000       6.175006206261369E-003
  0.678080000000000       6.175061074198674E-003
  0.678160000000000       6.175115982651348E-003
  0.678240000000000       6.175170931422436E-003
  0.678320000000000       6.175225920479078E-003
  0.678400000000000       6.175280950023777E-003
  0.678480000000000       6.175336019935519E-003
  0.678560000000000       6.175391130161235E-003
  0.678640000000000       6.175446280721354E-003
  0.678720000000000       6.175501471678269E-003
  0.678800000000000       6.175556702954044E-003
  0.678880000000000       6.175611974567331E-003
  0.678960000000000       6.175667286580522E-003
  0.679040000000000       6.175722639001614E-003
  0.679120000000000       6.175778031664293E-003
  0.679200000000000       6.175833464830128E-003
  0.679280000000000       6.175888938223118E-003
  0.679360000000000       6.175944452131921E-003
  0.679440000000000       6.176000006292526E-003
  0.679520000000000       6.176055600725584E-003
  0.679600000000000       6.176111235609839E-003
  0.679680000000000       6.176166910892889E-003
  0.679760000000000       6.176222626439288E-003
  0.679840000000000       6.176278382456202E-003
  0.679920000000000       6.176334178820176E-003
  0.680000000000000       6.176390015453493E-003
  0.680080000000000       6.176445892433203E-003
  0.680160000000000       6.176501809810376E-003
  0.680240000000000       6.176557767576352E-003
  0.680320000000000       6.176613765568151E-003
  0.680400000000000       6.176669804075097E-003
  0.680480000000000       6.176725882822077E-003
  0.680560000000000       6.176782001944315E-003
  0.680640000000000       6.176838161488441E-003
  0.680720000000000       6.176894361237296E-003
  0.680800000000000       6.176950601438459E-003
  0.680880000000000       6.177006882043302E-003
  0.680960000000000       6.177063202844658E-003
  0.681040000000000       6.177119564162715E-003
  0.681120000000000       6.177175965762772E-003
  0.681200000000000       6.177232407668810E-003
  0.681280000000000       6.177288889900368E-003
  0.681360000000000       6.177345412579350E-003
  0.681440000000000       6.177401975572084E-003
  0.681520000000000       6.177458578898332E-003
  0.681600000000000       6.177515222598063E-003
  0.681680000000000       6.177571906589564E-003
  0.681760000000000       6.177628630997401E-003
  0.681840000000000       6.177685395671696E-003
  0.681920000000000       6.177742200691717E-003
  0.682000000000000       6.177799046208677E-003
  0.682080000000000       6.177855932016075E-003
  0.682160000000000       6.177912858008661E-003
  0.682240000000000       6.177969824465990E-003
  0.682320000000000       6.178026831194439E-003
  0.682400000000000       6.178083878434260E-003
  0.682480000000000       6.178140965904789E-003
  0.682560000000000       6.178198093674637E-003
  0.682640000000000       6.178255261878585E-003
  0.682720000000000       6.178312470382964E-003
  0.682800000000000       6.178369719198207E-003
  0.682880000000000       6.178427008274135E-003
  0.682960000000000       6.178484337904067E-003
  0.683040000000000       6.178541707714303E-003
  0.683120000000000       6.178599117909789E-003
  0.683200000000000       6.178656568474095E-003
  0.683280000000000       6.178714059415880E-003
  0.683360000000000       6.178771590558397E-003
  0.683440000000000       6.178829162151445E-003
  0.683520000000000       6.178886774048698E-003
  0.683600000000000       6.178944426231948E-003
  0.683680000000000       6.179002118821098E-003
  0.683760000000000       6.179059851688030E-003
  0.683840000000000       6.179117624950648E-003
  0.683920000000000       6.179175438508811E-003
  0.684000000000000       6.179233292511511E-003
  0.684080000000000       6.179291186685632E-003
  0.684160000000000       6.179349121251666E-003
  0.684240000000000       6.179407096264234E-003
  0.684320000000000       6.179465111448668E-003
  0.684400000000000       6.179523167011248E-003
  0.684480000000000       6.179581262921553E-003
  0.684560000000000       6.179639399116966E-003
  0.684640000000000       6.179697575694743E-003
  0.684720000000000       6.179755792690856E-003
  0.684800000000000       6.179814049917010E-003
  0.684880000000000       6.179872347453808E-003
  0.684960000000000       6.179930685370306E-003
  0.685040000000000       6.179989063561032E-003
  0.685120000000000       6.180047482164320E-003
  0.685200000000000       6.180105941035841E-003
  0.685280000000000       6.180164440295944E-003
  0.685360000000000       6.180222979903550E-003
  0.685440000000000       6.180281559607970E-003
  0.685520000000000       6.180340179878164E-003
  0.685600000000000       6.180398840381730E-003
  0.685680000000000       6.180457541215035E-003
  0.685760000000000       6.180516282460458E-003
  0.685840000000000       6.180575063957684E-003
  0.685920000000000       6.180633885816623E-003
  0.686000000000000       6.180692747878514E-003
  0.686080000000000       6.180751650423800E-003
  0.686160000000000       6.180810593263520E-003
  0.686240000000000       6.180869576309745E-003
  0.686320000000000       6.180928599773639E-003
  0.686400000000000       6.180987663580374E-003
  0.686480000000000       6.181046767655119E-003
  0.686560000000000       6.181105912096019E-003
  0.686640000000000       6.181165096799158E-003
  0.686720000000000       6.181224321833368E-003
  0.686800000000000       6.181283587239062E-003
  0.686880000000000       6.181342892955844E-003
  0.686960000000000       6.181402238937529E-003
  0.687040000000000       6.181461625267826E-003
  0.687120000000000       6.181521051902551E-003
  0.687200000000000       6.181580518894326E-003
  0.687280000000000       6.181640026169877E-003
  0.687360000000000       6.181699573785161E-003
  0.687440000000000       6.181759161735956E-003
  0.687520000000000       6.181818789977856E-003
  0.687600000000000       6.181878458567037E-003
  0.687680000000000       6.181938167341184E-003
  0.687760000000000       6.181997916573857E-003
  0.687840000000000       6.182057706044342E-003
  0.687920000000000       6.182117535910071E-003
  0.688000000000000       6.182177406026047E-003
  0.688080000000000       6.182237316489526E-003
  0.688160000000000       6.182297267243220E-003
  0.688240000000000       6.182357258298233E-003
  0.688320000000000       6.182417289694975E-003
  0.688400000000000       6.182477361318651E-003
  0.688480000000000       6.182537473439043E-003
  0.688560000000000       6.182597625769049E-003
  0.688640000000000       6.182657818308224E-003
  0.688720000000000       6.182718051237091E-003
  0.688800000000000       6.182778324500360E-003
  0.688880000000000       6.182838638054289E-003
  0.688960000000000       6.182898991893993E-003
  0.689040000000000       6.182959386064547E-003
  0.689120000000000       6.183019820605696E-003
  0.689200000000000       6.183080295332922E-003
  0.689280000000000       6.183140810483812E-003
  0.689360000000000       6.183201365834990E-003
  0.689440000000000       6.183261961607612E-003
  0.689520000000000       6.183322597534336E-003
  0.689600000000000       6.183383273854082E-003
  0.689680000000000       6.183443990495131E-003
  0.689760000000000       6.183504747399749E-003
  0.689840000000000       6.183565544668746E-003
  0.689920000000000       6.183626382143582E-003
  0.690000000000000       6.183687259966809E-003
  0.690080000000000       6.183748178151083E-003
  0.690160000000000       6.183809136497010E-003
  0.690240000000000       6.183870135288361E-003
  0.690320000000000       6.183931174298874E-003
  0.690400000000000       6.183992253654669E-003
  0.690480000000000       6.184053373255827E-003
  0.690560000000000       6.184114533218033E-003
  0.690640000000000       6.184175733480669E-003
  0.690720000000000       6.184236973991775E-003
  0.690800000000000       6.184298254817745E-003
  0.690880000000000       6.184359575947696E-003
  0.690960000000000       6.184420937379854E-003
  0.691040000000000       6.184482339071807E-003
  0.691120000000000       6.184543781039987E-003
  0.691200000000000       6.184605263467358E-003
  0.691280000000000       6.184666786042171E-003
  0.691360000000000       6.184728348878111E-003
  0.691440000000000       6.184789952090642E-003
  0.691520000000000       6.184851595551644E-003
  0.691600000000000       6.184913279361926E-003
  0.691680000000000       6.184975003449989E-003
  0.691760000000000       6.185036767830266E-003
  0.691840000000000       6.185098572560933E-003
  0.691920000000000       6.185160417473901E-003
  0.692000000000000       6.185222302722383E-003
  0.692080000000000       6.185284228255528E-003
  0.692160000000000       6.185346194013164E-003
  0.692240000000000       6.185408200098320E-003
  0.692320000000000       6.185470246582270E-003
  0.692400000000000       6.185532333296485E-003
  0.692480000000000       6.185594460168354E-003
  0.692560000000000       6.185656627514958E-003
  0.692640000000000       6.185718835038979E-003
  0.692720000000000       6.185781082880971E-003
  0.692800000000000       6.185843371030498E-003
  0.692880000000000       6.185905699488892E-003
  0.692960000000000       6.185968068158455E-003
  0.693040000000000       6.186030477139327E-003
  0.693120000000000       6.186092926390652E-003
  0.693200000000000       6.186155415941964E-003
  0.693280000000000       6.186217945783046E-003
  0.693360000000000       6.186280515871046E-003
  0.693440000000000       6.186343126349848E-003
  0.693520000000000       6.186405776925020E-003
  0.693600000000000       6.186468467921636E-003
  0.693680000000000       6.186531199162727E-003
  0.693760000000000       6.186593970715349E-003
  0.693840000000000       6.186656782458045E-003
  0.693920000000000       6.186719634504723E-003
  0.694000000000000       6.186782526971069E-003
  0.694080000000000       6.186845459577307E-003
  0.694160000000000       6.186908432423133E-003
  0.694240000000000       6.186971445681522E-003
  0.694320000000000       6.187034499030287E-003
  0.694400000000000       6.187097592925062E-003
  0.694480000000000       6.187160726898889E-003
  0.694560000000000       6.187223901182249E-003
  0.694640000000000       6.187287115750718E-003
  0.694720000000000       6.187350370691336E-003
  0.694800000000000       6.187413665778508E-003
  0.694880000000000       6.187477001174325E-003
  0.694960000000000       6.187540376865242E-003
  0.695040000000000       6.187603792782648E-003
  0.695120000000000       6.187667248846829E-003
  0.695200000000000       6.187730745428600E-003
  0.695280000000000       6.187794282132942E-003
  0.695360000000000       6.187857859162139E-003
  0.695440000000000       6.187921476478665E-003
  0.695520000000000       6.187985134027008E-003
  0.695600000000000       6.188048831910643E-003
  0.695680000000000       6.188112569934835E-003
  0.695760000000000       6.188176348357600E-003
  0.695840000000000       6.188240167012183E-003
  0.695920000000000       6.188304025988956E-003
  0.696000000000000       6.188367925091188E-003
  0.696080000000000       6.188431864506950E-003
  0.696160000000000       6.188495844254228E-003
  0.696240000000000       6.188559864126076E-003
  0.696320000000000       6.188623924450676E-003
  0.696400000000000       6.188688024948475E-003
  0.696480000000000       6.188752165724055E-003
  0.696560000000000       6.188816346680826E-003
  0.696640000000000       6.188880567978883E-003
  0.696720000000000       6.188944829480115E-003
  0.696800000000000       6.189009131390134E-003
  0.696880000000000       6.189073473454921E-003
  0.696960000000000       6.189137855752192E-003
  0.697040000000000       6.189202278282391E-003
  0.697120000000000       6.189266741139444E-003
  0.697200000000000       6.189331244298258E-003
  0.697280000000000       6.189395787661801E-003
  0.697360000000000       6.189460371251388E-003
  0.697440000000000       6.189524995169827E-003
  0.697520000000000       6.189589659210171E-003
  0.697600000000000       6.189654363617781E-003
  0.697680000000000       6.189719108325820E-003
  0.697760000000000       6.189783893154433E-003
  0.697840000000000       6.189848718338099E-003
  0.697920000000000       6.189913583780005E-003
  0.698000000000000       6.189978489457727E-003
  0.698080000000000       6.190043435320192E-003
  0.698160000000000       6.190108421457109E-003
  0.698240000000000       6.190173447915771E-003
  0.698320000000000       6.190238514516767E-003
  0.698400000000000       6.190303621523219E-003
  0.698480000000000       6.190368768583410E-003
  0.698560000000000       6.190433956086584E-003
  0.698640000000000       6.190499183812249E-003
  0.698720000000000       6.190564451722214E-003
  0.698800000000000       6.190629759864442E-003
  0.698880000000000       6.190695108317313E-003
  0.698960000000000       6.190760497014215E-003
  0.699040000000000       6.190825925917621E-003
  0.699120000000000       6.190891395091037E-003
  0.699200000000000       6.190956904385248E-003
  0.699280000000000       6.191022454102902E-003
  0.699360000000000       6.191088044023064E-003
  0.699440000000000       6.191153674139072E-003
  0.699520000000000       6.191219344483790E-003
  0.699600000000000       6.191285055148477E-003
  0.699680000000000       6.191350805971042E-003
  0.699760000000000       6.191416597055178E-003
  0.699840000000000       6.191482428521234E-003
  0.699920000000000       6.191548300048578E-003
  0.700000000000000       6.191614211957842E-003
  0.700080000000000       6.191680163927727E-003
  0.700160000000000       6.191746156262435E-003
  0.700240000000000       6.191812188857160E-003
  0.700320000000000       6.191878261532047E-003
  0.700400000000000       6.191944374620829E-003
  0.700480000000000       6.192010527861492E-003
  0.700560000000000       6.192076721329088E-003
  0.700640000000000       6.192142955147518E-003
  0.700720000000000       6.192209229024793E-003
  0.700800000000000       6.192275543279769E-003
  0.700880000000000       6.192341897748799E-003
  0.700960000000000       6.192408292367713E-003
  0.701040000000000       6.192474727328801E-003
  0.701120000000000       6.192541202441549E-003
  0.701200000000000       6.192607717870047E-003
  0.701280000000000       6.192674273461974E-003
  0.701360000000000       6.192740869241754E-003
  0.701440000000000       6.192807505301535E-003
  0.701520000000000       6.192874181605346E-003
  0.701600000000000       6.192940898148525E-003
  0.701680000000000       6.193007654852246E-003
  0.701760000000000       6.193074451907910E-003
  0.701840000000000       6.193141289112792E-003
  0.701920000000000       6.193208166543718E-003
  0.702000000000000       6.193275084194694E-003
  0.702080000000000       6.193342042129891E-003
  0.702160000000000       6.193409040174559E-003
  0.702240000000000       6.193476078591154E-003
  0.702320000000000       6.193543157076143E-003
  0.702400000000000       6.193610275933504E-003
  0.702480000000000       6.193677434875911E-003
  0.702560000000000       6.193744634182031E-003
  0.702640000000000       6.193811873614941E-003
  0.702720000000000       6.193879153285887E-003
  0.702800000000000       6.193946473215740E-003
  0.702880000000000       6.194013833273272E-003
  0.702960000000000       6.194081233662097E-003
  0.703040000000000       6.194148674239220E-003
  0.703120000000000       6.194216154938027E-003
  0.703200000000000       6.194283675926383E-003
  0.703280000000000       6.194351237209839E-003
  0.703360000000000       6.194418838617422E-003
  0.703440000000000       6.194486480252604E-003
  0.703520000000000       6.194554162184663E-003
  0.703600000000000       6.194621884179342E-003
  0.703680000000000       6.194689646545504E-003
  0.703760000000000       6.194757449033573E-003
  0.703840000000000       6.194825291726814E-003
  0.703920000000000       6.194893174733807E-003
  0.704000000000000       6.194961097819186E-003
  0.704080000000000       6.195029061165914E-003
  0.704160000000000       6.195097064727140E-003
  0.704240000000000       6.195165108536838E-003
  0.704320000000000       6.195233192508854E-003
  0.704400000000000       6.195301316792846E-003
  0.704480000000000       6.195369481258029E-003
  0.704560000000000       6.195437685867767E-003
  0.704640000000000       6.195505930664692E-003
  0.704720000000000       6.195574215728517E-003
  0.704800000000000       6.195642540910030E-003
  0.704880000000000       6.195710906421282E-003
  0.704960000000000       6.195779311915218E-003
  0.705040000000000       6.195847757858353E-003
  0.705120000000000       6.195916243974909E-003
  0.705200000000000       6.195984770246899E-003
  0.705280000000000       6.196053336697861E-003
  0.705360000000000       6.196121943369094E-003
  0.705440000000000       6.196190590340090E-003
  0.705520000000000       6.196259277322414E-003
  0.705600000000000       6.196328004598062E-003
  0.705680000000000       6.196396772076885E-003
  0.705760000000000       6.196465579897215E-003
  0.705840000000000       6.196534427713996E-003
  0.705920000000000       6.196603315738836E-003
  0.706000000000000       6.196672244009039E-003
  0.706080000000000       6.196741212522828E-003
  0.706160000000000       6.196810221231131E-003
  0.706240000000000       6.196879270076439E-003
  0.706320000000000       6.196948359141575E-003
  0.706400000000000       6.197017488405000E-003
  0.706480000000000       6.197086657910012E-003
  0.706560000000000       6.197155867580673E-003
  0.706640000000000       6.197225117329942E-003
  0.706720000000000       6.197294407407839E-003
  0.706800000000000       6.197363737645390E-003
  0.706880000000000       6.197433108077900E-003
  0.706960000000000       6.197502518648746E-003
  0.707040000000000       6.197571969507810E-003
  0.707120000000000       6.197641460473236E-003
  0.707200000000000       6.197710991707118E-003
  0.707280000000000       6.197780563026490E-003
  0.707360000000000       6.197850174625198E-003
  0.707440000000000       6.197919826332266E-003
  0.707520000000000       6.197989518327996E-003
  0.707600000000000       6.198059250411437E-003
  0.707680000000000       6.198129022693833E-003
  0.707760000000000       6.198198835202940E-003
  0.707840000000000       6.198268688034681E-003
  0.707920000000000       6.198338580802699E-003
  0.708000000000000       6.198408513817633E-003
  0.708080000000000       6.198478487065052E-003
  0.708160000000000       6.198548500470347E-003
  0.708240000000000       6.198618554004654E-003
  0.708320000000000       6.198688647875806E-003
  0.708400000000000       6.198758781829562E-003
  0.708480000000000       6.198828955907221E-003
  0.708560000000000       6.198899170231132E-003
  0.708640000000000       6.198969424774870E-003
  0.708720000000000       6.199039719380340E-003
  0.708800000000000       6.199110054213187E-003
  0.708880000000000       6.199180429289398E-003
  0.708960000000000       6.199250844449767E-003
  0.709040000000000       6.199321299934769E-003
  0.709120000000000       6.199391795402898E-003
  0.709200000000000       6.199462331022688E-003
  0.709280000000000       6.199532906976880E-003
  0.709360000000000       6.199603523138465E-003
  0.709440000000000       6.199674179320037E-003
  0.709520000000000       6.199744875776059E-003
  0.709600000000000       6.199815612322680E-003
  0.709680000000000       6.199886389142196E-003
  0.709760000000000       6.199957206020113E-003
  0.709840000000000       6.200028063169594E-003
  0.709920000000000       6.200098960420109E-003
  0.710000000000000       6.200169897840935E-003
  0.710080000000000       6.200240875516006E-003
  0.710160000000000       6.200311893276789E-003
  0.710240000000000       6.200382951175910E-003
  0.710320000000000       6.200454049303073E-003
  0.710400000000000       6.200525187610540E-003
  0.710480000000000       6.200596365986844E-003
  0.710560000000000       6.200667584644038E-003
  0.710640000000000       6.200738843297016E-003
  0.710720000000000       6.200810142303049E-003
  0.710800000000000       6.200881481319077E-003
  0.710880000000000       6.200952860628651E-003
  0.710960000000000       6.201024280063906E-003
  0.711040000000000       6.201095739579988E-003
  0.711120000000000       6.201167239361861E-003
  0.711200000000000       6.201238779211016E-003
  0.711280000000000       6.201310359313528E-003
  0.711360000000000       6.201381979426258E-003
  0.711440000000000       6.201453639836308E-003
  0.711520000000000       6.201525340312309E-003
  0.711600000000000       6.201597081015243E-003
  0.711680000000000       6.201668861829868E-003
  0.711760000000000       6.201740682843671E-003
  0.711840000000000       6.201812543955843E-003
  0.711920000000000       6.201884445295170E-003
  0.712000000000000       6.201956386692010E-003
  0.712080000000000       6.202028368333102E-003
  0.712160000000000       6.202100390033483E-003
  0.712240000000000       6.202172451894628E-003
  0.712320000000000       6.202244553999359E-003
  0.712400000000000       6.202316696125410E-003
  0.712480000000000       6.202388878541232E-003
  0.712560000000000       6.202461101065638E-003
  0.712640000000000       6.202533363640451E-003
  0.712720000000000       6.202605666480388E-003
  0.712800000000000       6.202678009388052E-003
  0.712880000000000       6.202750392551293E-003
  0.712960000000000       6.202822815685006E-003
  0.713040000000000       6.202895279060972E-003
  0.713120000000000       6.202967782611247E-003
  0.713200000000000       6.203040326307630E-003
  0.713280000000000       6.203112910009124E-003
  0.713360000000000       6.203185534017708E-003
  0.713440000000000       6.203258198132656E-003
  0.713520000000000       6.203330902347082E-003
  0.713600000000000       6.203403646728268E-003
  0.713680000000000       6.203476431267330E-003
  0.713760000000000       6.203549255851027E-003
  0.713840000000000       6.203622120666098E-003
  0.713920000000000       6.203695025545564E-003
  0.714000000000000       6.203767970588237E-003
  0.714080000000000       6.203840955757923E-003
  0.714160000000000       6.203913981108800E-003
  0.714240000000000       6.203987046576032E-003
  0.714320000000000       6.204060152159841E-003
  0.714400000000000       6.204133297947934E-003
  0.714480000000000       6.204206483802200E-003
  0.714560000000000       6.204279709723527E-003
  0.714640000000000       6.204352975857353E-003
  0.714720000000000       6.204426282107312E-003
  0.714800000000000       6.204499628489391E-003
  0.714880000000000       6.204573015005811E-003
  0.714960000000000       6.204646441631257E-003
  0.715040000000000       6.204719908455659E-003
  0.715120000000000       6.204793415366439E-003
  0.715200000000000       6.204866962339618E-003
  0.715280000000000       6.204940549502869E-003
  0.715360000000000       6.205014176749169E-003
  0.715440000000000       6.205087844152014E-003
  0.715520000000000       6.205161551783345E-003
  0.715600000000000       6.205235299449986E-003
  0.715680000000000       6.205309087153710E-003
  0.715760000000000       6.205382915070379E-003
  0.715840000000000       6.205456783143149E-003
  0.715920000000000       6.205530691264328E-003
  0.716000000000000       6.205604639467222E-003
  0.716080000000000       6.205678627893275E-003
  0.716160000000000       6.205752656393494E-003
  0.716240000000000       6.205826724999853E-003
  0.716320000000000       6.205900833698364E-003
  0.716400000000000       6.205974982638463E-003
  0.716480000000000       6.206049171566797E-003
  0.716560000000000       6.206123400644793E-003
  0.716640000000000       6.206197669873560E-003
  0.716720000000000       6.206271979174938E-003
  0.716800000000000       6.206346328553148E-003
  0.716880000000000       6.206420718136752E-003
  0.716960000000000       6.206495147748337E-003
  0.717040000000000       6.206569617618386E-003
  0.717120000000000       6.206644127439809E-003
  0.717200000000000       6.206718677414669E-003
  0.717280000000000       6.206793267504330E-003
  0.717360000000000       6.206867897741875E-003
  0.717440000000000       6.206942568048480E-003
  0.717520000000000       6.207017278355532E-003
  0.717600000000000       6.207092029080031E-003
  0.717680000000000       6.207166819702615E-003
  0.717760000000000       6.207241650425122E-003
  0.717840000000000       6.207316521153628E-003
  0.717920000000000       6.207391432206322E-003
  0.718000000000000       6.207466383272787E-003
  0.718080000000000       6.207541374376336E-003
  0.718160000000000       6.207616405603789E-003
  0.718240000000000       6.207691476948041E-003
  0.718320000000000       6.207766588484365E-003
  0.718400000000000       6.207841740089749E-003
  0.718480000000000       6.207916931757308E-003
  0.718560000000000       6.207992163445742E-003
  0.718640000000000       6.208067435293608E-003
  0.718720000000000       6.208142747259161E-003
  0.718800000000000       6.208218099279340E-003
  0.718880000000000       6.208293491444073E-003
  0.718960000000000       6.208368923716057E-003
  0.719040000000000       6.208444396045776E-003
  0.719120000000000       6.208519908422794E-003
  0.719200000000000       6.208595461038070E-003
  0.719280000000000       6.208671053657123E-003
  0.719360000000000       6.208746686398304E-003
  0.719440000000000       6.208822359153255E-003
  0.719520000000000       6.208898072070746E-003
  0.719600000000000       6.208973825072839E-003
  0.719680000000000       6.209049618149987E-003
  0.719760000000000       6.209125451295528E-003
  0.719840000000000       6.209201324484149E-003
  0.719920000000000       6.209277237796452E-003
  0.720000000000000       6.209353191251311E-003
  0.720080000000000       6.209429184856719E-003
  0.720160000000000       6.209505218347778E-003
  0.720240000000000       6.209581292029132E-003
  0.720320000000000       6.209657405765113E-003
  0.720400000000000       6.209733559649645E-003
  0.720480000000000       6.209809753545282E-003
  0.720560000000000       6.209885987560160E-003
  0.720640000000000       6.209962261697611E-003
  0.720720000000000       6.210038575854161E-003
  0.720800000000000       6.210114930105971E-003
  0.720880000000000       6.210191324461923E-003
  0.720960000000000       6.210267758855626E-003
  0.721040000000000       6.210344233281085E-003
  0.721120000000000       6.210420747972113E-003
  0.721200000000000       6.210497302496832E-003
  0.721280000000000       6.210573897202077E-003
  0.721360000000000       6.210650531995921E-003
  0.721440000000000       6.210727206872813E-003
  0.721520000000000       6.210803921767694E-003
  0.721600000000000       6.210880676915487E-003
  0.721680000000000       6.210957471884316E-003
  0.721760000000000       6.211034307062758E-003
  0.721840000000000       6.211111182249419E-003
  0.721920000000000       6.211188097519128E-003
  0.722000000000000       6.211265052939164E-003
  0.722080000000000       6.211342048387847E-003
  0.722160000000000       6.211419083830095E-003
  0.722240000000000       6.211496159404240E-003
  0.722320000000000       6.211573275057437E-003
  0.722400000000000       6.211650430717298E-003
  0.722480000000000       6.211727626515052E-003
  0.722560000000000       6.211804862291937E-003
  0.722640000000000       6.211882138125003E-003
  0.722720000000000       6.211959454065542E-003
  0.722800000000000       6.212036810109112E-003
  0.722880000000000       6.212114206262154E-003
  0.722960000000000       6.212191642320609E-003
  0.723040000000000       6.212269118507408E-003
  0.723120000000000       6.212346634715527E-003
  0.723200000000000       6.212424191081523E-003
  0.723280000000000       6.212501787445524E-003
  0.723360000000000       6.212579423798426E-003
  0.723440000000000       6.212657100351394E-003
  0.723520000000000       6.212734816913913E-003
  0.723600000000000       6.212812573449345E-003
  0.723680000000000       6.212890370097358E-003
  0.723760000000000       6.212968206782233E-003
  0.723840000000000       6.213046083566365E-003
  0.723920000000000       6.213124000291437E-003
  0.724000000000000       6.213201957092896E-003
  0.724080000000000       6.213279954081097E-003
  0.724160000000000       6.213357991006464E-003
  0.724240000000000       6.213436067996448E-003
  0.724320000000000       6.213514185027514E-003
  0.724400000000000       6.213592342197361E-003
  0.724480000000000       6.213670539271066E-003
  0.724560000000000       6.213748776461126E-003
  0.724640000000000       6.213827053702038E-003
  0.724720000000000       6.213905371006457E-003
  0.724800000000000       6.213983728268691E-003
  0.724880000000000       6.214062125713227E-003
  0.724960000000000       6.214140563062732E-003
  0.725040000000000       6.214219040543468E-003
  0.725120000000000       6.214297558023097E-003
  0.725200000000000       6.214376115564680E-003
  0.725280000000000       6.214454713082952E-003
  0.725360000000000       6.214533350673169E-003
  0.725440000000000       6.214612028313349E-003
  0.725520000000000       6.214690745988839E-003
  0.725600000000000       6.214769503793339E-003
  0.725680000000000       6.214848301454846E-003
  0.725760000000000       6.214927139392579E-003
  0.725840000000000       6.215006017008796E-003
  0.725920000000000       6.215084934982507E-003
  0.726000000000000       6.215163892809007E-003
  0.726080000000000       6.215242890772067E-003
  0.726160000000000       6.215321928696494E-003
  0.726240000000000       6.215401006665334E-003
  0.726320000000000       6.215480124702123E-003
  0.726400000000000       6.215559282746020E-003
  0.726480000000000       6.215638480809239E-003
  0.726560000000000       6.215717718917314E-003
  0.726640000000000       6.215796997009183E-003
  0.726720000000000       6.215876315137914E-003
  0.726800000000000       6.215955673303065E-003
  0.726880000000000       6.216035071513071E-003
  0.726960000000000       6.216114509723304E-003
  0.727040000000000       6.216193987958852E-003
  0.727120000000000       6.216273506261017E-003
  0.727200000000000       6.216353064540093E-003
  0.727280000000000       6.216432662866023E-003
  0.727360000000000       6.216512301218825E-003
  0.727440000000000       6.216591979528108E-003
  0.727520000000000       6.216671697860266E-003
  0.727600000000000       6.216751456328540E-003
  0.727680000000000       6.216831254687128E-003
  0.727760000000000       6.216911093146749E-003
  0.727840000000000       6.216990971521553E-003
  0.727920000000000       6.217070890005384E-003
  0.728000000000000       6.217150848514087E-003
  0.728080000000000       6.217230846917322E-003
  0.728160000000000       6.217310885394057E-003
  0.728240000000000       6.217390963875458E-003
  0.728320000000000       6.217471082358417E-003
  0.728400000000000       6.217551240937969E-003
  0.728480000000000       6.217631439415828E-003
  0.728560000000000       6.217711677945426E-003
  0.728640000000000       6.217791956540753E-003
  0.728720000000000       6.217872275139414E-003
  0.728800000000000       6.217952633601299E-003
  0.728880000000000       6.218033032223281E-003
  0.728960000000000       6.218113470829945E-003
  0.729040000000000       6.218193949380214E-003
  0.729120000000000       6.218274467986219E-003
  0.729200000000000       6.218355026530276E-003
  0.729280000000000       6.218435625112751E-003
  0.729360000000000       6.218516263632169E-003
  0.729440000000000       6.218596942216426E-003
  0.729520000000000       6.218677660804240E-003
  0.729600000000000       6.218758419411819E-003
  0.729680000000000       6.218839218010076E-003
  0.729760000000000       6.218920056594347E-003
  0.729840000000000       6.219000935067599E-003
  0.729920000000000       6.219081853754461E-003
  0.730000000000000       6.219162812285673E-003
  0.730080000000000       6.219243810872400E-003
  0.730160000000000       6.219324849371422E-003
  0.730240000000000       6.219405927910638E-003
  0.730320000000000       6.219487046518691E-003
  0.730400000000000       6.219568204966431E-003
  0.730480000000000       6.219649403580264E-003
  0.730560000000000       6.219730642006028E-003
  0.730640000000000       6.219811920511732E-003
  0.730720000000000       6.219893239039865E-003
  0.730800000000000       6.219974597506717E-003
  0.730880000000000       6.220055995866548E-003
  0.730960000000000       6.220137434406015E-003
  0.731040000000000       6.220218912770515E-003
  0.731120000000000       6.220300431199189E-003
  0.731200000000000       6.220381989548596E-003
  0.731280000000000       6.220463587951742E-003
  0.731360000000000       6.220545226318475E-003
  0.731440000000000       6.220626904623484E-003
  0.731520000000000       6.220708622937155E-003
  0.731600000000000       6.220790381260822E-003
  0.731680000000000       6.220872179522097E-003
  0.731760000000000       6.220954017792702E-003
  0.731840000000000       6.221035896087291E-003
  0.731920000000000       6.221117814208688E-003
  0.732000000000000       6.221199772468867E-003
  0.732080000000000       6.221281770584498E-003
  0.732160000000000       6.221363808670600E-003
  0.732240000000000       6.221445886769584E-003
  0.732320000000000       6.221528004910760E-003
  0.732400000000000       6.221610162924263E-003
  0.732480000000000       6.221692360940435E-003
  0.732560000000000       6.221774598973041E-003
  0.732640000000000       6.221856876894850E-003
  0.732720000000000       6.221939194850857E-003
  0.732800000000000       6.222021552712721E-003
  0.732880000000000       6.222103950595238E-003
  0.732960000000000       6.222186388359186E-003
  0.733040000000000       6.222268866188863E-003
  0.733120000000000       6.222351383901304E-003
  0.733200000000000       6.222433941554462E-003
  0.733280000000000       6.222516539264689E-003
  0.733360000000000       6.222599176890543E-003
  0.733440000000000       6.222681854489754E-003
  0.733520000000000       6.222764572151585E-003
  0.733600000000000       6.222847329690629E-003
  0.733680000000000       6.222930127123317E-003
  0.733760000000000       6.223012964623065E-003
  0.733840000000000       6.223095841947402E-003
  0.733920000000000       6.223178759302162E-003
  0.734000000000000       6.223261716670248E-003
  0.734080000000000       6.223344713885793E-003
  0.734160000000000       6.223427751148414E-003
  0.734240000000000       6.223510828204982E-003
  0.734320000000000       6.223593945385898E-003
  0.734400000000000       6.223677102492432E-003
  0.734480000000000       6.223760299470405E-003
  0.734560000000000       6.223843536521435E-003
  0.734640000000000       6.223926813421255E-003
  0.734720000000000       6.224010130214275E-003
  0.734800000000000       6.224093487160066E-003
  0.734880000000000       6.224176883817423E-003
  0.734960000000000       6.224260320533182E-003
  0.735040000000000       6.224343797168564E-003
  0.735120000000000       6.224427313807502E-003
  0.735200000000000       6.224510870356959E-003
  0.735280000000000       6.224594466875333E-003
  0.735360000000000       6.224678103238946E-003
  0.735440000000000       6.224761779633426E-003
  0.735520000000000       6.224845495949084E-003
  0.735600000000000       6.224929252174150E-003
  0.735680000000000       6.225013048370798E-003
  0.735760000000000       6.225096884482851E-003
  0.735840000000000       6.225180760557159E-003
  0.735920000000000       6.225264676569520E-003
  0.736000000000000       6.225348632506390E-003
  0.736080000000000       6.225432628404182E-003
  0.736160000000000       6.225516664147879E-003
  0.736240000000000       6.225600739943316E-003
  0.736320000000000       6.225684855522263E-003
  0.736400000000000       6.225769011172933E-003
  0.736480000000000       6.225853206615995E-003
  0.736560000000000       6.225937442138330E-003
  0.736640000000000       6.226021717530106E-003
  0.736720000000000       6.226106032953638E-003
  0.736800000000000       6.226190388112497E-003
  0.736880000000000       6.226274783195419E-003
  0.736960000000000       6.226359218334299E-003
  0.737040000000000       6.226443693350393E-003
  0.737120000000000       6.226528208316973E-003
  0.737200000000000       6.226612763196072E-003
  0.737280000000000       6.226697357921963E-003
  0.737360000000000       6.226781992611442E-003
  0.737440000000000       6.226866667254517E-003
  0.737520000000000       6.226951381828761E-003
  0.737600000000000       6.227036136252240E-003
  0.737680000000000       6.227120930642639E-003
  0.737760000000000       6.227205765019051E-003
  0.737840000000000       6.227290639160100E-003
  0.737920000000000       6.227375553325355E-003
  0.738000000000000       6.227460507362493E-003
  0.738080000000000       6.227545501264409E-003
  0.738160000000000       6.227630535176321E-003
  0.738240000000000       6.227715608960561E-003
  0.738320000000000       6.227800722638222E-003
  0.738400000000000       6.227885876225959E-003
  0.738480000000000       6.227971069830796E-003
  0.738560000000000       6.228056303202712E-003
  0.738640000000000       6.228141576557978E-003
  0.738720000000000       6.228226889745826E-003
  0.738800000000000       6.228312242899482E-003
  0.738880000000000       6.228397635954775E-003
  0.738960000000000       6.228483069027835E-003
  0.739040000000000       6.228568541731195E-003
  0.739120000000000       6.228654054562455E-003
  0.739200000000000       6.228739607203871E-003
  0.739280000000000       6.228825199773348E-003
  0.739360000000000       6.228910832219815E-003
  0.739440000000000       6.228996504607221E-003
  0.739520000000000       6.229082216883165E-003
  0.739600000000000       6.229167969010786E-003
  0.739680000000000       6.229253760998078E-003
  0.739760000000000       6.229339593047990E-003
  0.739840000000000       6.229425464868089E-003
  0.739920000000000       6.229511376636677E-003
