  0.660000000000000       1.506827656165364E-002
  0.660080000000000       1.507031019300118E-002
  0.660160000000000       1.507234389878607E-002
  0.660240000000000       1.507437767886930E-002
  0.660320000000000       1.507641153324733E-002
  0.660400000000000       1.507844546195367E-002
  0.660480000000000       1.508047946486977E-002
  0.660560000000000       1.508251354209842E-002
  0.660640000000000       1.508454769356502E-002
  0.660720000000000       1.508658191924870E-002
  0.660800000000000       1.508861621913968E-002
  0.660880000000000       1.509065059321955E-002
  0.660960000000000       1.509268504142478E-002
  0.661040000000000       1.509471956374562E-002
  0.661120000000000       1.509675416025023E-002
  0.661200000000000       1.509878883085867E-002
  0.661280000000000       1.510082357556628E-002
  0.661360000000000       1.510285839427825E-002
  0.661440000000000       1.510489328709073E-002
  0.661520000000000       1.510692825391245E-002
  0.661600000000000       1.510896329473341E-002
  0.661680000000000       1.511099840955097E-002
  0.661760000000000       1.511303359837288E-002
  0.661840000000000       1.511506886111900E-002
  0.661920000000000       1.511710419775800E-002
  0.662000000000000       1.511913960833920E-002
  0.662080000000000       1.512117509280129E-002
  0.662160000000000       1.512321065117781E-002
  0.662240000000000       1.512524628336662E-002
  0.662320000000000       1.512728198937639E-002
  0.662400000000000       1.512931776924085E-002
  0.662480000000000       1.513135362291449E-002
  0.662560000000000       1.513338955030517E-002
  0.662640000000000       1.513542555147993E-002
  0.662720000000000       1.513746162643168E-002
  0.662800000000000       1.513949777504118E-002
  0.662880000000000       1.514153399736016E-002
  0.662960000000000       1.514357029338418E-002
  0.663040000000000       1.514560666306506E-002
  0.663120000000000       1.514764310639614E-002
  0.663200000000000       1.514967962333211E-002
  0.663280000000000       1.515171621383769E-002
  0.663360000000000       1.515375287802165E-002
  0.663440000000000       1.515578961567974E-002
  0.663520000000000       1.515782642692207E-002
  0.663600000000000       1.515986331165762E-002
  0.663680000000000       1.516190026995388E-002
  0.663760000000000       1.516393730173180E-002
  0.663840000000000       1.516597440690435E-002
  0.663920000000000       1.516801158560941E-002
  0.664000000000000       1.517004883771132E-002
  0.664080000000000       1.517208616319430E-002
  0.664160000000000       1.517412356210899E-002
  0.664240000000000       1.517616103436745E-002
  0.664320000000000       1.517819858002099E-002
  0.664400000000000       1.518023619896500E-002
  0.664480000000000       1.518227389122393E-002
  0.664560000000000       1.518431165675291E-002
  0.664640000000000       1.518634949557438E-002
  0.664720000000000       1.518838740768434E-002
  0.664800000000000       1.519042539305147E-002
  0.664880000000000       1.519246345158385E-002
  0.664960000000000       1.519450158332456E-002
  0.665040000000000       1.519653978827960E-002
  0.665120000000000       1.519857806629197E-002
  0.665200000000000       1.520061641755508E-002
  0.665280000000000       1.520265484190862E-002
  0.665360000000000       1.520469333933703E-002
  0.665440000000000       1.520673190977771E-002
  0.665520000000000       1.520877055336987E-002
  0.665600000000000       1.521080927001137E-002
  0.665680000000000       1.521284805963938E-002
  0.665760000000000       1.521488692229742E-002
  0.665840000000000       1.521692585793508E-002
  0.665920000000000       1.521896486652439E-002
  0.666000000000000       1.522100394804535E-002
  0.666080000000000       1.522304310252352E-002
  0.666160000000000       1.522508232992934E-002
  0.666240000000000       1.522712163020132E-002
  0.666320000000000       1.522916100329372E-002
  0.666400000000000       1.523120044930313E-002
  0.666480000000000       1.523323996812895E-002
  0.666560000000000       1.523527955972390E-002
  0.666640000000000       1.523731922411529E-002
  0.666720000000000       1.523935896129733E-002
  0.666800000000000       1.524139877120099E-002
  0.666880000000000       1.524343865386155E-002
  0.666960000000000       1.524547860927836E-002
  0.667040000000000       1.524751863735083E-002
  0.667120000000000       1.524955873807674E-002
  0.667200000000000       1.525159891152137E-002
  0.667280000000000       1.525363915751530E-002
  0.667360000000000       1.525567947616800E-002
  0.667440000000000       1.525771986744948E-002
  0.667520000000000       1.525976033124497E-002
  0.667600000000000       1.526180086765037E-002
  0.667680000000000       1.526384147657909E-002
  0.667760000000000       1.526588215802958E-002
  0.667840000000000       1.526792291197097E-002
  0.667920000000000       1.526996373840082E-002
  0.668000000000000       1.527200463731913E-002
  0.668080000000000       1.527404560859289E-002
  0.668160000000000       1.527608665238021E-002
  0.668240000000000       1.527812776852320E-002
  0.668320000000000       1.528016895704496E-002
  0.668400000000000       1.528221021794793E-002
  0.668480000000000       1.528425155123012E-002
  0.668560000000000       1.528629295678783E-002
  0.668640000000000       1.528833443466502E-002
  0.668720000000000       1.529037598485925E-002
  0.668800000000000       1.529241760724307E-002
  0.668880000000000       1.529445930195570E-002
  0.668960000000000       1.529650106885348E-002
  0.669040000000000       1.529854290800679E-002
  0.669120000000000       1.530058481931727E-002
  0.669200000000000       1.530262680280978E-002
  0.669280000000000       1.530466885846946E-002
  0.669360000000000       1.530671098618262E-002
  0.669440000000000       1.530875318610556E-002
  0.669520000000000       1.531079545803691E-002
  0.669600000000000       1.531283780204971E-002
  0.669680000000000       1.531488021816883E-002
  0.669760000000000       1.531692270632321E-002
  0.669840000000000       1.531896526645602E-002
  0.669920000000000       1.532100789863875E-002
  0.670000000000000       1.532305060275616E-002
  0.670080000000000       1.532509337880781E-002
  0.670160000000000       1.532713622685009E-002
  0.670240000000000       1.532917914674246E-002
  0.670320000000000       1.533122213861102E-002
  0.670400000000000       1.533326520230103E-002
  0.670480000000000       1.533530833788153E-002
  0.670560000000000       1.533735154531055E-002
  0.670640000000000       1.533939482450217E-002
  0.670720000000000       1.534143817557208E-002
  0.670800000000000       1.534348159836105E-002
  0.670880000000000       1.534552509293106E-002
  0.670960000000000       1.534756865930562E-002
  0.671040000000000       1.534961229731822E-002
  0.671120000000000       1.535165600703812E-002
  0.671200000000000       1.535369978849619E-002
  0.671280000000000       1.535574364161894E-002
  0.671360000000000       1.535778756640969E-002
  0.671440000000000       1.535983156278384E-002
  0.671520000000000       1.536187563075340E-002
  0.671600000000000       1.536391977030769E-002
  0.671680000000000       1.536596398143162E-002
  0.671760000000000       1.536800826417115E-002
  0.671840000000000       1.537005261833977E-002
  0.671920000000000       1.537209704408091E-002
  0.672000000000000       1.537414154129688E-002
  0.672080000000000       1.537618610998879E-002
  0.672160000000000       1.537823075015774E-002
  0.672240000000000       1.538027546174712E-002
  0.672320000000000       1.538232024473161E-002
  0.672400000000000       1.538436509905281E-002
  0.672480000000000       1.538641002482952E-002
  0.672560000000000       1.538845502196027E-002
  0.672640000000000       1.539050009039176E-002
  0.672720000000000       1.539254523016729E-002
  0.672800000000000       1.539459044117428E-002
  0.672880000000000       1.539663572357240E-002
  0.672960000000000       1.539868107713447E-002
  0.673040000000000       1.540072650198996E-002
  0.673120000000000       1.540277199801474E-002
  0.673200000000000       1.540481756526566E-002
  0.673280000000000       1.540686320373006E-002
  0.673360000000000       1.540890891331135E-002
  0.673440000000000       1.541095469404084E-002
  0.673520000000000       1.541300054586212E-002
  0.673600000000000       1.541504646880785E-002
  0.673680000000000       1.541709246283405E-002
  0.673760000000000       1.541913852796026E-002
  0.673840000000000       1.542118466407414E-002
  0.673920000000000       1.542323087123607E-002
  0.674000000000000       1.542527714941808E-002
  0.674080000000000       1.542732349856666E-002
  0.674160000000000       1.542936991866915E-002
  0.674240000000000       1.543141640974508E-002
  0.674320000000000       1.543346297173762E-002
  0.674400000000000       1.543550960463567E-002
  0.674480000000000       1.543755630841524E-002
  0.674560000000000       1.543960308306345E-002
  0.674640000000000       1.544164992856831E-002
  0.674720000000000       1.544369684490674E-002
  0.674800000000000       1.544574383207962E-002
  0.674880000000000       1.544779088996260E-002
  0.674960000000000       1.544983801871423E-002
  0.675040000000000       1.545188521815530E-002
  0.675120000000000       1.545393248830138E-002
  0.675200000000000       1.545597982916978E-002
  0.675280000000000       1.545802724079402E-002
  0.675360000000000       1.546007472304798E-002
  0.675440000000000       1.546212227596342E-002
  0.675520000000000       1.546416989950326E-002
  0.675600000000000       1.546621759368125E-002
  0.675680000000000       1.546826535846211E-002
  0.675760000000000       1.547031319376389E-002
  0.675840000000000       1.547236109966030E-002
  0.675920000000000       1.547440907609763E-002
  0.676000000000000       1.547645712305144E-002
  0.676080000000000       1.547850524046910E-002
  0.676160000000000       1.548055342842723E-002
  0.676240000000000       1.548260168677282E-002
  0.676320000000000       1.548465001559272E-002
  0.676400000000000       1.548669841485115E-002
  0.676480000000000       1.548874688446576E-002
  0.676560000000000       1.549079542449758E-002
  0.676640000000000       1.549284403489491E-002
  0.676720000000000       1.549489271561886E-002
  0.676800000000000       1.549694146664502E-002
  0.676880000000000       1.549899028799360E-002
  0.676960000000000       1.550103917962484E-002
  0.677040000000000       1.550308814154320E-002
  0.677120000000000       1.550513717363964E-002
  0.677200000000000       1.550718627600587E-002
  0.677280000000000       1.550923544855973E-002
  0.677360000000000       1.551128469133587E-002
  0.677440000000000       1.551333400426522E-002
  0.677520000000000       1.551538338729850E-002
  0.677600000000000       1.551743284048188E-002
  0.677680000000000       1.551948236383625E-002
  0.677760000000000       1.552153195718062E-002
  0.677840000000000       1.552358162064758E-002
  0.677920000000000       1.552563135417160E-002
  0.678000000000000       1.552768115768764E-002
  0.678080000000000       1.552973103121500E-002
  0.678160000000000       1.553178097474526E-002
  0.678240000000000       1.553383098829462E-002
  0.678320000000000       1.553588107174495E-002
  0.678400000000000       1.553793122514244E-002
  0.678480000000000       1.553998144842293E-002
  0.678560000000000       1.554203174157596E-002
  0.678640000000000       1.554408210466460E-002
  0.678720000000000       1.554613253758073E-002
  0.678800000000000       1.554818304033165E-002
  0.678880000000000       1.555023361287920E-002
  0.678960000000000       1.555228425527153E-002
  0.679040000000000       1.555433496743139E-002
  0.679120000000000       1.555638574929195E-002
  0.679200000000000       1.555843660090159E-002
  0.679280000000000       1.556048752226855E-002
  0.679360000000000       1.556253851329779E-002
  0.679440000000000       1.556458957400950E-002
  0.679520000000000       1.556664070441014E-002
  0.679600000000000       1.556869190442265E-002
  0.679680000000000       1.557074317403726E-002
  0.679760000000000       1.557279451327485E-002
  0.679840000000000       1.557484592211520E-002
  0.679920000000000       1.557689740046329E-002
  0.680000000000000       1.557894894839771E-002
  0.680080000000000       1.558100056581078E-002
  0.680160000000000       1.558305225275356E-002
  0.680240000000000       1.558510400913213E-002
  0.680320000000000       1.558715583506774E-002
  0.680400000000000       1.558920773039494E-002
  0.680480000000000       1.559125969512285E-002
  0.680560000000000       1.559331172932985E-002
  0.680640000000000       1.559536383282099E-002
  0.680720000000000       1.559741600574858E-002
  0.680800000000000       1.559946824794809E-002
  0.680880000000000       1.560152055954143E-002
  0.680960000000000       1.560357294046353E-002
  0.681040000000000       1.560562539055142E-002
  0.681120000000000       1.560767791005355E-002
  0.681200000000000       1.560973049869550E-002
  0.681280000000000       1.561178315661047E-002
  0.681360000000000       1.561383588372143E-002
  0.681440000000000       1.561588867997996E-002
  0.681520000000000       1.561794154550531E-002
  0.681600000000000       1.561999448009586E-002
  0.681680000000000       1.562204748385463E-002
  0.681760000000000       1.562410055672146E-002
  0.681840000000000       1.562615369867435E-002
  0.681920000000000       1.562820690967890E-002
  0.682000000000000       1.563026018975842E-002
  0.682080000000000       1.563231353886272E-002
  0.682160000000000       1.563436695698604E-002
  0.682240000000000       1.563642044408107E-002
  0.682320000000000       1.563847400011052E-002
  0.682400000000000       1.564052762517252E-002
  0.682480000000000       1.564258131917116E-002
  0.682560000000000       1.564463508201872E-002
  0.682640000000000       1.564668891383578E-002
  0.682720000000000       1.564874281447446E-002
  0.682800000000000       1.565079678400203E-002
  0.682880000000000       1.565285082231147E-002
  0.682960000000000       1.565490492949715E-002
  0.683040000000000       1.565695910539853E-002
  0.683120000000000       1.565901335016371E-002
  0.683200000000000       1.566106766367679E-002
  0.683280000000000       1.566312204590379E-002
  0.683360000000000       1.566517649686692E-002
  0.683440000000000       1.566723101647492E-002
  0.683520000000000       1.566928560483725E-002
  0.683600000000000       1.567134026177939E-002
  0.683680000000000       1.567339498736440E-002
  0.683760000000000       1.567544978167732E-002
  0.683840000000000       1.567750464449500E-002
  0.683920000000000       1.567955957588783E-002
  0.684000000000000       1.568161457591952E-002
  0.684080000000000       1.568366964443067E-002
  0.684160000000000       1.568572478144279E-002
  0.684240000000000       1.568777998705315E-002
  0.684320000000000       1.568983526105814E-002
  0.684400000000000       1.569189060355034E-002
  0.684480000000000       1.569394601448513E-002
  0.684560000000000       1.569600149382831E-002
  0.684640000000000       1.569805704164871E-002
  0.684720000000000       1.570011265775493E-002
  0.684800000000000       1.570216834229974E-002
  0.684880000000000       1.570422409513637E-002
  0.684960000000000       1.570627991636229E-002
  0.685040000000000       1.570833580584361E-002
  0.685120000000000       1.571039176361919E-002
  0.685200000000000       1.571244778962997E-002
  0.685280000000000       1.571450388395366E-002
  0.685360000000000       1.571656004649234E-002
  0.685440000000000       1.571861627719427E-002
  0.685520000000000       1.572067257614471E-002
  0.685600000000000       1.572272894326707E-002
  0.685680000000000       1.572478537847297E-002
  0.685760000000000       1.572684188185900E-002
  0.685840000000000       1.572889845329326E-002
  0.685920000000000       1.573095509287146E-002
  0.686000000000000       1.573301180052009E-002
  0.686080000000000       1.573506857622118E-002
  0.686160000000000       1.573712541992787E-002
  0.686240000000000       1.573918233162328E-002
  0.686320000000000       1.574123931136227E-002
  0.686400000000000       1.574329635906999E-002
  0.686480000000000       1.574535347471426E-002
  0.686560000000000       1.574741065829375E-002
  0.686640000000000       1.574946790978980E-002
  0.686720000000000       1.575152522920018E-002
  0.686800000000000       1.575358261643742E-002
  0.686880000000000       1.575564007155481E-002
  0.686960000000000       1.575769759450616E-002
  0.687040000000000       1.575975518527570E-002
  0.687120000000000       1.576181284387610E-002
  0.687200000000000       1.576387057014681E-002
  0.687280000000000       1.576592836424193E-002
  0.687360000000000       1.576798622608953E-002
  0.687440000000000       1.577004415560011E-002
  0.687520000000000       1.577210215287137E-002
  0.687600000000000       1.577416021780318E-002
  0.687680000000000       1.577621835036112E-002
  0.687760000000000       1.577827655056294E-002
  0.687840000000000       1.578033481841532E-002
  0.687920000000000       1.578239315384831E-002
  0.688000000000000       1.578445155683059E-002
  0.688080000000000       1.578651002740259E-002
  0.688160000000000       1.578856856552122E-002
  0.688240000000000       1.579062717119759E-002
  0.688320000000000       1.579268584427316E-002
  0.688400000000000       1.579474458490313E-002
  0.688480000000000       1.579680339298781E-002
  0.688560000000000       1.579886226846747E-002
  0.688640000000000       1.580092121141272E-002
  0.688720000000000       1.580298022176250E-002
  0.688800000000000       1.580503929950414E-002
  0.688880000000000       1.580709844457970E-002
  0.688960000000000       1.580915765697009E-002
  0.689040000000000       1.581121693669194E-002
  0.689120000000000       1.581327628375660E-002
  0.689200000000000       1.581533569812164E-002
  0.689280000000000       1.581739517968359E-002
  0.689360000000000       1.581945472856015E-002
  0.689440000000000       1.582151434463139E-002
  0.689520000000000       1.582357402787158E-002
  0.689600000000000       1.582563377837751E-002
  0.689680000000000       1.582769359592116E-002
  0.689760000000000       1.582975348074320E-002
  0.689840000000000       1.583181343261762E-002
  0.689920000000000       1.583387345158480E-002
  0.690000000000000       1.583593353774469E-002
  0.690080000000000       1.583799369086834E-002
  0.690160000000000       1.584005391105479E-002
  0.690240000000000       1.584211419830359E-002
  0.690320000000000       1.584417455253060E-002
  0.690400000000000       1.584623497374824E-002
  0.690480000000000       1.584829546192765E-002
  0.690560000000000       1.585035601708504E-002
  0.690640000000000       1.585241663913137E-002
  0.690720000000000       1.585447732814258E-002
  0.690800000000000       1.585653808401453E-002
  0.690880000000000       1.585859890676476E-002
  0.690960000000000       1.586065979632043E-002
  0.691040000000000       1.586272075275284E-002
  0.691120000000000       1.586478177596471E-002
  0.691200000000000       1.586684286601112E-002
  0.691280000000000       1.586890402279349E-002
  0.691360000000000       1.587096524636864E-002
  0.691440000000000       1.587302653665310E-002
  0.691520000000000       1.587508789360401E-002
  0.691600000000000       1.587714931727955E-002
  0.691680000000000       1.587921080767927E-002
  0.691760000000000       1.588127236467549E-002
  0.691840000000000       1.588333398826956E-002
  0.691920000000000       1.588539567854916E-002
  0.692000000000000       1.588745743539752E-002
  0.692080000000000       1.588951925887747E-002
  0.692160000000000       1.589158114878673E-002
  0.692240000000000       1.589364310531358E-002
  0.692320000000000       1.589570512837300E-002
  0.692400000000000       1.589776721788170E-002
  0.692480000000000       1.589982937388077E-002
  0.692560000000000       1.590189159634623E-002
  0.692640000000000       1.590395388522235E-002
  0.692720000000000       1.590601624047914E-002
  0.692800000000000       1.590807866221986E-002
  0.692880000000000       1.591014115030374E-002
  0.692960000000000       1.591220370474675E-002
  0.693040000000000       1.591426632552115E-002
  0.693120000000000       1.591632901261451E-002
  0.693200000000000       1.591839176597108E-002
  0.693280000000000       1.592045458568012E-002
  0.693360000000000       1.592251747162774E-002
  0.693440000000000       1.592458042373044E-002
  0.693520000000000       1.592664344216275E-002
  0.693600000000000       1.592870652670973E-002
  0.693680000000000       1.593076967747862E-002
  0.693760000000000       1.593283289440859E-002
  0.693840000000000       1.593489617744923E-002
  0.693920000000000       1.593695952660077E-002
  0.694000000000000       1.593902294192204E-002
  0.694080000000000       1.594108642328960E-002
  0.694160000000000       1.594314997068944E-002
  0.694240000000000       1.594521358415244E-002
  0.694320000000000       1.594727726365484E-002
  0.694400000000000       1.594934100912646E-002
  0.694480000000000       1.595140482058353E-002
  0.694560000000000       1.595346869804335E-002
  0.694640000000000       1.595553264139624E-002
  0.694720000000000       1.595759665065819E-002
  0.694800000000000       1.595966072587360E-002
  0.694880000000000       1.596172486696299E-002
  0.694960000000000       1.596378907388438E-002
  0.695040000000000       1.596585334664023E-002
  0.695120000000000       1.596791768526449E-002
  0.695200000000000       1.596998208973009E-002
  0.695280000000000       1.597204655989779E-002
  0.695360000000000       1.597411109588463E-002
  0.695440000000000       1.597617569756780E-002
  0.695520000000000       1.597824036501969E-002
  0.695600000000000       1.598030509814483E-002
  0.695680000000000       1.598236989694744E-002
  0.695760000000000       1.598443476142972E-002
  0.695840000000000       1.598649969156705E-002
  0.695920000000000       1.598856468732188E-002
  0.696000000000000       1.599062974868224E-002
  0.696080000000000       1.599269487562303E-002
  0.696160000000000       1.599476006813381E-002
  0.696240000000000       1.599682532624922E-002
  0.696320000000000       1.599889064980007E-002
  0.696400000000000       1.600095603889049E-002
  0.696480000000000       1.600302149346875E-002
  0.696560000000000       1.600508701350931E-002
  0.696640000000000       1.600715259901595E-002
  0.696720000000000       1.600921824997845E-002
  0.696800000000000       1.601128396630400E-002
  0.696880000000000       1.601334974800859E-002
  0.696960000000000       1.601541559509887E-002
  0.697040000000000       1.601748150753266E-002
  0.697120000000000       1.601954748529020E-002
  0.697200000000000       1.602161352837481E-002
  0.697280000000000       1.602367963676053E-002
  0.697360000000000       1.602574581042602E-002
  0.697440000000000       1.602781204927515E-002
  0.697520000000000       1.602987835339940E-002
  0.697600000000000       1.603194472270306E-002
  0.697680000000000       1.603401115720458E-002
  0.697760000000000       1.603607765693724E-002
  0.697840000000000       1.603814422173764E-002
  0.697920000000000       1.604021085170790E-002
  0.698000000000000       1.604227754676877E-002
  0.698080000000000       1.604434430698285E-002
  0.698160000000000       1.604641113219827E-002
  0.698240000000000       1.604847802249074E-002
  0.698320000000000       1.605054497780876E-002
  0.698400000000000       1.605261199811701E-002
  0.698480000000000       1.605467908347589E-002
  0.698560000000000       1.605674623377727E-002
  0.698640000000000       1.605881344904223E-002
  0.698720000000000       1.606088072923260E-002
  0.698800000000000       1.606294807429685E-002
  0.698880000000000       1.606501548429915E-002
  0.698960000000000       1.606708295917290E-002
  0.699040000000000       1.606915049889477E-002
  0.699120000000000       1.607121810341459E-002
  0.699200000000000       1.607328577282472E-002
  0.699280000000000       1.607535350695886E-002
  0.699360000000000       1.607742130588028E-002
  0.699440000000000       1.607948916959654E-002
  0.699520000000000       1.608155709804102E-002
  0.699600000000000       1.608362509112025E-002
  0.699680000000000       1.608569314897055E-002
  0.699760000000000       1.608776127145404E-002
  0.699840000000000       1.608982945863422E-002
  0.699920000000000       1.609189771044626E-002
  0.700000000000000       1.609396602688393E-002
  0.700080000000000       1.609603440786753E-002
  0.700160000000000       1.609810285341704E-002
  0.700240000000000       1.610017136355555E-002
  0.700320000000000       1.610223993821689E-002
  0.700400000000000       1.610430857742216E-002
  0.700480000000000       1.610637728110829E-002
  0.700560000000000       1.610844604923665E-002
  0.700640000000000       1.611051488193114E-002
  0.700720000000000       1.611258377897083E-002
  0.700800000000000       1.611465274043298E-002
  0.700880000000000       1.611672176629606E-002
  0.700960000000000       1.611879085655275E-002
  0.701040000000000       1.612086001112532E-002
  0.701120000000000       1.612292923007905E-002
  0.701200000000000       1.612499851335068E-002
  0.701280000000000       1.612706786091576E-002
  0.701360000000000       1.612913727272767E-002
  0.701440000000000       1.613120674882172E-002
  0.701520000000000       1.613327628913350E-002
  0.701600000000000       1.613534589372943E-002
  0.701680000000000       1.613741556243118E-002
  0.701760000000000       1.613948529537333E-002
  0.701840000000000       1.614155509242419E-002
  0.701920000000000       1.614362495367481E-002
  0.702000000000000       1.614569487901971E-002
  0.702080000000000       1.614776486843781E-002
  0.702160000000000       1.614983492198172E-002
  0.702240000000000       1.615190503957285E-002
  0.702320000000000       1.615397522120608E-002
  0.702400000000000       1.615604546685854E-002
  0.702480000000000       1.615811577648450E-002
  0.702560000000000       1.616018615010682E-002
  0.702640000000000       1.616225658765911E-002
  0.702720000000000       1.616432708920999E-002
  0.702800000000000       1.616639765463821E-002
  0.702880000000000       1.616846828401151E-002
  0.702960000000000       1.617053897722085E-002
  0.703040000000000       1.617260973427957E-002
  0.703120000000000       1.617468055520630E-002
  0.703200000000000       1.617675143994155E-002
  0.703280000000000       1.617882238849087E-002
  0.703360000000000       1.618089340081117E-002
  0.703440000000000       1.618296447690646E-002
  0.703520000000000       1.618503561674654E-002
  0.703600000000000       1.618710682023925E-002
  0.703680000000000       1.618917808753715E-002
  0.703760000000000       1.619124941849013E-002
  0.703840000000000       1.619332081308198E-002
  0.703920000000000       1.619539227130760E-002
  0.704000000000000       1.619746379318741E-002
  0.704080000000000       1.619953537860595E-002
  0.704160000000000       1.620160702765847E-002
  0.704240000000000       1.620367874025106E-002
  0.704320000000000       1.620575051642546E-002
  0.704400000000000       1.620782235607552E-002
  0.704480000000000       1.620989425928363E-002
  0.704560000000000       1.621196622591368E-002
  0.704640000000000       1.621403825603671E-002
  0.704720000000000       1.621611034956192E-002
  0.704800000000000       1.621818250655325E-002
  0.704880000000000       1.622025472698117E-002
  0.704960000000000       1.622232701072599E-002
  0.705040000000000       1.622439935789897E-002
  0.705120000000000       1.622647176835221E-002
  0.705200000000000       1.622854424215301E-002
  0.705280000000000       1.623061677923963E-002
  0.705360000000000       1.623268937965337E-002
  0.705440000000000       1.623476204331740E-002
  0.705520000000000       1.623683477021329E-002
  0.705600000000000       1.623890756031041E-002
  0.705680000000000       1.624098041363229E-002
  0.705760000000000       1.624305333016094E-002
  0.705840000000000       1.624512630980710E-002
  0.705920000000000       1.624719935261185E-002
  0.706000000000000       1.624927245858408E-002
  0.706080000000000       1.625134562763673E-002
  0.706160000000000       1.625341885976337E-002
  0.706240000000000       1.625549215493492E-002
  0.706320000000000       1.625756551319155E-002
  0.706400000000000       1.625963893446911E-002
  0.706480000000000       1.626171241873984E-002
  0.706560000000000       1.626378596597042E-002
  0.706640000000000       1.626585957615909E-002
  0.706720000000000       1.626793324938534E-002
  0.706800000000000       1.627000698543755E-002
  0.706880000000000       1.627208078440787E-002
  0.706960000000000       1.627415464633917E-002
  0.707040000000000       1.627622857104025E-002
  0.707120000000000       1.627830255867033E-002
  0.707200000000000       1.628037660906465E-002
  0.707280000000000       1.628245072228183E-002
  0.707360000000000       1.628452489827412E-002
  0.707440000000000       1.628659913708373E-002
  0.707520000000000       1.628867343857830E-002
  0.707600000000000       1.629074780284110E-002
  0.707680000000000       1.629282222978443E-002
  0.707760000000000       1.629489671942184E-002
  0.707840000000000       1.629697127169292E-002
  0.707920000000000       1.629904588665185E-002
  0.708000000000000       1.630112056423980E-002
  0.708080000000000       1.630319530444233E-002
  0.708160000000000       1.630527010715641E-002
  0.708240000000000       1.630734497249529E-002
  0.708320000000000       1.630941990036836E-002
  0.708400000000000       1.631149489074877E-002
  0.708480000000000       1.631356994369202E-002
  0.708560000000000       1.631564505906467E-002
  0.708640000000000       1.631772023695397E-002
  0.708720000000000       1.631979547725868E-002
  0.708800000000000       1.632187077995970E-002
  0.708880000000000       1.632394614511565E-002
  0.708960000000000       1.632602157265260E-002
  0.709040000000000       1.632809706258363E-002
  0.709120000000000       1.633017261476619E-002
  0.709200000000000       1.633224822935462E-002
  0.709280000000000       1.633432390621901E-002
  0.709360000000000       1.633639964540288E-002
  0.709440000000000       1.633847544680409E-002
  0.709520000000000       1.634055131047816E-002
  0.709600000000000       1.634262723641176E-002
  0.709680000000000       1.634470322455981E-002
  0.709760000000000       1.634677927482151E-002
  0.709840000000000       1.634885538731055E-002
  0.709920000000000       1.635093156188481E-002
  0.710000000000000       1.635300779862778E-002
  0.710080000000000       1.635508409748130E-002
  0.710160000000000       1.635716045839051E-002
  0.710240000000000       1.635923688140804E-002
  0.710320000000000       1.636131336645306E-002
  0.710400000000000       1.636338991353468E-002
  0.710480000000000       1.636546652262669E-002
  0.710560000000000       1.636754319365694E-002
  0.710640000000000       1.636961992669559E-002
  0.710720000000000       1.637169672170200E-002
  0.710800000000000       1.637377357863155E-002
  0.710880000000000       1.637585049744093E-002
  0.710960000000000       1.637792747810438E-002
  0.711040000000000       1.638000452064812E-002
  0.711120000000000       1.638208162510078E-002
  0.711200000000000       1.638415879134911E-002
  0.711280000000000       1.638623601942289E-002
  0.711360000000000       1.638831330923527E-002
  0.711440000000000       1.639039066088863E-002
  0.711520000000000       1.639246807420845E-002
  0.711600000000000       1.639454554928464E-002
  0.711680000000000       1.639662308607302E-002
  0.711760000000000       1.639870068457581E-002
  0.711840000000000       1.640077834472062E-002
  0.711920000000000       1.640285606650835E-002
  0.712000000000000       1.640493384993989E-002
  0.712080000000000       1.640701169497458E-002
  0.712160000000000       1.640908960154117E-002
  0.712240000000000       1.641116756974113E-002
  0.712320000000000       1.641324559947253E-002
  0.712400000000000       1.641532369076890E-002
  0.712480000000000       1.641740184351501E-002
  0.712560000000000       1.641948005778546E-002
  0.712640000000000       1.642155833347945E-002
  0.712720000000000       1.642363667064115E-002
  0.712800000000000       1.642571506924371E-002
  0.712880000000000       1.642779352926180E-002
  0.712960000000000       1.642987205063771E-002
  0.713040000000000       1.643195063338741E-002
  0.713120000000000       1.643402927748559E-002
  0.713200000000000       1.643610798290405E-002
  0.713280000000000       1.643818674964390E-002
  0.713360000000000       1.644026557770870E-002
  0.713440000000000       1.644234446692614E-002
  0.713520000000000       1.644442341751671E-002
  0.713600000000000       1.644650242927768E-002
  0.713680000000000       1.644858150225701E-002
  0.713760000000000       1.645066063645515E-002
  0.713840000000000       1.645273983176041E-002
  0.713920000000000       1.645481908823319E-002
  0.714000000000000       1.645689840581597E-002
  0.714080000000000       1.645897778454362E-002
  0.714160000000000       1.646105722435662E-002
  0.714240000000000       1.646313672519015E-002
  0.714320000000000       1.646521628708706E-002
  0.714400000000000       1.646729591002136E-002
  0.714480000000000       1.646937559401127E-002
  0.714560000000000       1.647145533891557E-002
  0.714640000000000       1.647353514483705E-002
  0.714720000000000       1.647561501166515E-002
  0.714800000000000       1.647769493948690E-002
  0.714880000000000       1.647977492807715E-002
  0.714960000000000       1.648185497768060E-002
  0.715040000000000       1.648393508811716E-002
  0.715120000000000       1.648601525940217E-002
  0.715200000000000       1.648809549152584E-002
  0.715280000000000       1.649017578443111E-002
  0.715360000000000       1.649225613813885E-002
  0.715440000000000       1.649433655256625E-002
  0.715520000000000       1.649641702777103E-002
  0.715600000000000       1.649849756377317E-002
  0.715680000000000       1.650057816037551E-002
  0.715760000000000       1.650265881769706E-002
  0.715840000000000       1.650473953570939E-002
  0.715920000000000       1.650682031433324E-002
  0.716000000000000       1.650890115358770E-002
  0.716080000000000       1.651098205350052E-002
  0.716160000000000       1.651306301393694E-002
  0.716240000000000       1.651514403498575E-002
  0.716320000000000       1.651722511660456E-002
  0.716400000000000       1.651930625867280E-002
  0.716480000000000       1.652138746132079E-002
  0.716560000000000       1.652346872441155E-002
  0.716640000000000       1.652555004793197E-002
  0.716720000000000       1.652763143191758E-002
  0.716800000000000       1.652971287635838E-002
  0.716880000000000       1.653179438119821E-002
  0.716960000000000       1.653387594641596E-002
  0.717040000000000       1.653595757200053E-002
  0.717120000000000       1.653803925795747E-002
  0.717200000000000       1.654012100419042E-002
  0.717280000000000       1.654220281074601E-002
  0.717360000000000       1.654428467758626E-002
  0.717440000000000       1.654636660471762E-002
  0.717520000000000       1.654844859205726E-002
  0.717600000000000       1.655053063968113E-002
  0.717680000000000       1.655261274749618E-002
  0.717760000000000       1.655469491540582E-002
  0.717840000000000       1.655677714355772E-002
  0.717920000000000       1.655885943184374E-002
  0.718000000000000       1.656094178026610E-002
  0.718080000000000       1.656302418876286E-002
  0.718160000000000       1.656510665734976E-002
  0.718240000000000       1.656718918603393E-002
  0.718320000000000       1.656927177474852E-002
  0.718400000000000       1.657135442347000E-002
  0.718480000000000       1.657343713220569E-002
  0.718560000000000       1.657551990094273E-002
  0.718640000000000       1.657760272959228E-002
  0.718720000000000       1.657968561825472E-002
  0.718800000000000       1.658176856676750E-002
  0.718880000000000       1.658385157523477E-002
  0.718960000000000       1.658593464357658E-002
  0.719040000000000       1.658801777178607E-002
  0.719120000000000       1.659010095979594E-002
  0.719200000000000       1.659218420769768E-002
  0.719280000000000       1.659426751534208E-002
  0.719360000000000       1.659635088280485E-002
  0.719440000000000       1.659843431002026E-002
  0.719520000000000       1.660051779699499E-002
  0.719600000000000       1.660260134367950E-002
  0.719680000000000       1.660468495007848E-002
  0.719760000000000       1.660676861612840E-002
  0.719840000000000       1.660885234186080E-002
  0.719920000000000       1.661093612722839E-002
  0.720000000000000       1.661301997222162E-002
  0.720080000000000       1.661510387679164E-002
  0.720160000000000       1.661718784102881E-002
  0.720240000000000       1.661927186475463E-002
  0.720320000000000       1.662135594804657E-002
  0.720400000000000       1.662344009085646E-002
  0.720480000000000       1.662552429316053E-002
  0.720560000000000       1.662760855496746E-002
  0.720640000000000       1.662969287619529E-002
  0.720720000000000       1.663177725688268E-002
  0.720800000000000       1.663386169699208E-002
  0.720880000000000       1.663594619653239E-002
  0.720960000000000       1.663803075540880E-002
  0.721040000000000       1.664011537371477E-002
  0.721120000000000       1.664220005131465E-002
  0.721200000000000       1.664428478820288E-002
  0.721280000000000       1.664636958444208E-002
  0.721360000000000       1.664845443994032E-002
  0.721440000000000       1.665053935466363E-002
  0.721520000000000       1.665262432870327E-002
  0.721600000000000       1.665470936192468E-002
  0.721680000000000       1.665679445433652E-002
  0.721760000000000       1.665887960594368E-002
  0.721840000000000       1.666096481670108E-002
  0.721920000000000       1.666305008659828E-002
  0.722000000000000       1.666513541561730E-002
  0.722080000000000       1.666722080372172E-002
  0.722160000000000       1.666930625099015E-002
  0.722240000000000       1.667139175723407E-002
  0.722320000000000       1.667347732255695E-002
  0.722400000000000       1.667556294690063E-002
  0.722480000000000       1.667764863016894E-002
  0.722560000000000       1.667973437247314E-002
  0.722640000000000       1.668182017370554E-002
  0.722720000000000       1.668390603393164E-002
  0.722800000000000       1.668599195303331E-002
  0.722880000000000       1.668807793104541E-002
  0.722960000000000       1.669016396793441E-002
  0.723040000000000       1.669225006373851E-002
  0.723120000000000       1.669433621830805E-002
  0.723200000000000       1.669642243168010E-002
  0.723280000000000       1.669850870389376E-002
  0.723360000000000       1.670059503485464E-002
  0.723440000000000       1.670268142458917E-002
  0.723520000000000       1.670476787306317E-002
  0.723600000000000       1.670685438025419E-002
  0.723680000000000       1.670894094617401E-002
  0.723760000000000       1.671102757071850E-002
  0.723840000000000       1.671311425392161E-002
  0.723920000000000       1.671520099579558E-002
  0.724000000000000       1.671728779624846E-002
  0.724080000000000       1.671937465536220E-002
  0.724160000000000       1.672146157295826E-002
  0.724240000000000       1.672354854919254E-002
  0.724320000000000       1.672563558391358E-002
  0.724400000000000       1.672772267716225E-002
  0.724480000000000       1.672980982890258E-002
  0.724560000000000       1.673189703914810E-002
  0.724640000000000       1.673398430787596E-002
  0.724720000000000       1.673607163492827E-002
  0.724800000000000       1.673815902044094E-002
  0.724880000000000       1.674024646438264E-002
  0.724960000000000       1.674233396668921E-002
  0.725040000000000       1.674442152733111E-002
  0.725120000000000       1.674650914628970E-002
  0.725200000000000       1.674859682361383E-002
  0.725280000000000       1.675068455920401E-002
  0.725360000000000       1.675277235307025E-002
  0.725440000000000       1.675486020520476E-002
  0.725520000000000       1.675694811550763E-002
  0.725600000000000       1.675903608411520E-002
  0.725680000000000       1.676112411085493E-002
  0.725760000000000       1.676321219579078E-002
  0.725840000000000       1.676530033882238E-002
  0.725920000000000       1.676738854013136E-002
  0.726000000000000       1.676947679942618E-002
  0.726080000000000       1.677156511683429E-002
  0.726160000000000       1.677365349233682E-002
  0.726240000000000       1.677574192586049E-002
  0.726320000000000       1.677783041744305E-002
  0.726400000000000       1.677991896699525E-002
  0.726480000000000       1.678200757461455E-002
  0.726560000000000       1.678409624015596E-002
  0.726640000000000       1.678618496364368E-002
  0.726720000000000       1.678827374505974E-002
  0.726800000000000       1.679036258441789E-002
  0.726880000000000       1.679245148165551E-002
  0.726960000000000       1.679454043677062E-002
  0.727040000000000       1.679662944966041E-002
  0.727120000000000       1.679871852049406E-002
  0.727200000000000       1.680080764906820E-002
  0.727280000000000       1.680289683548118E-002
  0.727360000000000       1.680498607957091E-002
  0.727440000000000       1.680707538149438E-002
  0.727520000000000       1.680916474111902E-002
  0.727600000000000       1.681125415844440E-002
  0.727680000000000       1.681334363346629E-002
  0.727760000000000       1.681543316619647E-002
  0.727840000000000       1.681752275649171E-002
  0.727920000000000       1.681961240447481E-002
  0.728000000000000       1.682170211004739E-002
  0.728080000000000       1.682379187319281E-002
  0.728160000000000       1.682588169394792E-002
  0.728240000000000       1.682797157221547E-002
  0.728320000000000       1.683006150802078E-002
  0.728400000000000       1.683215150128834E-002
  0.728480000000000       1.683424155208988E-002
  0.728560000000000       1.683633166035146E-002
  0.728640000000000       1.683842182607285E-002
  0.728720000000000       1.684051204922008E-002
  0.728800000000000       1.684260232975252E-002
  0.728880000000000       1.684469266766862E-002
  0.728960000000000       1.684678306296348E-002
  0.729040000000000       1.684887351563866E-002
  0.729120000000000       1.685096402555051E-002
  0.729200000000000       1.685305459280870E-002
  0.729280000000000       1.685514521739993E-002
  0.729360000000000       1.685723589916586E-002
  0.729440000000000       1.685932663822019E-002
  0.729520000000000       1.686141743448741E-002
  0.729600000000000       1.686350828798375E-002
  0.729680000000000       1.686559919866591E-002
  0.729760000000000       1.686769016644394E-002
  0.729840000000000       1.686978119144820E-002
  0.729920000000000       1.687187227356277E-002
  0.730000000000000       1.687396341273104E-002
  0.730080000000000       1.687605460902206E-002
  0.730160000000000       1.687814586234946E-002
  0.730240000000000       1.688023717275586E-002
  0.730320000000000       1.688232854012781E-002
  0.730400000000000       1.688441996452037E-002
  0.730480000000000       1.688651144596152E-002
  0.730560000000000       1.688860298428183E-002
  0.730640000000000       1.689069457955037E-002
  0.730720000000000       1.689278623178068E-002
  0.730800000000000       1.689487794088904E-002
  0.730880000000000       1.689696970688657E-002
  0.730960000000000       1.689906152971885E-002
  0.731040000000000       1.690115340935814E-002
  0.731120000000000       1.690324534590146E-002
  0.731200000000000       1.690533733917696E-002
  0.731280000000000       1.690742938926080E-002
  0.731360000000000       1.690952149607703E-002
  0.731440000000000       1.691161365967140E-002
  0.731520000000000       1.691370588001482E-002
  0.731600000000000       1.691579815696651E-002
  0.731680000000000       1.691789049066725E-002
  0.731760000000000       1.691998288097561E-002
  0.731840000000000       1.692207532793464E-002
  0.731920000000000       1.692416783153192E-002
  0.732000000000000       1.692626039172416E-002
  0.732080000000000       1.692835300844118E-002
  0.732160000000000       1.693044568178379E-002
  0.732240000000000       1.693253841160967E-002
  0.732320000000000       1.693463119794811E-002
  0.732400000000000       1.693672404084243E-002
  0.732480000000000       1.693881694018138E-002
  0.732560000000000       1.694090989596451E-002
  0.732640000000000       1.694300290817827E-002
  0.732720000000000       1.694509597681135E-002
  0.732800000000000       1.694718910183488E-002
  0.732880000000000       1.694928228323576E-002
  0.732960000000000       1.695137552097423E-002
  0.733040000000000       1.695346881506408E-002
  0.733120000000000       1.695556216547865E-002
  0.733200000000000       1.695765557219062E-002
  0.733280000000000       1.695974903516004E-002
  0.733360000000000       1.696184255437336E-002
  0.733440000000000       1.696393612980305E-002
  0.733520000000000       1.696602976148152E-002
  0.733600000000000       1.696812344935126E-002
  0.733680000000000       1.697021719335765E-002
  0.733760000000000       1.697231099351779E-002
  0.733840000000000       1.697440484981658E-002
  0.733920000000000       1.697649876226091E-002
  0.734000000000000       1.697859273076261E-002
  0.734080000000000       1.698068675535478E-002
  0.734160000000000       1.698278083599545E-002
  0.734240000000000       1.698487497258781E-002
  0.734320000000000       1.698696916526330E-002
  0.734400000000000       1.698906341392268E-002
  0.734480000000000       1.699115771858282E-002
  0.734560000000000       1.699325207914690E-002
  0.734640000000000       1.699534649563226E-002
  0.734720000000000       1.699744096802645E-002
  0.734800000000000       1.699953549631903E-002
  0.734880000000000       1.700163008049514E-002
  0.734960000000000       1.700372472046106E-002
  0.735040000000000       1.700581941631960E-002
  0.735120000000000       1.700791416795575E-002
  0.735200000000000       1.701000897539016E-002
  0.735280000000000       1.701210383856753E-002
  0.735360000000000       1.701419875747787E-002
  0.735440000000000       1.701629373215050E-002
  0.735520000000000       1.701838876248993E-002
  0.735600000000000       1.702048384855546E-002
  0.735680000000000       1.702257899028135E-002
  0.735760000000000       1.702467418761142E-002
  0.735840000000000       1.702676944063517E-002
  0.735920000000000       1.702886474920049E-002
  0.736000000000000       1.703096011336489E-002
  0.736080000000000       1.703305553306531E-002
  0.736160000000000       1.703515100831463E-002
  0.736240000000000       1.703724653911973E-002
  0.736320000000000       1.703934212546818E-002
  0.736400000000000       1.704143776720766E-002
  0.736480000000000       1.704353346447094E-002
  0.736560000000000       1.704562921714701E-002
  0.736640000000000       1.704772502522498E-002
  0.736720000000000       1.704982088873928E-002
  0.736800000000000       1.705191680760663E-002
  0.736880000000000       1.705401278185945E-002
  0.736960000000000       1.705610881144490E-002
  0.737040000000000       1.705820489631214E-002
  0.737120000000000       1.706030103652021E-002
  0.737200000000000       1.706239723197431E-002
  0.737280000000000       1.706449348272241E-002
  0.737360000000000       1.706658978871076E-002
  0.737440000000000       1.706868614990096E-002
  0.737520000000000       1.707078256628478E-002
  0.737600000000000       1.707287903783714E-002
  0.737680000000000       1.707497556453361E-002
  0.737760000000000       1.707707214640750E-002
  0.737840000000000       1.707916878337954E-002
  0.737920000000000       1.708126547543929E-002
  0.738000000000000       1.708336222257654E-002
  0.738080000000000       1.708545902479839E-002
  0.738160000000000       1.708755588199427E-002
  0.738240000000000       1.708965279426809E-002
  0.738320000000000       1.709174976149883E-002
  0.738400000000000       1.709384678368895E-002
  0.738480000000000       1.709594386088862E-002
  0.738560000000000       1.709804099298993E-002
  0.738640000000000       1.710013817998177E-002
  0.738720000000000       1.710223542188392E-002
  0.738800000000000       1.710433271867327E-002
  0.738880000000000       1.710643007029986E-002
  0.738960000000000       1.710852747679457E-002
  0.739040000000000       1.711062493805413E-002
  0.739120000000000       1.711272245407878E-002
  0.739200000000000       1.711482002492024E-002
  0.739280000000000       1.711691765049748E-002
  0.739360000000000       1.711901533080205E-002
  0.739440000000000       1.712111306582684E-002
  0.739520000000000       1.712321085554789E-002
  0.739600000000000       1.712530869994253E-002
  0.739680000000000       1.712740659900456E-002
  0.739760000000000       1.712950455261007E-002
  0.739840000000000       1.713160256089295E-002
  0.739920000000000       1.713370062374728E-002
