8.7891E-03 8.8172E-03 0.3190
8.6983E-03 8.6916E-03 0.0779
8.7976E-03 8.7862E-03 0.1291
8.7641E-03 8.7506E-03 0.1543
8.7782E-03 8.7676E-03 0.1206
8.7379E-03 8.7259E-03 0.1379
8.7712E-03 8.7986E-03 0.3105
8.7820E-03 8.8141E-03 0.3635
8.8313E-03 8.8283E-03 0.0336
9.4370E-03 9.4175E-03 0.2070
7.9435E-03 7.9240E-03 0.2456
9.5191E-03 9.5167E-03 0.0251
7.8828E-03 7.8751E-03 0.0977
9.5646E-03 9.5672E-03 0.0270
7.9915E-03 7.9858E-03 0.0714
9.3356E-03 9.3371E-03 0.0155
8.7826E-03 8.7909E-03 0.0951
8.7873E-03 8.8165E-03 0.3308
8.7107E-03 8.7570E-03 0.5281
9.3766E-03 9.3944E-03 0.1892
8.9793E-03 8.9898E-03 0.1163
7.9804E-03 7.9760E-03 0.0549
9.0050E-03 9.0097E-03 0.0521
7.9784E-03 7.9757E-03 0.0336
8.9626E-03 8.9602E-03 0.0262
7.9607E-03 7.9542E-03 0.0807
9.0170E-03 9.0207E-03 0.0413
7.9815E-03 7.9821E-03 0.0072
8.9629E-03 8.9703E-03 0.0826
9.4128E-03 9.4205E-03 0.0809
8.8129E-03 8.8407E-03 0.3147
8.7941E-03 8.8006E-03 0.0745
8.9649E-03 8.9685E-03 0.0402
8.8544E-03 8.8815E-03 0.3053
8.9526E-03 8.9562E-03 0.0401
7.9387E-03 7.9316E-03 0.0888
8.8640E-03 8.8595E-03 0.0509
7.9665E-03 7.9550E-03 0.1434
8.7855E-03 8.7789E-03 0.0758
7.9921E-03 7.9930E-03 0.0109
9.0053E-03 9.0132E-03 0.0876
8.8352E-03 8.8585E-03 0.2622
8.9104E-03 8.9083E-03 0.0237
8.7585E-03 8.7732E-03 0.1675
8.7309E-03 8.7679E-03 0.4225
9.4438E-03 9.4196E-03 0.2567
7.9933E-03 7.9944E-03 0.0140
9.0022E-03 9.0086E-03 0.0708
7.9407E-03 7.9363E-03 0.0557
8.7937E-03 8.7939E-03 0.0017
7.8670E-03 7.8688E-03 0.0231
8.7815E-03 8.7824E-03 0.0109
7.9768E-03 7.9672E-03 0.1201
8.8775E-03 8.8687E-03 0.0992
7.9187E-03 7.9143E-03 0.0558
9.0233E-03 9.0310E-03 0.0850
7.9760E-03 7.9761E-03 0.0012
9.3814E-03 9.3760E-03 0.0576
8.7780E-03 8.8042E-03 0.2980
8.7402E-03 8.7299E-03 0.1173
7.8794E-03 7.8716E-03 0.0989
9.0308E-03 9.0436E-03 0.1411
7.9071E-03 7.9050E-03 0.0270
8.8140E-03 8.8073E-03 0.0768
7.9963E-03 7.9937E-03 0.0326
8.8755E-03 8.8693E-03 0.0696
7.9945E-03 7.9985E-03 0.0490
8.8141E-03 8.8082E-03 0.0670
7.9390E-03 7.9277E-03 0.1432
8.8581E-03 8.8519E-03 0.0705
7.9376E-03 7.9259E-03 0.1483
8.9541E-03 8.9543E-03 0.0020
7.9258E-03 7.9065E-03 0.2445
8.6944E-03 8.6860E-03 0.0968
8.7663E-03 8.7545E-03 0.1343
9.5632E-03 9.5626E-03 0.0062
7.9341E-03 7.9297E-03 0.0555
8.8086E-03 8.8021E-03 0.0736
7.8599E-03 7.8658E-03 0.0754
8.8840E-03 8.8805E-03 0.0389
7.8549E-03 7.8638E-03 0.1138
8.9837E-03 8.9826E-03 0.0124
7.9825E-03 7.9816E-03 0.0118
8.7539E-03 8.7564E-03 0.0286
7.9712E-03 7.9583E-03 0.1619
8.8883E-03 8.8816E-03 0.0756
7.9589E-03 7.9473E-03 0.1457
9.5580E-03 9.5567E-03 0.0132
8.6882E-03 8.6932E-03 0.0577
8.8222E-03 8.7968E-03 0.2896
7.9474E-03 7.9312E-03 0.2043
8.9573E-03 8.9578E-03 0.0054
7.9110E-03 7.9047E-03 0.0794
8.7632E-03 8.7720E-03 0.1006
7.8647E-03 7.8726E-03 0.1006
8.9323E-03 8.9311E-03 0.0131
7.9662E-03 7.9622E-03 0.0505
9.0496E-03 9.0618E-03 0.1347
7.8818E-03 7.8825E-03 0.0086
8.7371E-03 8.7459E-03 0.1000
7.9954E-03 7.9972E-03 0.0235
8.9893E-03 8.9872E-03 0.0236
7.9261E-03 7.9092E-03 0.2145
8.7086E-03 8.6994E-03 0.1058
8.7256E-03 8.7218E-03 0.0441
9.4896E-03 9.4906E-03 0.0106
7.9444E-03 7.9399E-03 0.0565
8.8648E-03 8.8632E-03 0.0186
7.8709E-03 7.8723E-03 0.0173
8.8609E-03 8.8553E-03 0.0633
7.9784E-03 7.9748E-03 0.0447
9.0327E-03 9.0397E-03 0.0778
7.8557E-03 7.8637E-03 0.1017
8.8878E-03 8.8856E-03 0.0246
7.8674E-03 7.8658E-03 0.0208
8.7941E-03 8.7883E-03 0.0669
7.9564E-03 7.9465E-03 0.1245
9.5753E-03 9.5799E-03 0.0479
8.7249E-03 8.7209E-03 0.0466
8.6753E-03 8.6709E-03 0.0511
7.9733E-03 7.9611E-03 0.1528
9.0308E-03 9.0415E-03 0.1176
7.8517E-03 7.8599E-03 0.1043
8.8665E-03 8.8641E-03 0.0277
7.9195E-03 7.9088E-03 0.1356
8.8349E-03 8.8275E-03 0.0835
7.8497E-03 7.8619E-03 0.1550
8.7367E-03 8.7492E-03 0.1429
7.8857E-03 7.8830E-03 0.0338
8.8890E-03 8.8874E-03 0.0185
7.8887E-03 7.8948E-03 0.0766
9.0194E-03 9.0182E-03 0.0127
7.9908E-03 7.9808E-03 0.1260
8.8253E-03 8.7959E-03 0.3351
8.6943E-03 8.7430E-03 0.5579
9.2495E-03 9.2733E-03 0.2569
7.9083E-03 7.9102E-03 0.0238
8.9990E-03 9.0070E-03 0.0893
7.8484E-03 7.8610E-03 0.1608
8.8504E-03 8.8482E-03 0.0250
7.9147E-03 7.9049E-03 0.1246
8.7885E-03 8.7874E-03 0.0121
7.9805E-03 7.9745E-03 0.0757
8.8188E-03 8.8153E-03 0.0393
7.9108E-03 7.9055E-03 0.0674
8.9819E-03 8.9883E-03 0.0712
7.9681E-03 7.9614E-03 0.0841
9.2478E-03 9.2704E-03 0.2444
8.8311E-03 8.8490E-03 0.2028
8.8133E-03 8.8162E-03 0.0325
8.9539E-03 8.9606E-03 0.0755
8.8898E-03 8.9185E-03 0.3222
8.9901E-03 8.9973E-03 0.0795
7.9649E-03 7.9585E-03 0.0796
8.7686E-03 8.7675E-03 0.0117
7.9918E-03 7.9955E-03 0.0469
8.8523E-03 8.8428E-03 0.1085
7.9938E-03 7.9954E-03 0.0199
9.0370E-03 9.0502E-03 0.1465
8.7864E-03 8.8217E-03 0.4002
8.9646E-03 8.9718E-03 0.0810
8.6974E-03 8.7179E-03 0.2346
8.7153E-03 8.7592E-03 0.5011
9.4284E-03 9.4326E-03 0.0442
9.0207E-03 9.0320E-03 0.1250
7.8815E-03 7.8859E-03 0.0566
9.0247E-03 9.0329E-03 0.0903
7.8773E-03 7.8810E-03 0.0474
9.0009E-03 9.0082E-03 0.0804
7.8748E-03 7.8825E-03 0.0974
8.9088E-03 8.9041E-03 0.0537
7.9857E-03 7.9894E-03 0.0463
8.9417E-03 8.9487E-03 0.0782
9.2808E-03 9.3228E-03 0.4505
8.8323E-03 8.8534E-03 0.2378
8.7452E-03 8.7806E-03 0.4027
8.8256E-03 8.8203E-03 0.0597
9.3718E-03 9.3671E-03 0.0506
7.9883E-03 7.9783E-03 0.1255
9.4444E-03 9.4446E-03 0.0013
7.9361E-03 7.9208E-03 0.1935
9.4700E-03 9.4698E-03 0.0024
7.9472E-03 7.9294E-03 0.2239
9.3560E-03 9.3538E-03 0.0235
8.6738E-03 8.6976E-03 0.2729
8.7054E-03 8.7538E-03 0.5527
8.7711E-03 8.7979E-03 0.3043
8.7910E-03 8.7681E-03 0.2621
8.8001E-03 8.7846E-03 0.1763
8.8254E-03 8.7979E-03 0.3127
8.7907E-03 8.7780E-03 0.1445
8.8219E-03 8.7988E-03 0.2623
8.6763E-03 8.7131E-03 0.4227
