  0.660000000000000       8.370154086632177E-002
  0.660080000000000       8.370364547936739E-002
  0.660160000000000       8.370575043806362E-002
  0.660240000000000       8.370785574391683E-002
  0.660320000000000       8.370996139502275E-002
  0.660400000000000       8.371206739247562E-002
  0.660480000000000       8.371417373604807E-002
  0.660560000000000       8.371628042576852E-002
  0.660640000000000       8.371838746166539E-002
  0.660720000000000       8.372049484328394E-002
  0.660800000000000       8.372260257090837E-002
  0.660880000000000       8.372471064438237E-002
  0.660960000000000       8.372681906413228E-002
  0.661040000000000       8.372892783010123E-002
  0.661120000000000       8.373103694176344E-002
  0.661200000000000       8.373314639920416E-002
  0.661280000000000       8.373525620260815E-002
  0.661360000000000       8.373736635162012E-002
  0.661440000000000       8.373947684673745E-002
  0.661520000000000       8.374158768753383E-002
  0.661600000000000       8.374369887442136E-002
  0.661680000000000       8.374581040765584E-002
  0.661760000000000       8.374792228556040E-002
  0.661840000000000       8.375003451019560E-002
  0.661920000000000       8.375214707981350E-002
  0.662000000000000       8.375425999550835E-002
  0.662080000000000       8.375637325750752E-002
  0.662160000000000       8.375848686370781E-002
  0.662240000000000       8.376060081672400E-002
  0.662320000000000       8.376271511530554E-002
  0.662400000000000       8.376482975938139E-002
  0.662480000000000       8.376694474902259E-002
  0.662560000000000       8.376906008457020E-002
  0.662640000000000       8.377117576518579E-002
  0.662720000000000       8.377329179192096E-002
  0.662800000000000       8.377540816437780E-002
  0.662880000000000       8.377752488184577E-002
  0.662960000000000       8.377964194418276E-002
  0.663040000000000       8.378175935336409E-002
  0.663120000000000       8.378387710755654E-002
  0.663200000000000       8.378599520684539E-002
  0.663280000000000       8.378811365199802E-002
  0.663360000000000       8.379023244253127E-002
  0.663440000000000       8.379235157830302E-002
  0.663520000000000       8.379447105941275E-002
  0.663600000000000       8.379659088595993E-002
  0.663680000000000       8.379871105808669E-002
  0.663760000000000       8.380083157566511E-002
  0.663840000000000       8.380295243816939E-002
  0.663920000000000       8.380507364581270E-002
  0.664000000000000       8.380719519937664E-002
  0.664080000000000       8.380931709753960E-002
  0.664160000000000       8.381143934165160E-002
  0.664240000000000       8.381356193026314E-002
  0.664320000000000       8.381568486456793E-002
  0.664400000000000       8.381780814395491E-002
  0.664480000000000       8.381993176896409E-002
  0.664560000000000       8.382205573837333E-002
  0.664640000000000       8.382418005309213E-002
  0.664720000000000       8.382630471316312E-002
  0.664800000000000       8.382842971786154E-002
  0.664880000000000       8.383055506825322E-002
  0.664960000000000       8.383268076341445E-002
  0.665040000000000       8.383480680328838E-002
  0.665120000000000       8.383693318868503E-002
  0.665200000000000       8.383905991916386E-002
  0.665280000000000       8.384118699435540E-002
  0.665360000000000       8.384331441478544E-002
  0.665440000000000       8.384544217953029E-002
  0.665520000000000       8.384757029009628E-002
  0.665600000000000       8.384969874503391E-002
  0.665680000000000       8.385182754464161E-002
  0.665760000000000       8.385395668950203E-002
  0.665840000000000       8.385608617901831E-002
  0.665920000000000       8.385821601358835E-002
  0.666000000000000       8.386034619302742E-002
  0.666080000000000       8.386247671688075E-002
  0.666160000000000       8.386460758627103E-002
  0.666240000000000       8.386673880041663E-002
  0.666320000000000       8.386887035839387E-002
  0.666400000000000       8.387100226162382E-002
  0.666480000000000       8.387313450932489E-002
  0.666560000000000       8.387526710179551E-002
  0.666640000000000       8.387740003923462E-002
  0.666720000000000       8.387953332121591E-002
  0.666800000000000       8.388166694746936E-002
  0.666880000000000       8.388380091906079E-002
  0.666960000000000       8.388593523468281E-002
  0.667040000000000       8.388806989496068E-002
  0.667120000000000       8.389020489992284E-002
  0.667200000000000       8.389234024917137E-002
  0.667280000000000       8.389447594335998E-002
  0.667360000000000       8.389661198206234E-002
  0.667440000000000       8.389874836483792E-002
  0.667520000000000       8.390088509214146E-002
  0.667600000000000       8.390302216431401E-002
  0.667680000000000       8.390515958033241E-002
  0.667760000000000       8.390729734150405E-002
  0.667840000000000       8.390943544664943E-002
  0.667920000000000       8.391157389610961E-002
  0.668000000000000       8.391371269002669E-002
  0.668080000000000       8.391585182769014E-002
  0.668160000000000       8.391799131087631E-002
  0.668240000000000       8.392013113787990E-002
  0.668320000000000       8.392227130877196E-002
  0.668400000000000       8.392441182417777E-002
  0.668480000000000       8.392655268394102E-002
  0.668560000000000       8.392869388764958E-002
  0.668640000000000       8.393083543598558E-002
  0.668720000000000       8.393297732843742E-002
  0.668800000000000       8.393511956486301E-002
  0.668880000000000       8.393726214556076E-002
  0.668960000000000       8.393940507023225E-002
  0.669040000000000       8.394154833899116E-002
  0.669120000000000       8.394369195230646E-002
  0.669200000000000       8.394583590922601E-002
  0.669280000000000       8.394798021057405E-002
  0.669360000000000       8.395012485572530E-002
  0.669440000000000       8.395226984520555E-002
  0.669520000000000       8.395441517816217E-002
  0.669600000000000       8.395656085531990E-002
  0.669680000000000       8.395870687657926E-002
  0.669760000000000       8.396085324164183E-002
  0.669840000000000       8.396299995079183E-002
  0.669920000000000       8.396514700363135E-002
  0.670000000000000       8.396729440045882E-002
  0.670080000000000       8.396944214124581E-002
  0.670160000000000       8.397159022577917E-002
  0.670240000000000       8.397373865457049E-002
  0.670320000000000       8.397588742649710E-002
  0.670400000000000       8.397803654289483E-002
  0.670480000000000       8.398018600292524E-002
  0.670560000000000       8.398233580623306E-002
  0.670640000000000       8.398448595365672E-002
  0.670720000000000       8.398663644467043E-002
  0.670800000000000       8.398878727925997E-002
  0.670880000000000       8.399093845810747E-002
  0.670960000000000       8.399308998031764E-002
  0.671040000000000       8.399524184579100E-002
  0.671120000000000       8.399739405515284E-002
  0.671200000000000       8.399954660793420E-002
  0.671280000000000       8.400169950527193E-002
  0.671360000000000       8.400385274514811E-002
  0.671440000000000       8.400600632891277E-002
  0.671520000000000       8.400816025621062E-002
  0.671600000000000       8.401031452699904E-002
  0.671680000000000       8.401246914076645E-002
  0.671760000000000       8.401462409910444E-002
  0.671840000000000       8.401677940012299E-002
  0.671920000000000       8.401893504480264E-002
  0.672000000000000       8.402109103348444E-002
  0.672080000000000       8.402324736493207E-002
  0.672160000000000       8.402540403987026E-002
  0.672240000000000       8.402756105797217E-002
  0.672320000000000       8.402971841994834E-002
  0.672400000000000       8.403187612453401E-002
  0.672480000000000       8.403403417286605E-002
  0.672560000000000       8.403619256458918E-002
  0.672640000000000       8.403835129929128E-002
  0.672720000000000       8.404051037697237E-002
  0.672800000000000       8.404266979878351E-002
  0.672880000000000       8.404482956313310E-002
  0.672960000000000       8.404698967076009E-002
  0.673040000000000       8.404915012201976E-002
  0.673120000000000       8.405131091604524E-002
  0.673200000000000       8.405347205364656E-002
  0.673280000000000       8.405563353334579E-002
  0.673360000000000       8.405779535696191E-002
  0.673440000000000       8.405995752324437E-002
  0.673520000000000       8.406212003287529E-002
  0.673600000000000       8.406428288596836E-002
  0.673680000000000       8.406644608123039E-002
  0.673760000000000       8.406860961959929E-002
  0.673840000000000       8.407077350170035E-002
  0.673920000000000       8.407293772619774E-002
  0.674000000000000       8.407510229380201E-002
  0.674080000000000       8.407726720437105E-002
  0.674160000000000       8.407943245783379E-002
  0.674240000000000       8.408159805394867E-002
  0.674320000000000       8.408376399346885E-002
  0.674400000000000       8.408593027558432E-002
  0.674480000000000       8.408809690043718E-002
  0.674560000000000       8.409026386808428E-002
  0.674640000000000       8.409243117838351E-002
  0.674720000000000       8.409459883150540E-002
  0.674800000000000       8.409676682770574E-002
  0.674880000000000       8.409893516583346E-002
  0.674960000000000       8.410110384809123E-002
  0.675040000000000       8.410327287185006E-002
  0.675120000000000       8.410544223864470E-002
  0.675200000000000       8.410761194844675E-002
  0.675280000000000       8.410978200053144E-002
  0.675360000000000       8.411195239539616E-002
  0.675440000000000       8.411412313258616E-002
  0.675520000000000       8.411629421262724E-002
  0.675600000000000       8.411846563532045E-002
  0.675680000000000       8.412063740016841E-002
  0.675760000000000       8.412280950758323E-002
  0.675840000000000       8.412498195819020E-002
  0.675920000000000       8.412715475055400E-002
  0.676000000000000       8.412932788551310E-002
  0.676080000000000       8.413150136350801E-002
  0.676160000000000       8.413367518361504E-002
  0.676240000000000       8.413584934587683E-002
  0.676320000000000       8.413802385006598E-002
  0.676400000000000       8.414019869774571E-002
  0.676480000000000       8.414237388715386E-002
  0.676560000000000       8.414454941924256E-002
  0.676640000000000       8.414672529338653E-002
  0.676720000000000       8.414890151001210E-002
  0.676800000000000       8.415107806826662E-002
  0.676880000000000       8.415325496930116E-002
  0.676960000000000       8.415543221267520E-002
  0.677040000000000       8.415760979844557E-002
  0.677120000000000       8.415978772612910E-002
  0.677200000000000       8.416196599566896E-002
  0.677280000000000       8.416414460763356E-002
  0.677360000000000       8.416632356206556E-002
  0.677440000000000       8.416850285831125E-002
  0.677520000000000       8.417068249669747E-002
  0.677600000000000       8.417286247713897E-002
  0.677680000000000       8.417504279991996E-002
  0.677760000000000       8.417722346423041E-002
  0.677840000000000       8.417940447061036E-002
  0.677920000000000       8.418158581948611E-002
  0.678000000000000       8.418376751023239E-002
  0.678080000000000       8.418594954277815E-002
  0.678160000000000       8.418813191757814E-002
  0.678240000000000       8.419031463399286E-002
  0.678320000000000       8.419249769216443E-002
  0.678400000000000       8.419468109227758E-002
  0.678480000000000       8.419686483453127E-002
  0.678560000000000       8.419904891851339E-002
  0.678640000000000       8.420123334447972E-002
  0.678720000000000       8.420341811179079E-002
  0.678800000000000       8.420560322119976E-002
  0.678880000000000       8.420778867279190E-002
  0.678960000000000       8.420997446579982E-002
  0.679040000000000       8.421216060042248E-002
  0.679120000000000       8.421434707688726E-002
  0.679200000000000       8.421653389523677E-002
  0.679280000000000       8.421872105483154E-002
  0.679360000000000       8.422090855683685E-002
  0.679440000000000       8.422309639959004E-002
  0.679520000000000       8.422528458434166E-002
  0.679600000000000       8.422747311038116E-002
  0.679680000000000       8.422966197814909E-002
  0.679760000000000       8.423185118785860E-002
  0.679840000000000       8.423404073861442E-002
  0.679920000000000       8.423623063119813E-002
  0.680000000000000       8.423842086589396E-002
  0.680080000000000       8.424061144085450E-002
  0.680160000000000       8.424280235801242E-002
  0.680240000000000       8.424499361596084E-002
  0.680320000000000       8.424718521624876E-002
  0.680400000000000       8.424937715768245E-002
  0.680480000000000       8.425156943979296E-002
  0.680560000000000       8.425376206439929E-002
  0.680640000000000       8.425595502918505E-002
  0.680720000000000       8.425814833619662E-002
  0.680800000000000       8.426034198404132E-002
  0.680880000000000       8.426253597335866E-002
  0.680960000000000       8.426473030404914E-002
  0.681040000000000       8.426692497605594E-002
  0.681120000000000       8.426911998895271E-002
  0.681200000000000       8.427131534286737E-002
  0.681280000000000       8.427351103818360E-002
  0.681360000000000       8.427570707515721E-002
  0.681440000000000       8.427790345297816E-002
  0.681520000000000       8.428010017160383E-002
  0.681600000000000       8.428229723168791E-002
  0.681680000000000       8.428449463283251E-002
  0.681760000000000       8.428669237481025E-002
  0.681840000000000       8.428889045821798E-002
  0.681920000000000       8.429108888240201E-002
  0.682000000000000       8.429328764808709E-002
  0.682080000000000       8.429548675407951E-002
  0.682160000000000       8.429768620084822E-002
  0.682240000000000       8.429988598940220E-002
  0.682320000000000       8.430208611861879E-002
  0.682400000000000       8.430428658856905E-002
  0.682480000000000       8.430648739963666E-002
  0.682560000000000       8.430868855126740E-002
  0.682640000000000       8.431089004438498E-002
  0.682720000000000       8.431309187755411E-002
  0.682800000000000       8.431529405159900E-002
  0.682880000000000       8.431749656698863E-002
  0.682960000000000       8.431969942277086E-002
  0.683040000000000       8.432190261979834E-002
  0.683120000000000       8.432410615699105E-002
  0.683200000000000       8.432631003513059E-002
  0.683280000000000       8.432851425390432E-002
  0.683360000000000       8.433071881329803E-002
  0.683440000000000       8.433292371346802E-002
  0.683520000000000       8.433512895424379E-002
  0.683600000000000       8.433733453534110E-002
  0.683680000000000       8.433954045725735E-002
  0.683760000000000       8.434174671967988E-002
  0.683840000000000       8.434395332331925E-002
  0.683920000000000       8.434616026654120E-002
  0.684000000000000       8.434836755127841E-002
  0.684080000000000       8.435057517612400E-002
  0.684160000000000       8.435278314082219E-002
  0.684240000000000       8.435499144662352E-002
  0.684320000000000       8.435720009271798E-002
  0.684400000000000       8.435940907951768E-002
  0.684480000000000       8.436161840570101E-002
  0.684560000000000       8.436382807298749E-002
  0.684640000000000       8.436603808106448E-002
  0.684720000000000       8.436824842882353E-002
  0.684800000000000       8.437045911698939E-002
  0.684880000000000       8.437267014573259E-002
  0.684960000000000       8.437488151435681E-002
  0.685040000000000       8.437709322374311E-002
  0.685120000000000       8.437930527279726E-002
  0.685200000000000       8.438151766276981E-002
  0.685280000000000       8.438373039226811E-002
  0.685360000000000       8.438594346241481E-002
  0.685440000000000       8.438815687311042E-002
  0.685520000000000       8.439037062297651E-002
  0.685600000000000       8.439258471361889E-002
  0.685680000000000       8.439479914400018E-002
  0.685760000000000       8.439701391488776E-002
  0.685840000000000       8.439922902531528E-002
  0.685920000000000       8.440144447613541E-002
  0.686000000000000       8.440366026687919E-002
  0.686080000000000       8.440587639729082E-002
  0.686160000000000       8.440809286775398E-002
  0.686240000000000       8.441030967886555E-002
  0.686320000000000       8.441252682944601E-002
  0.686400000000000       8.441474432039066E-002
  0.686480000000000       8.441696215024998E-002
  0.686560000000000       8.441918032028874E-002
  0.686640000000000       8.442139883089063E-002
  0.686720000000000       8.442361768134511E-002
  0.686800000000000       8.442583687085638E-002
  0.686880000000000       8.442805640061814E-002
  0.686960000000000       8.443027626953616E-002
  0.687040000000000       8.443249647903152E-002
  0.687120000000000       8.443471702795315E-002
  0.687200000000000       8.443693791621577E-002
  0.687280000000000       8.443915914506996E-002
  0.687360000000000       8.444138071296671E-002
  0.687440000000000       8.444360262080132E-002
  0.687520000000000       8.444582486821851E-002
  0.687600000000000       8.444804745484881E-002
  0.687680000000000       8.445027038182908E-002
  0.687760000000000       8.445249364769560E-002
  0.687840000000000       8.445471725352839E-002
  0.687920000000000       8.445694119883008E-002
  0.688000000000000       8.445916548350120E-002
  0.688080000000000       8.446139010793964E-002
  0.688160000000000       8.446361507186119E-002
  0.688240000000000       8.446584037452688E-002
  0.688320000000000       8.446806601771308E-002
  0.688400000000000       8.447029199931656E-002
  0.688480000000000       8.447251832146897E-002
  0.688560000000000       8.447474498201026E-002
  0.688640000000000       8.447697198223360E-002
  0.688720000000000       8.447919932168425E-002
  0.688800000000000       8.448142700039064E-002
  0.688880000000000       8.448365501875067E-002
  0.688960000000000       8.448588337612485E-002
  0.689040000000000       8.448811207303898E-002
  0.689120000000000       8.449034110888200E-002
  0.689200000000000       8.449257048402338E-002
  0.689280000000000       8.449480019842050E-002
  0.689360000000000       8.449703025234336E-002
  0.689440000000000       8.449926064437087E-002
  0.689520000000000       8.450149137633624E-002
  0.689600000000000       8.450372244703154E-002
  0.689680000000000       8.450595385756522E-002
  0.689760000000000       8.450818560688568E-002
  0.689840000000000       8.451041769475133E-002
  0.689920000000000       8.451265012174482E-002
  0.690000000000000       8.451488288770982E-002
  0.690080000000000       8.451711599338531E-002
  0.690160000000000       8.451934943749230E-002
  0.690240000000000       8.452158322042870E-002
  0.690320000000000       8.452381734264926E-002
  0.690400000000000       8.452605180386975E-002
  0.690480000000000       8.452828660386282E-002
  0.690560000000000       8.453052174274213E-002
  0.690640000000000       8.453275722022348E-002
  0.690720000000000       8.453499303650581E-002
  0.690800000000000       8.453722919214336E-002
  0.690880000000000       8.453946568607031E-002
  0.690960000000000       8.454170251898298E-002
  0.691040000000000       8.454393969017084E-002
  0.691120000000000       8.454617720042969E-002
  0.691200000000000       8.454841504993006E-002
  0.691280000000000       8.455065323780510E-002
  0.691360000000000       8.455289176419691E-002
  0.691440000000000       8.455513062914811E-002
  0.691520000000000       8.455736983237451E-002
  0.691600000000000       8.455960937498454E-002
  0.691680000000000       8.456184925562817E-002
  0.691760000000000       8.456408947555595E-002
  0.691840000000000       8.456633003354576E-002
  0.691920000000000       8.456857093016602E-002
  0.692000000000000       8.457081216477726E-002
  0.692080000000000       8.457305373857317E-002
  0.692160000000000       8.457529564990530E-002
  0.692240000000000       8.457753790089108E-002
  0.692320000000000       8.457978048971150E-002
  0.692400000000000       8.458202341702027E-002
  0.692480000000000       8.458426668246212E-002
  0.692560000000000       8.458651028637811E-002
  0.692640000000000       8.458875422882507E-002
  0.692720000000000       8.459099850981723E-002
  0.692800000000000       8.459324312826035E-002
  0.692880000000000       8.459548808554708E-002
  0.692960000000000       8.459773338146427E-002
  0.693040000000000       8.459997901504558E-002
  0.693120000000000       8.460222498704419E-002
  0.693200000000000       8.460447129738903E-002
  0.693280000000000       8.460671794572484E-002
  0.693360000000000       8.460896493195215E-002
  0.693440000000000       8.461121225661096E-002
  0.693520000000000       8.461345991936021E-002
  0.693600000000000       8.461570792019991E-002
  0.693680000000000       8.461795625921532E-002
  0.693760000000000       8.462020493596591E-002
  0.693840000000000       8.462245395106273E-002
  0.693920000000000       8.462470330419315E-002
  0.694000000000000       8.462695299514401E-002
  0.694080000000000       8.462920302448375E-002
  0.694160000000000       8.463145339135970E-002
  0.694240000000000       8.463370409645400E-002
  0.694320000000000       8.463595513874346E-002
  0.694400000000000       8.463820651972022E-002
  0.694480000000000       8.464045823833267E-002
  0.694560000000000       8.464271029468030E-002
  0.694640000000000       8.464496268906153E-002
  0.694720000000000       8.464721542112109E-002
  0.694800000000000       8.464946849080214E-002
  0.694880000000000       8.465172189872995E-002
  0.694960000000000       8.465397564369660E-002
  0.695040000000000       8.465622972691002E-002
  0.695120000000000       8.465848414738965E-002
  0.695200000000000       8.466073890662763E-002
  0.695280000000000       8.466299400243550E-002
  0.695360000000000       8.466524943602118E-002
  0.695440000000000       8.466750520697254E-002
  0.695520000000000       8.466976131659699E-002
  0.695600000000000       8.467201776279133E-002
  0.695680000000000       8.467427454697664E-002
  0.695760000000000       8.467653166874080E-002
  0.695840000000000       8.467878912792749E-002
  0.695920000000000       8.468104692456514E-002
  0.696000000000000       8.468330505902323E-002
  0.696080000000000       8.468556353042068E-002
  0.696160000000000       8.468782233948226E-002
  0.696240000000000       8.469008148639269E-002
  0.696320000000000       8.469234097007196E-002
  0.696400000000000       8.469460079128745E-002
  0.696480000000000       8.469686094957020E-002
  0.696560000000000       8.469912144587234E-002
  0.696640000000000       8.470138227897174E-002
  0.696720000000000       8.470364344976368E-002
  0.696800000000000       8.470590495699760E-002
  0.696880000000000       8.470816680230776E-002
  0.696960000000000       8.471042898452887E-002
  0.697040000000000       8.471269150427198E-002
  0.697120000000000       8.471495436101130E-002
  0.697200000000000       8.471721755473262E-002
  0.697280000000000       8.471948108586226E-002
  0.697360000000000       8.472174495388864E-002
  0.697440000000000       8.472400915881174E-002
  0.697520000000000       8.472627370152687E-002
  0.697600000000000       8.472853858045661E-002
  0.697680000000000       8.473080379726362E-002
  0.697760000000000       8.473306935083948E-002
  0.697840000000000       8.473533524101363E-002
  0.697920000000000       8.473760146851085E-002
  0.698000000000000       8.473986803270585E-002
  0.698080000000000       8.474213493435180E-002
  0.698160000000000       8.474440217226921E-002
  0.698240000000000       8.474666974723967E-002
  0.698320000000000       8.474893765899318E-002
  0.698400000000000       8.475120590802711E-002
  0.698480000000000       8.475347449381566E-002
  0.698560000000000       8.475574341606042E-002
  0.698640000000000       8.475801267527296E-002
  0.698720000000000       8.476028227122591E-002
  0.698800000000000       8.476255220416086E-002
  0.698880000000000       8.476482247372254E-002
  0.698960000000000       8.476709307974041E-002
  0.699040000000000       8.476936402312397E-002
  0.699120000000000       8.477163530253741E-002
  0.699200000000000       8.477390691820809E-002
  0.699280000000000       8.477617887100287E-002
  0.699360000000000       8.477845116104966E-002
  0.699440000000000       8.478072378655789E-002
  0.699520000000000       8.478299674948865E-002
  0.699600000000000       8.478527004793769E-002
  0.699680000000000       8.478754368413612E-002
  0.699760000000000       8.478981765602335E-002
  0.699840000000000       8.479209196492100E-002
  0.699920000000000       8.479436660970642E-002
  0.700000000000000       8.479664159111856E-002
  0.700080000000000       8.479891690902953E-002
  0.700160000000000       8.480119256328301E-002
  0.700240000000000       8.480346855416322E-002
  0.700320000000000       8.480574488074645E-002
  0.700400000000000       8.480802154438273E-002
  0.700480000000000       8.481029854417678E-002
  0.700560000000000       8.481257587947490E-002
  0.700640000000000       8.481485355185449E-002
  0.700720000000000       8.481713156061922E-002
  0.700800000000000       8.481940990454696E-002
  0.700880000000000       8.482168858582619E-002
  0.700960000000000       8.482396760306422E-002
  0.701040000000000       8.482624695614739E-002
  0.701120000000000       8.482852664523201E-002
  0.701200000000000       8.483080667088651E-002
  0.701280000000000       8.483308703228666E-002
  0.701360000000000       8.483536772987300E-002
  0.701440000000000       8.483764876357448E-002
  0.701520000000000       8.483993013333425E-002
  0.701600000000000       8.484221183937969E-002
  0.701680000000000       8.484449388038919E-002
  0.701760000000000       8.484677625792593E-002
  0.701840000000000       8.484905897187624E-002
  0.701920000000000       8.485134202080481E-002
  0.702000000000000       8.485362540655907E-002
  0.702080000000000       8.485590912822950E-002
  0.702160000000000       8.485819318550349E-002
  0.702240000000000       8.486047757818206E-002
  0.702320000000000       8.486276230710367E-002
  0.702400000000000       8.486504737171409E-002
  0.702480000000000       8.486733277177173E-002
  0.702560000000000       8.486961850827136E-002
  0.702640000000000       8.487190458018980E-002
  0.702720000000000       8.487419098759809E-002
  0.702800000000000       8.487647773127784E-002
  0.702880000000000       8.487876480979374E-002
  0.702960000000000       8.488105222448163E-002
  0.703040000000000       8.488333997497201E-002
  0.703120000000000       8.488562806065382E-002
  0.703200000000000       8.488791648212392E-002
  0.703280000000000       8.489020523925440E-002
  0.703360000000000       8.489249433173264E-002
  0.703440000000000       8.489478375984284E-002
  0.703520000000000       8.489707352337185E-002
  0.703600000000000       8.489936362231966E-002
  0.703680000000000       8.490165405715523E-002
  0.703760000000000       8.490394482658538E-002
  0.703840000000000       8.490623593223014E-002
  0.703920000000000       8.490852737275369E-002
  0.704000000000000       8.491081914917921E-002
  0.704080000000000       8.491311126063984E-002
  0.704160000000000       8.491540370733454E-002
  0.704240000000000       8.491769648984594E-002
  0.704320000000000       8.491998960682402E-002
  0.704400000000000       8.492228305968987E-002
  0.704480000000000       8.492457684764766E-002
  0.704560000000000       8.492687097068320E-002
  0.704640000000000       8.492916542889596E-002
  0.704720000000000       8.493146022266963E-002
  0.704800000000000       8.493375535113735E-002
  0.704880000000000       8.493605081515178E-002
  0.704960000000000       8.493834661366130E-002
  0.705040000000000       8.494064274790226E-002
  0.705120000000000       8.494293921720676E-002
  0.705200000000000       8.494523602099215E-002
  0.705280000000000       8.494753316033844E-002
  0.705360000000000       8.494983063474827E-002
  0.705440000000000       8.495212844368162E-002
  0.705520000000000       8.495442658779219E-002
  0.705600000000000       8.495672506705156E-002
  0.705680000000000       8.495902388030864E-002
  0.705760000000000       8.496132302995087E-002
  0.705840000000000       8.496362251398872E-002
  0.705920000000000       8.496592233246482E-002
  0.706000000000000       8.496822248546444E-002
  0.706080000000000       8.497052297372655E-002
  0.706160000000000       8.497282379729378E-002
  0.706240000000000       8.497512495525662E-002
  0.706320000000000       8.497742644737351E-002
  0.706400000000000       8.497972827520762E-002
  0.706480000000000       8.498203043703946E-002
  0.706560000000000       8.498433293414799E-002
  0.706640000000000       8.498663576489897E-002
  0.706720000000000       8.498893893089822E-002
  0.706800000000000       8.499124243193258E-002
  0.706880000000000       8.499354626695045E-002
  0.706960000000000       8.499585043679027E-002
  0.707040000000000       8.499815494145203E-002
  0.707120000000000       8.500045978039573E-002
  0.707200000000000       8.500276495399085E-002
  0.707280000000000       8.500507046183949E-002
  0.707360000000000       8.500737630451007E-002
  0.707440000000000       8.500968248133468E-002
  0.707520000000000       8.501198899210018E-002
  0.707600000000000       8.501429583819921E-002
  0.707680000000000       8.501660301806858E-002
  0.707760000000000       8.501891053274570E-002
  0.707840000000000       8.502121838152001E-002
  0.707920000000000       8.502352656439151E-002
  0.708000000000000       8.502583508199969E-002
  0.708080000000000       8.502814393349191E-002
  0.708160000000000       8.503045311943659E-002
  0.708240000000000       8.503276263974847E-002
  0.708320000000000       8.503507249394439E-002
  0.708400000000000       8.503738268253593E-002
  0.708480000000000       8.503969320492623E-002
  0.708560000000000       8.504200406223796E-002
  0.708640000000000       8.504431525353319E-002
  0.708720000000000       8.504662677839982E-002
  0.708800000000000       8.504893863780418E-002
  0.708880000000000       8.505125083038202E-002
  0.708960000000000       8.505356335803761E-002
  0.709040000000000       8.505587621927881E-002
  0.709120000000000       8.505818941475930E-002
  0.709200000000000       8.506050294408120E-002
  0.709280000000000       8.506281680687501E-002
  0.709360000000000       8.506513100443393E-002
  0.709440000000000       8.506744553520897E-002
  0.709520000000000       8.506976040016646E-002
  0.709600000000000       8.507207559849640E-002
  0.709680000000000       8.507439113170513E-002
  0.709760000000000       8.507670699810156E-002
  0.709840000000000       8.507902319831097E-002
  0.709920000000000       8.508133973275968E-002
  0.710000000000000       8.508365660014029E-002
  0.710080000000000       8.508597380171758E-002
  0.710160000000000       8.508829133705099E-002
  0.710240000000000       8.509060920588475E-002
  0.710320000000000       8.509292740819042E-002
  0.710400000000000       8.509524594456487E-002
  0.710480000000000       8.509756481452492E-002
  0.710560000000000       8.509988401792846E-002
  0.710640000000000       8.510220355490340E-002
  0.710720000000000       8.510452342549236E-002
  0.710800000000000       8.510684362963851E-002
  0.710880000000000       8.510916416741289E-002
  0.710960000000000       8.511148503819023E-002
  0.711040000000000       8.511380624275212E-002
  0.711120000000000       8.511612778109857E-002
  0.711200000000000       8.511844965270378E-002
  0.711280000000000       8.512077185726931E-002
  0.711360000000000       8.512309439553413E-002
  0.711440000000000       8.512541726751245E-002
  0.711520000000000       8.512774047215267E-002
  0.711600000000000       8.513006401053481E-002
  0.711680000000000       8.513238788190571E-002
  0.711760000000000       8.513471208700431E-002
  0.711840000000000       8.513703662544693E-002
  0.711920000000000       8.513936149636671E-002
  0.712000000000000       8.514168670065893E-002
  0.712080000000000       8.514401223897729E-002
  0.712160000000000       8.514633810991491E-002
  0.712240000000000       8.514866431351444E-002
  0.712320000000000       8.515099085068535E-002
  0.712400000000000       8.515331772120029E-002
  0.712480000000000       8.515564492405027E-002
  0.712560000000000       8.515797246050007E-002
  0.712640000000000       8.516030033006651E-002
  0.712720000000000       8.516262853282065E-002
  0.712800000000000       8.516495706783879E-002
  0.712880000000000       8.516728593600199E-002
  0.712960000000000       8.516961513722500E-002
  0.713040000000000       8.517194467160728E-002
  0.713120000000000       8.517427453912042E-002
  0.713200000000000       8.517660473896861E-002
  0.713280000000000       8.517893527217503E-002
  0.713360000000000       8.518126613731859E-002
  0.713440000000000       8.518359733601934E-002
  0.713520000000000       8.518592886738198E-002
  0.713600000000000       8.518826073120757E-002
  0.713680000000000       8.519059292817822E-002
  0.713760000000000       8.519292545758340E-002
  0.713840000000000       8.519525831963627E-002
  0.713920000000000       8.519759151450736E-002
  0.714000000000000       8.519992504245245E-002
  0.714080000000000       8.520225890249102E-002
  0.714160000000000       8.520459309523411E-002
  0.714240000000000       8.520692762093753E-002
  0.714320000000000       8.520926247852124E-002
  0.714400000000000       8.521159766873844E-002
  0.714480000000000       8.521393319197280E-002
  0.714560000000000       8.521626904785486E-002
  0.714640000000000       8.521860523584458E-002
  0.714720000000000       8.522094175624041E-002
  0.714800000000000       8.522327860881497E-002
  0.714880000000000       8.522561579459144E-002
  0.714960000000000       8.522795331167977E-002
  0.715040000000000       8.523029116229687E-002
  0.715120000000000       8.523262934472321E-002
  0.715200000000000       8.523496785927144E-002
  0.715280000000000       8.523730670656683E-002
  0.715360000000000       8.523964588598411E-002
  0.715440000000000       8.524198539713958E-002
  0.715520000000000       8.524432524109905E-002
  0.715600000000000       8.524666541736516E-002
  0.715680000000000       8.524900592546893E-002
  0.715760000000000       8.525134676582248E-002
  0.715840000000000       8.525368793834055E-002
  0.715920000000000       8.525602944295209E-002
  0.716000000000000       8.525837128005499E-002
  0.716080000000000       8.526071344856924E-002
  0.716160000000000       8.526305594953222E-002
  0.716240000000000       8.526539878267393E-002
  0.716320000000000       8.526774194749699E-002
  0.716400000000000       8.527008544422877E-002
  0.716480000000000       8.527242927345192E-002
  0.716560000000000       8.527477343415747E-002
  0.716640000000000       8.527711792682859E-002
  0.716720000000000       8.527946275139421E-002
  0.716800000000000       8.528180790833752E-002
  0.716880000000000       8.528415339660690E-002
  0.716960000000000       8.528649921689870E-002
  0.717040000000000       8.528884536844551E-002
  0.717120000000000       8.529119185281055E-002
  0.717200000000000       8.529353866823165E-002
  0.717280000000000       8.529588581570359E-002
  0.717360000000000       8.529823329470056E-002
  0.717440000000000       8.530058110546414E-002
  0.717520000000000       8.530292924820750E-002
  0.717600000000000       8.530527772243325E-002
  0.717680000000000       8.530762652804193E-002
  0.717760000000000       8.530997566531774E-002
  0.717840000000000       8.531232513463018E-002
  0.717920000000000       8.531467493440183E-002
  0.718000000000000       8.531702506672169E-002
  0.718080000000000       8.531937553019710E-002
  0.718160000000000       8.532172632555281E-002
  0.718240000000000       8.532407745216354E-002
  0.718320000000000       8.532642890974508E-002
  0.718400000000000       8.532878069950535E-002
  0.718480000000000       8.533113282005168E-002
  0.718560000000000       8.533348527260622E-002
  0.718640000000000       8.533583805624524E-002
  0.718720000000000       8.533819117152298E-002
  0.718800000000000       8.534054461735942E-002
  0.718880000000000       8.534289839470667E-002
  0.718960000000000       8.534525250389159E-002
  0.719040000000000       8.534760694359257E-002
  0.719120000000000       8.534996171503174E-002
  0.719200000000000       8.535231681779699E-002
  0.719280000000000       8.535467225130568E-002
  0.719360000000000       8.535702801658097E-002
  0.719440000000000       8.535938411187495E-002
  0.719520000000000       8.536174053954661E-002
  0.719600000000000       8.536409729702378E-002
  0.719680000000000       8.536645438672232E-002
  0.719760000000000       8.536881180733481E-002
  0.719840000000000       8.537116955864811E-002
  0.719920000000000       8.537352764101748E-002
  0.720000000000000       8.537588605452819E-002
  0.720080000000000       8.537824479855495E-002
  0.720160000000000       8.538060387370884E-002
  0.720240000000000       8.538296327954932E-002
  0.720320000000000       8.538532301675851E-002
  0.720400000000000       8.538768308473955E-002
  0.720480000000000       8.539004348363456E-002
  0.720560000000000       8.539240421304563E-002
  0.720640000000000       8.539476527329960E-002
  0.720720000000000       8.539712666476597E-002
  0.720800000000000       8.539948838653523E-002
  0.720880000000000       8.540185043919003E-002
  0.720960000000000       8.540421282275880E-002
  0.721040000000000       8.540657553681520E-002
  0.721120000000000       8.540893858145872E-002
  0.721200000000000       8.541130195644776E-002
  0.721280000000000       8.541366566249288E-002
  0.721360000000000       8.541602969928143E-002
  0.721440000000000       8.541839406625919E-002
  0.721520000000000       8.542075876420775E-002
  0.721600000000000       8.542312379230289E-002
  0.721680000000000       8.542548915129779E-002
  0.721760000000000       8.542785484033978E-002
  0.721840000000000       8.543022085998310E-002
  0.721920000000000       8.543258720961668E-002
  0.722000000000000       8.543495389033474E-002
  0.722080000000000       8.543732090149782E-002
  0.722160000000000       8.543968824296379E-002
  0.722240000000000       8.544205591473265E-002
  0.722320000000000       8.544442391571018E-002
  0.722400000000000       8.544679224844011E-002
  0.722480000000000       8.544916091093292E-002
  0.722560000000000       8.545152990361495E-002
  0.722640000000000       8.545389922692671E-002
  0.722720000000000       8.545626888010084E-002
  0.722800000000000       8.545863886377682E-002
  0.722880000000000       8.546100917701673E-002
  0.722960000000000       8.546337982078690E-002
  0.723040000000000       8.546575079501630E-002
  0.723120000000000       8.546812209873857E-002
  0.723200000000000       8.547049373303374E-002
  0.723280000000000       8.547286569689284E-002
  0.723360000000000       8.547523799096958E-002
  0.723440000000000       8.547761061516447E-002
  0.723520000000000       8.547998356947752E-002
  0.723600000000000       8.548235685307028E-002
  0.723680000000000       8.548473046756279E-002
  0.723760000000000       8.548710441146291E-002
  0.723840000000000       8.548947868515434E-002
  0.723920000000000       8.549185328863708E-002
  0.724000000000000       8.549422822208165E-002
  0.724080000000000       8.549660348564438E-002
  0.724160000000000       8.549897907855787E-002
  0.724240000000000       8.550135500191637E-002
  0.724320000000000       8.550373125431300E-002
  0.724400000000000       8.550610783694147E-002
  0.724480000000000       8.550848474848018E-002
  0.724560000000000       8.551086199047810E-002
  0.724640000000000       8.551323956201153E-002
  0.724720000000000       8.551561746323678E-002
  0.724800000000000       8.551799569365649E-002
  0.724880000000000       8.552037425405225E-002
  0.724960000000000       8.552275314368508E-002
  0.725040000000000       8.552513236325134E-002
  0.725120000000000       8.552751191232467E-002
  0.725200000000000       8.552989179083405E-002
  0.725280000000000       8.553227199882209E-002
  0.725360000000000       8.553465253608984E-002
  0.725440000000000       8.553703340310627E-002
  0.725520000000000       8.553941459913240E-002
  0.725600000000000       8.554179612496406E-002
  0.725680000000000       8.554417797969173E-002
  0.725760000000000       8.554656016405439E-002
  0.725840000000000       8.554894267744097E-002
  0.725920000000000       8.555132552047674E-002
  0.726000000000000       8.555370869297697E-002
  0.726080000000000       8.555609219467165E-002
  0.726160000000000       8.555847602527657E-002
  0.726240000000000       8.556086018513277E-002
  0.726320000000000       8.556324467414080E-002
  0.726400000000000       8.556562949261327E-002
  0.726480000000000       8.556801463942755E-002
  0.726560000000000       8.557040011611840E-002
  0.726640000000000       8.557278592177632E-002
  0.726720000000000       8.557517205641553E-002
  0.726800000000000       8.557755852024919E-002
  0.726880000000000       8.557994531269465E-002
  0.726960000000000       8.558233243449088E-002
  0.727040000000000       8.558471988515472E-002
  0.727120000000000       8.558710766460088E-002
  0.727200000000000       8.558949577307097E-002
  0.727280000000000       8.559188421074972E-002
  0.727360000000000       8.559427297716816E-002
  0.727440000000000       8.559666207204210E-002
  0.727520000000000       8.559905149576942E-002
  0.727600000000000       8.560144124874804E-002
  0.727680000000000       8.560383133050899E-002
  0.727760000000000       8.560622174115175E-002
  0.727840000000000       8.560861248020736E-002
  0.727920000000000       8.561100354810215E-002
  0.728000000000000       8.561339494485033E-002
  0.728080000000000       8.561578666944293E-002
  0.728160000000000       8.561817872341472E-002
  0.728240000000000       8.562057110608358E-002
  0.728320000000000       8.562296381689528E-002
  0.728400000000000       8.562535685661722E-002
  0.728480000000000       8.562775022497938E-002
  0.728560000000000       8.563014392186809E-002
  0.728640000000000       8.563253794692806E-002
  0.728720000000000       8.563493230082721E-002
  0.728800000000000       8.563732698313921E-002
  0.728880000000000       8.563972199360827E-002
  0.728960000000000       8.564211733268913E-002
  0.729040000000000       8.564451300038180E-002
  0.729120000000000       8.564690899598994E-002
  0.729200000000000       8.564930531992566E-002
  0.729280000000000       8.565170197275741E-002
  0.729360000000000       8.565409895304989E-002
  0.729440000000000       8.565649626253681E-002
  0.729520000000000       8.565889389961236E-002
  0.729600000000000       8.566129186507233E-002
  0.729680000000000       8.566369015934307E-002
  0.729760000000000       8.566608878118821E-002
  0.729840000000000       8.566848773116199E-002
  0.729920000000000       8.567088700939231E-002
  0.730000000000000       8.567328661623443E-002
  0.730080000000000       8.567568655042358E-002
  0.730160000000000       8.567808681295454E-002
  0.730240000000000       8.568048740367097E-002
  0.730320000000000       8.568288832238814E-002
  0.730400000000000       8.568528956840972E-002
  0.730480000000000       8.568769114301468E-002
  0.730560000000000       8.569009304532195E-002
  0.730640000000000       8.569249527619839E-002
  0.730720000000000       8.569489783446450E-002
  0.730800000000000       8.569730072087346E-002
  0.730880000000000       8.569970393460104E-002
  0.730960000000000       8.570210747664199E-002
  0.731040000000000       8.570451134612946E-002
  0.731120000000000       8.570691554420030E-002
  0.731200000000000       8.570932006941924E-002
  0.731280000000000       8.571172492243996E-002
  0.731360000000000       8.571413010319141E-002
  0.731440000000000       8.571653561127569E-002
  0.731520000000000       8.571894144765914E-002
  0.731600000000000       8.572134761126173E-002
  0.731680000000000       8.572375410269452E-002
  0.731760000000000       8.572616092182962E-002
  0.731840000000000       8.572856806821229E-002
  0.731920000000000       8.573097554232569E-002
  0.732000000000000       8.573338334414139E-002
  0.732080000000000       8.573579147338940E-002
  0.732160000000000       8.573819992972866E-002
  0.732240000000000       8.574060871411128E-002
  0.732320000000000       8.574301782524409E-002
  0.732400000000000       8.574542726439184E-002
  0.732480000000000       8.574783703100032E-002
  0.732560000000000       8.575024712424530E-002
  0.732640000000000       8.575265754540574E-002
  0.732720000000000       8.575506829401271E-002
  0.732800000000000       8.575747936978197E-002
  0.732880000000000       8.575989077198877E-002
  0.732960000000000       8.576230250287843E-002
  0.733040000000000       8.576471455982194E-002
  0.733120000000000       8.576712694465251E-002
  0.733200000000000       8.576953965599167E-002
  0.733280000000000       8.577195269524630E-002
  0.733360000000000       8.577436606163481E-002
  0.733440000000000       8.577677975454613E-002
  0.733520000000000       8.577919377461975E-002
  0.733600000000000       8.578160812198356E-002
  0.733680000000000       8.578402279663756E-002
  0.733760000000000       8.578643779782859E-002
  0.733840000000000       8.578885312619612E-002
  0.733920000000000       8.579126878122857E-002
  0.734000000000000       8.579368476340911E-002
  0.734080000000000       8.579610107283721E-002
  0.734160000000000       8.579851770912918E-002
  0.734240000000000       8.580093467174500E-002
  0.734320000000000       8.580335196162260E-002
  0.734400000000000       8.580576957806564E-002
  0.734480000000000       8.580818752175624E-002
  0.734560000000000       8.581060579177070E-002
  0.734640000000000       8.581302438845008E-002
  0.734720000000000       8.581544331237702E-002
  0.734800000000000       8.581786256289782E-002
  0.734880000000000       8.582028214031091E-002
  0.734960000000000       8.582270204376365E-002
  0.735040000000000       8.582512227425078E-002
  0.735120000000000       8.582754283107598E-002
  0.735200000000000       8.582996371425346E-002
  0.735280000000000       8.583238492449376E-002
  0.735360000000000       8.583480646091581E-002
  0.735440000000000       8.583722832441489E-002
  0.735520000000000       8.583965051410992E-002
  0.735600000000000       8.584207303005777E-002
  0.735680000000000       8.584449587259947E-002
  0.735760000000000       8.584691904156451E-002
  0.735840000000000       8.584934253709499E-002
  0.735920000000000       8.585176635882143E-002
  0.736000000000000       8.585419050653066E-002
  0.736080000000000       8.585661498157272E-002
  0.736160000000000       8.585903978237021E-002
  0.736240000000000       8.586146490919312E-002
  0.736320000000000       8.586389036272359E-002
  0.736400000000000       8.586631614188157E-002
  0.736480000000000       8.586874224773290E-002
  0.736560000000000       8.587116867931123E-002
  0.736640000000000       8.587359543759711E-002
  0.736720000000000       8.587602252169525E-002
  0.736800000000000       8.587844993217410E-002
  0.736880000000000       8.588087766873521E-002
  0.736960000000000       8.588330573088122E-002
  0.737040000000000       8.588573411952162E-002
  0.737120000000000       8.588816283387481E-002
  0.737200000000000       8.589059187459448E-002
  0.737280000000000       8.589302124099853E-002
  0.737360000000000       8.589545093327168E-002
  0.737440000000000       8.589788095185448E-002
  0.737520000000000       8.590031129575217E-002
  0.737600000000000       8.590274196628635E-002
  0.737680000000000       8.590517296168067E-002
  0.737760000000000       8.590760428423729E-002
  0.737840000000000       8.591003593146930E-002
  0.737920000000000       8.591246790466990E-002
  0.738000000000000       8.591490020403804E-002
  0.738080000000000       8.591733282877791E-002
  0.738160000000000       8.591976577933004E-002
  0.738240000000000       8.592219905552391E-002
  0.738320000000000       8.592463265735951E-002
  0.738400000000000       8.592706658466633E-002
  0.738480000000000       8.592950083779961E-002
  0.738560000000000       8.593193541707202E-002
  0.738640000000000       8.593437032110508E-002
  0.738720000000000       8.593680555090778E-002
  0.738800000000000       8.593924110626695E-002
  0.738880000000000       8.594167698728207E-002
  0.738960000000000       8.594411319366892E-002
  0.739040000000000       8.594654972508643E-002
  0.739120000000000       8.594898658221674E-002
  0.739200000000000       8.595142376484667E-002
  0.739280000000000       8.595386127294781E-002
  0.739360000000000       8.595629910593751E-002
  0.739440000000000       8.595873726492421E-002
  0.739520000000000       8.596117574854369E-002
  0.739600000000000       8.596361455776226E-002
  0.739680000000000       8.596605369226730E-002
  0.739760000000000       8.596849315203038E-002
  0.739840000000000       8.597093293675308E-002
  0.739920000000000       8.597337304697540E-002
