  0.660000000000000       4.318038031110572E-003
  0.660080000000000       4.318020618060015E-003
  0.660160000000000       4.318003326881748E-003
  0.660240000000000       4.317986156602328E-003
  0.660320000000000       4.317969109658915E-003
  0.660400000000000       4.317952184879115E-003
  0.660480000000000       4.317935381396066E-003
  0.660560000000000       4.317918700765856E-003
  0.660640000000000       4.317902142157149E-003
  0.660720000000000       4.317885705761793E-003
  0.660800000000000       4.317869391274255E-003
  0.660880000000000       4.317853198701638E-003
  0.660960000000000       4.317837129173708E-003
  0.661040000000000       4.317821181411486E-003
  0.661120000000000       4.317805355208915E-003
  0.661200000000000       4.317789652448934E-003
  0.661280000000000       4.317774071170444E-003
  0.661360000000000       4.317758611671874E-003
  0.661440000000000       4.317743274862718E-003
  0.661520000000000       4.317728059627424E-003
  0.661600000000000       4.317712967784982E-003
  0.661680000000000       4.317697996905335E-003
  0.661760000000000       4.317683148779051E-003
  0.661840000000000       4.317668423022437E-003
  0.661920000000000       4.317653819251800E-003
  0.662000000000000       4.317639337936097E-003
  0.662080000000000       4.317624978215574E-003
  0.662160000000000       4.317610740829193E-003
  0.662240000000000       4.317596626032750E-003
  0.662320000000000       4.317582632888329E-003
  0.662400000000000       4.317568762348057E-003
  0.662480000000000       4.317555013928765E-003
  0.662560000000000       4.317541387921776E-003
  0.662640000000000       4.317527884199191E-003
  0.662720000000000       4.317514502036258E-003
  0.662800000000000       4.317501241866407E-003
  0.662880000000000       4.317488104989931E-003
  0.662960000000000       4.317475090454704E-003
  0.663040000000000       4.317462197045697E-003
  0.663120000000000       4.317449426539267E-003
  0.663200000000000       4.317436777514328E-003
  0.663280000000000       4.317424252201985E-003
  0.663360000000000       4.317411847532693E-003
  0.663440000000000       4.317399565723346E-003
  0.663520000000000       4.317387406205509E-003
  0.663600000000000       4.317375369327348E-003
  0.663680000000000       4.317363453888046E-003
  0.663760000000000       4.317351660718938E-003
  0.663840000000000       4.317339989912395E-003
  0.663920000000000       4.317328441376046E-003
  0.664000000000000       4.317317015251999E-003
  0.664080000000000       4.317305711412357E-003
  0.664160000000000       4.317294530212391E-003
  0.664240000000000       4.317283470280753E-003
  0.664320000000000       4.317272533386696E-003
  0.664400000000000       4.317261718130450E-003
  0.664480000000000       4.317251025499669E-003
  0.664560000000000       4.317240454790917E-003
  0.664640000000000       4.317230006018403E-003
  0.664720000000000       4.317219680084517E-003
  0.664800000000000       4.317209476456352E-003
  0.664880000000000       4.317199396135774E-003
  0.664960000000000       4.317189436543512E-003
  0.665040000000000       4.317179598290633E-003
  0.665120000000000       4.317169884396944E-003
  0.665200000000000       4.317160292538969E-003
  0.665280000000000       4.317150821913796E-003
  0.665360000000000       4.317141473466447E-003
  0.665440000000000       4.317132248006939E-003
  0.665520000000000       4.317123144753677E-003
  0.665600000000000       4.317114163820347E-003
  0.665680000000000       4.317105304702463E-003
  0.665760000000000       4.317096567861878E-003
  0.665840000000000       4.317087954343091E-003
  0.665920000000000       4.317079461851048E-003
  0.666000000000000       4.317071092055525E-003
  0.666080000000000       4.317062845105735E-003
  0.666160000000000       4.317054719069003E-003
  0.666240000000000       4.317046716936713E-003
  0.666320000000000       4.317038836570131E-003
  0.666400000000000       4.317031077137923E-003
  0.666480000000000       4.317023442057800E-003
  0.666560000000000       4.317015928651014E-003
  0.666640000000000       4.317008536661771E-003
  0.666720000000000       4.317001267703003E-003
  0.666800000000000       4.316994120396257E-003
  0.666880000000000       4.316987096503678E-003
  0.666960000000000       4.316980194099696E-003
  0.667040000000000       4.316973413660375E-003
  0.667120000000000       4.316966755853625E-003
  0.667200000000000       4.316960220771816E-003
  0.667280000000000       4.316953807796776E-003
  0.667360000000000       4.316947517212722E-003
  0.667440000000000       4.316941348962811E-003
  0.667520000000000       4.316935302798353E-003
  0.667600000000000       4.316929378534607E-003
  0.667680000000000       4.316923577422128E-003
  0.667760000000000       4.316917897784035E-003
  0.667840000000000       4.316912341538793E-003
  0.667920000000000       4.316906906611618E-003
  0.668000000000000       4.316901594345435E-003
  0.668080000000000       4.316896404626559E-003
  0.668160000000000       4.316891337021556E-003
  0.668240000000000       4.316886391317266E-003
  0.668320000000000       4.316881568792664E-003
  0.668400000000000       4.316876868182985E-003
  0.668480000000000       4.316872289317698E-003
  0.668560000000000       4.316867833745786E-003
  0.668640000000000       4.316863500181168E-003
  0.668720000000000       4.316859288716213E-003
  0.668800000000000       4.316855199933568E-003
  0.668880000000000       4.316851233151110E-003
  0.668960000000000       4.316847388489631E-003
  0.669040000000000       4.316843666922577E-003
  0.669120000000000       4.316840066872541E-003
  0.669200000000000       4.316836590151408E-003
  0.669280000000000       4.316833235018348E-003
  0.669360000000000       4.316830002354433E-003
  0.669440000000000       4.316826892173876E-003
  0.669520000000000       4.316823904888790E-003
  0.669600000000000       4.316821038673081E-003
  0.669680000000000       4.316818296617609E-003
  0.669760000000000       4.316815674537278E-003
  0.669840000000000       4.316813176297441E-003
  0.669920000000000       4.316810800278060E-003
  0.670000000000000       4.316808546678087E-003
  0.670080000000000       4.316806415398045E-003
  0.670160000000000       4.316804406395303E-003
  0.670240000000000       4.316802519897234E-003
  0.670320000000000       4.316800754376172E-003
  0.670400000000000       4.316799113313775E-003
  0.670480000000000       4.316797594130773E-003
  0.670560000000000       4.316796196351103E-003
  0.670640000000000       4.316794922149026E-003
  0.670720000000000       4.316793769243699E-003
  0.670800000000000       4.316792739212528E-003
  0.670880000000000       4.316791831117595E-003
  0.670960000000000       4.316791046095770E-003
  0.671040000000000       4.316790382576752E-003
  0.671120000000000       4.316789842336900E-003
  0.671200000000000       4.316789424502244E-003
  0.671280000000000       4.316789127815124E-003
  0.671360000000000       4.316788955124818E-003
  0.671440000000000       4.316788903823632E-003
  0.671520000000000       4.316788975162123E-003
  0.671600000000000       4.316789168969760E-003
  0.671680000000000       4.316789485239437E-003
  0.671760000000000       4.316789923736675E-003
  0.671840000000000       4.316790484340683E-003
  0.671920000000000       4.316791168429913E-003
  0.672000000000000       4.316791973275880E-003
  0.672080000000000       4.316792901869971E-003
  0.672160000000000       4.316793952172927E-003
  0.672240000000000       4.316795125080031E-003
  0.672320000000000       4.316796420086800E-003
  0.672400000000000       4.316797837306919E-003
  0.672480000000000       4.316799377863046E-003
  0.672560000000000       4.316801040390939E-003
  0.672640000000000       4.316802825004285E-003
  0.672720000000000       4.316804733031799E-003
  0.672800000000000       4.316806762270798E-003
  0.672880000000000       4.316808914305793E-003
  0.672960000000000       4.316811189008885E-003
  0.673040000000000       4.316813585662427E-003
  0.673120000000000       4.316816105090649E-003
  0.673200000000000       4.316818746703800E-003
  0.673280000000000       4.316821511716907E-003
  0.673360000000000       4.316824398602304E-003
  0.673440000000000       4.316827406613922E-003
  0.673520000000000       4.316830537613382E-003
  0.673600000000000       4.316833792495967E-003
  0.673680000000000       4.316837169172683E-003
  0.673760000000000       4.316840667664846E-003
  0.673840000000000       4.316844287993771E-003
  0.673920000000000       4.316848032347931E-003
  0.674000000000000       4.316851897664887E-003
  0.674080000000000       4.316855887014182E-003
  0.674160000000000       4.316859997603385E-003
  0.674240000000000       4.316864230789631E-003
  0.674320000000000       4.316868586445022E-003
  0.674400000000000       4.316873064782723E-003
  0.674480000000000       4.316877665191666E-003
  0.674560000000000       4.316882388751875E-003
  0.674640000000000       4.316887235179135E-003
  0.674720000000000       4.316892202682877E-003
  0.674800000000000       4.316897292300493E-003
  0.674880000000000       4.316902505410437E-003
  0.674960000000000       4.316907841089002E-003
  0.675040000000000       4.316913299506720E-003
  0.675120000000000       4.316918879164345E-003
  0.675200000000000       4.316924581930604E-003
  0.675280000000000       4.316930406490994E-003
  0.675360000000000       4.316936354266599E-003
  0.675440000000000       4.316942424319504E-003
  0.675520000000000       4.316948616699446E-003
  0.675600000000000       4.316954931697748E-003
  0.675680000000000       4.316961369399675E-003
  0.675760000000000       4.316967929634697E-003
  0.675840000000000       4.316974611294367E-003
  0.675920000000000       4.316981416375310E-003
  0.676000000000000       4.316988343015905E-003
  0.676080000000000       4.316995393923318E-003
  0.676160000000000       4.317002565317463E-003
  0.676240000000000       4.317009860466837E-003
  0.676320000000000       4.317017277204283E-003
  0.676400000000000       4.317024817505111E-003
  0.676480000000000       4.317032479067163E-003
  0.676560000000000       4.317040263197836E-003
  0.676640000000000       4.317048171041105E-003
  0.676720000000000       4.317056200252179E-003
  0.676800000000000       4.317064352493728E-003
  0.676880000000000       4.317072626437036E-003
  0.676960000000000       4.317081023275816E-003
  0.677040000000000       4.317089543855613E-003
  0.677120000000000       4.317098185426627E-003
  0.677200000000000       4.317106949139938E-003
  0.677280000000000       4.317115837311914E-003
  0.677360000000000       4.317124846418264E-003
  0.677440000000000       4.317133978448507E-003
  0.677520000000000       4.317143232599730E-003
  0.677600000000000       4.317152608900355E-003
  0.677680000000000       4.317162109368323E-003
  0.677760000000000       4.317171730891457E-003
  0.677840000000000       4.317181475466381E-003
  0.677920000000000       4.317191341778593E-003
  0.678000000000000       4.317201331568921E-003
  0.678080000000000       4.317211443146275E-003
  0.678160000000000       4.317221677469885E-003
  0.678240000000000       4.317232033807895E-003
  0.678320000000000       4.317242513972187E-003
  0.678400000000000       4.317253116030085E-003
  0.678480000000000       4.317263840280017E-003
  0.678560000000000       4.317274687546214E-003
  0.678640000000000       4.317285657118131E-003
  0.678720000000000       4.317296748477074E-003
  0.678800000000000       4.317307963157813E-003
  0.678880000000000       4.317319299803214E-003
  0.678960000000000       4.317330759273031E-003
  0.679040000000000       4.317342341581477E-003
  0.679120000000000       4.317354046032219E-003
  0.679200000000000       4.317365873605806E-003
  0.679280000000000       4.317377822270086E-003
  0.679360000000000       4.317389894455115E-003
  0.679440000000000       4.317402090096945E-003
  0.679520000000000       4.317414406630516E-003
  0.679600000000000       4.317426846492989E-003
  0.679680000000000       4.317439408824609E-003
  0.679760000000000       4.317452093362473E-003
  0.679840000000000       4.317464900241586E-003
  0.679920000000000       4.317477830371442E-003
  0.680000000000000       4.317490882181741E-003
  0.680080000000000       4.317504057001199E-003
  0.680160000000000       4.317517355341405E-003
  0.680240000000000       4.317530774338874E-003
  0.680320000000000       4.317544317027622E-003
  0.680400000000000       4.317557981908405E-003
  0.680480000000000       4.317571770018614E-003
  0.680560000000000       4.317585680015324E-003
  0.680640000000000       4.317599711990906E-003
  0.680720000000000       4.317613867615134E-003
  0.680800000000000       4.317628145360342E-003
  0.680880000000000       4.317642545425483E-003
  0.680960000000000       4.317657068343462E-003
  0.681040000000000       4.317671713922434E-003
  0.681120000000000       4.317686481792916E-003
  0.681200000000000       4.317701372153860E-003
  0.681280000000000       4.317716384877369E-003
  0.681360000000000       4.317731520553193E-003
  0.681440000000000       4.317746779003696E-003
  0.681520000000000       4.317762159774131E-003
  0.681600000000000       4.317777662402645E-003
  0.681680000000000       4.317793288047423E-003
  0.681760000000000       4.317809036495302E-003
  0.681840000000000       4.317824907035740E-003
  0.681920000000000       4.317840901040083E-003
  0.682000000000000       4.317857017513572E-003
  0.682080000000000       4.317873255646188E-003
  0.682160000000000       4.317889616724014E-003
  0.682240000000000       4.317906100839420E-003
  0.682320000000000       4.317922706649480E-003
  0.682400000000000       4.317939435461594E-003
  0.682480000000000       4.317956287119441E-003
  0.682560000000000       4.317973261786446E-003
  0.682640000000000       4.317990357643620E-003
  0.682720000000000       4.318007576630745E-003
  0.682800000000000       4.318024918790454E-003
  0.682880000000000       4.318042382538235E-003
  0.682960000000000       4.318059969586497E-003
  0.683040000000000       4.318077679430755E-003
  0.683120000000000       4.318095511445730E-003
  0.683200000000000       4.318113466199858E-003
  0.683280000000000       4.318131543224180E-003
  0.683360000000000       4.318149743151079E-003
  0.683440000000000       4.318168064907636E-003
  0.683520000000000       4.318186510369682E-003
  0.683600000000000       4.318205078286664E-003
  0.683680000000000       4.318223768083041E-003
  0.683760000000000       4.318242580590149E-003
  0.683840000000000       4.318261516141942E-003
  0.683920000000000       4.318280573352862E-003
  0.684000000000000       4.318299754361644E-003
  0.684080000000000       4.318319057029552E-003
  0.684160000000000       4.318338482628459E-003
  0.684240000000000       4.318358031392844E-003
  0.684320000000000       4.318377702420318E-003
  0.684400000000000       4.318397496087468E-003
  0.684480000000000       4.318417412124288E-003
  0.684560000000000       4.318437450765256E-003
  0.684640000000000       4.318457611640892E-003
  0.684720000000000       4.318477895838325E-003
  0.684800000000000       4.318498302277530E-003
  0.684880000000000       4.318518831576679E-003
  0.684960000000000       4.318539482925755E-003
  0.685040000000000       4.318560257816895E-003
  0.685120000000000       4.318581154480850E-003
  0.685200000000000       4.318602173663689E-003
  0.685280000000000       4.318623315528836E-003
  0.685360000000000       4.318644580303666E-003
  0.685440000000000       4.318665968499769E-003
  0.685520000000000       4.318687477871831E-003
  0.685600000000000       4.318709110629638E-003
  0.685680000000000       4.318730865948962E-003
  0.685760000000000       4.318752743595323E-003
  0.685840000000000       4.318774744861909E-003
  0.685920000000000       4.318796867268927E-003
  0.686000000000000       4.318819113388540E-003
  0.686080000000000       4.318841481060699E-003
  0.686160000000000       4.318863971898335E-003
  0.686240000000000       4.318886585936977E-003
  0.686320000000000       4.318909321975806E-003
  0.686400000000000       4.318932181101954E-003
  0.686480000000000       4.318955161318794E-003
  0.686560000000000       4.318978266584051E-003
  0.686640000000000       4.319001492840525E-003
  0.686720000000000       4.319024842397479E-003
  0.686800000000000       4.319048314267260E-003
  0.686880000000000       4.319071909025408E-003
  0.686960000000000       4.319095626302439E-003
  0.687040000000000       4.319119466524680E-003
  0.687120000000000       4.319143428903428E-003
  0.687200000000000       4.319167513865008E-003
  0.687280000000000       4.319191721409422E-003
  0.687360000000000       4.319216051742725E-003
  0.687440000000000       4.319240504665967E-003
  0.687520000000000       4.319265080683633E-003
  0.687600000000000       4.319289778523850E-003
  0.687680000000000       4.319314600048241E-003
  0.687760000000000       4.319339544283363E-003
  0.687840000000000       4.319364609587862E-003
  0.687920000000000       4.319389798541007E-003
  0.688000000000000       4.319415110091197E-003
  0.688080000000000       4.319440544757126E-003
  0.688160000000000       4.319466101032444E-003
  0.688240000000000       4.319491781126939E-003
  0.688320000000000       4.319517583328204E-003
  0.688400000000000       4.319543508396518E-003
  0.688480000000000       4.319569556012138E-003
  0.688560000000000       4.319595725549786E-003
  0.688640000000000       4.319622018764502E-003
  0.688720000000000       4.319648433801771E-003
  0.688800000000000       4.319674972032939E-003
  0.688880000000000       4.319701632761675E-003
  0.688960000000000       4.319728416677205E-003
  0.689040000000000       4.319755322209230E-003
  0.689120000000000       4.319782351453850E-003
  0.689200000000000       4.319809502549444E-003
  0.689280000000000       4.319836776611564E-003
  0.689360000000000       4.319864173988375E-003
  0.689440000000000       4.319891692313772E-003
  0.689520000000000       4.319919334451239E-003
  0.689600000000000       4.319947099327860E-003
  0.689680000000000       4.319974986105191E-003
  0.689760000000000       4.320002997042761E-003
  0.689840000000000       4.320031130136837E-003
  0.689920000000000       4.320059385330578E-003
  0.690000000000000       4.320087763128467E-003
  0.690080000000000       4.320116264184205E-003
  0.690160000000000       4.320144887510136E-003
  0.690240000000000       4.320173633291003E-003
  0.690320000000000       4.320202502116555E-003
  0.690400000000000       4.320231494143113E-003
  0.690480000000000       4.320260607757743E-003
  0.690560000000000       4.320289845234183E-003
  0.690640000000000       4.320319204611334E-003
  0.690720000000000       4.320348686336840E-003
  0.690800000000000       4.320378291924155E-003
  0.690880000000000       4.320408019028488E-003
  0.690960000000000       4.320437869390670E-003
  0.691040000000000       4.320467842328580E-003
  0.691120000000000       4.320497937735635E-003
  0.691200000000000       4.320528156592385E-003
  0.691280000000000       4.320558497818806E-003
  0.691360000000000       4.320588961400685E-003
  0.691440000000000       4.320619548311467E-003
  0.691520000000000       4.320650255929249E-003
  0.691600000000000       4.320681088552814E-003
  0.691680000000000       4.320712042508657E-003
  0.691760000000000       4.320743120020776E-003
  0.691840000000000       4.320774319177812E-003
  0.691920000000000       4.320805642686932E-003
  0.692000000000000       4.320837087727281E-003
  0.692080000000000       4.320868655847843E-003
  0.692160000000000       4.320900346330970E-003
  0.692240000000000       4.320932159894309E-003
  0.692320000000000       4.320964096154168E-003
  0.692400000000000       4.320996153987889E-003
  0.692480000000000       4.321028335704736E-003
  0.692560000000000       4.321060640942332E-003
  0.692640000000000       4.321093066844296E-003
  0.692720000000000       4.321125616224376E-003
  0.692800000000000       4.321158288926253E-003
  0.692880000000000       4.321191083884113E-003
  0.692960000000000       4.321224002099822E-003
  0.693040000000000       4.321257041718863E-003
  0.693120000000000       4.321290204943918E-003
  0.693200000000000       4.321323491234975E-003
  0.693280000000000       4.321356899760698E-003
  0.693360000000000       4.321390430421613E-003
  0.693440000000000       4.321424084752491E-003
  0.693520000000000       4.321457861254086E-003
  0.693600000000000       4.321491761049057E-003
  0.693680000000000       4.321525783107117E-003
  0.693760000000000       4.321559927570374E-003
  0.693840000000000       4.321594195518853E-003
  0.693920000000000       4.321628585844107E-003
  0.694000000000000       4.321663098887197E-003
  0.694080000000000       4.321697733731523E-003
  0.694160000000000       4.321732492501607E-003
  0.694240000000000       4.321767374280850E-003
  0.694320000000000       4.321802378024753E-003
  0.694400000000000       4.321837504074378E-003
  0.694480000000000       4.321872753815282E-003
  0.694560000000000       4.321908125961383E-003
  0.694640000000000       4.321943620853742E-003
  0.694720000000000       4.321979238250773E-003
  0.694800000000000       4.322014978614331E-003
  0.694880000000000       4.322050841496772E-003
  0.694960000000000       4.322086827594430E-003
  0.695040000000000       4.322122935813067E-003
  0.695120000000000       4.322159166806384E-003
  0.695200000000000       4.322195520887018E-003
  0.695280000000000       4.322231997635751E-003
  0.695360000000000       4.322268596882051E-003
  0.695440000000000       4.322305318732501E-003
  0.695520000000000       4.322342164011329E-003
  0.695600000000000       4.322379132007993E-003
  0.695680000000000       4.322416221351145E-003
  0.695760000000000       4.322453434691110E-003
  0.695840000000000       4.322490771075761E-003
  0.695920000000000       4.322528228700318E-003
  0.696000000000000       4.322565810478008E-003
  0.696080000000000       4.322603514028512E-003
  0.696160000000000       4.322641341348455E-003
  0.696240000000000       4.322679290455423E-003
  0.696320000000000       4.322717363317619E-003
  0.696400000000000       4.322755557718150E-003
  0.696480000000000       4.322793875035470E-003
  0.696560000000000       4.322832315965908E-003
  0.696640000000000       4.322870879244701E-003
  0.696720000000000       4.322909565752920E-003
  0.696800000000000       4.322948374240011E-003
  0.696880000000000       4.322987305935212E-003
  0.696960000000000       4.323026360540095E-003
  0.697040000000000       4.323065537017268E-003
  0.697120000000000       4.323104836709658E-003
  0.697200000000000       4.323144259269097E-003
  0.697280000000000       4.323183804937170E-003
  0.697360000000000       4.323223472719118E-003
  0.697440000000000       4.323263263098110E-003
  0.697520000000000       4.323303177715499E-003
  0.697600000000000       4.323343213807274E-003
  0.697680000000000       4.323383371885026E-003
  0.697760000000000       4.323423654456971E-003
  0.697840000000000       4.323464058879890E-003
  0.697920000000000       4.323504586105909E-003
  0.698000000000000       4.323545236063975E-003
  0.698080000000000       4.323586008860670E-003
  0.698160000000000       4.323626905298906E-003
  0.698240000000000       4.323667922962838E-003
  0.698320000000000       4.323709064232784E-003
  0.698400000000000       4.323750328227672E-003
  0.698480000000000       4.323791714997239E-003
  0.698560000000000       4.323833224939389E-003
  0.698640000000000       4.323874856370136E-003
  0.698720000000000       4.323916612138757E-003
  0.698800000000000       4.323958489594926E-003
  0.698880000000000       4.324000489768932E-003
  0.698960000000000       4.324042613648427E-003
  0.699040000000000       4.324084859300737E-003
  0.699120000000000       4.324127228551956E-003
  0.699200000000000       4.324169720243898E-003
  0.699280000000000       4.324212334213141E-003
  0.699360000000000       4.324255071390493E-003
  0.699440000000000       4.324297931065414E-003
  0.699520000000000       4.324340914552405E-003
  0.699600000000000       4.324384019954320E-003
  0.699680000000000       4.324427248422236E-003
  0.699760000000000       4.324470598954289E-003
  0.699840000000000       4.324514073206043E-003
  0.699920000000000       4.324557669905627E-003
  0.700000000000000       4.324601389102779E-003
  0.700080000000000       4.324645230634073E-003
  0.700160000000000       4.324689196147969E-003
  0.700240000000000       4.324733284045746E-003
  0.700320000000000       4.324777494462407E-003
  0.700400000000000       4.324821827774539E-003
  0.700480000000000       4.324866283690821E-003
  0.700560000000000       4.324910863568388E-003
  0.700640000000000       4.324955565034028E-003
  0.700720000000000       4.325000389082501E-003
  0.700800000000000       4.325045336019340E-003
  0.700880000000000       4.325090406619037E-003
  0.700960000000000       4.325135599197606E-003
  0.701040000000000       4.325180914131633E-003
  0.701120000000000       4.325226352927470E-003
  0.701200000000000       4.325271914576146E-003
  0.701280000000000       4.325317598395540E-003
  0.701360000000000       4.325363405657524E-003
  0.701440000000000       4.325409334955222E-003
  0.701520000000000       4.325455386899702E-003
  0.701600000000000       4.325501562563883E-003
  0.701680000000000       4.325547860675894E-003
  0.701760000000000       4.325594280994150E-003
  0.701840000000000       4.325640824378408E-003
  0.701920000000000       4.325687491198150E-003
  0.702000000000000       4.325734280309402E-003
  0.702080000000000       4.325781192586132E-003
  0.702160000000000       4.325828227104634E-003
  0.702240000000000       4.325875384106493E-003
  0.702320000000000       4.325922665353855E-003
  0.702400000000000       4.325970067777175E-003
  0.702480000000000       4.326017593898879E-003
  0.702560000000000       4.326065242560784E-003
  0.702640000000000       4.326113014643963E-003
  0.702720000000000       4.326160908741539E-003
  0.702800000000000       4.326208926274600E-003
  0.702880000000000       4.326257065914430E-003
  0.702960000000000       4.326305328954217E-003
  0.703040000000000       4.326353714235776E-003
  0.703120000000000       4.326402222753867E-003
  0.703200000000000       4.326450854359277E-003
  0.703280000000000       4.326499608192248E-003
  0.703360000000000       4.326548484323834E-003
  0.703440000000000       4.326597485013562E-003
  0.703520000000000       4.326646607106622E-003
  0.703600000000000       4.326695852436214E-003
  0.703680000000000       4.326745220306006E-003
  0.703760000000000       4.326794711312854E-003
  0.703840000000000       4.326844325158331E-003
  0.703920000000000       4.326894061380582E-003
  0.704000000000000       4.326943920860683E-003
  0.704080000000000       4.326993903492050E-003
  0.704160000000000       4.327044008109394E-003
  0.704240000000000       4.327094235863794E-003
  0.704320000000000       4.327144586030496E-003
  0.704400000000000       4.327195059483469E-003
  0.704480000000000       4.327245656279555E-003
  0.704560000000000       4.327296375146884E-003
  0.704640000000000       4.327347216561517E-003
  0.704720000000000       4.327398181255316E-003
  0.704800000000000       4.327449269192752E-003
  0.704880000000000       4.327500479407487E-003
  0.704960000000000       4.327551812510589E-003
  0.705040000000000       4.327603268864434E-003
  0.705120000000000       4.327654847296625E-003
  0.705200000000000       4.327706549682998E-003
  0.705280000000000       4.327758373465596E-003
  0.705360000000000       4.327810320385251E-003
  0.705440000000000       4.327862391237770E-003
  0.705520000000000       4.327914583777837E-003
  0.705600000000000       4.327966899966552E-003
  0.705680000000000       4.328019337992029E-003
  0.705760000000000       4.328071899651943E-003
  0.705840000000000       4.328124583567839E-003
  0.705920000000000       4.328177391487654E-003
  0.706000000000000       4.328230320448424E-003
  0.706080000000000       4.328283373533904E-003
  0.706160000000000       4.328336549372747E-003
  0.706240000000000       4.328389847801529E-003
  0.706320000000000       4.328443269125782E-003
  0.706400000000000       4.328496812755756E-003
  0.706480000000000       4.328550479259886E-003
  0.706560000000000       4.328604269441084E-003
  0.706640000000000       4.328658182006163E-003
  0.706720000000000       4.328712217281972E-003
  0.706800000000000       4.328766375687732E-003
  0.706880000000000       4.328820656633692E-003
  0.706960000000000       4.328875060027482E-003
  0.707040000000000       4.328929587339925E-003
  0.707120000000000       4.328984236609924E-003
  0.707200000000000       4.329039009699099E-003
  0.707280000000000       4.329093904383453E-003
  0.707360000000000       4.329148922091176E-003
  0.707440000000000       4.329204063497284E-003
  0.707520000000000       4.329259326967528E-003
  0.707600000000000       4.329314713333244E-003
  0.707680000000000       4.329370222956808E-003
  0.707760000000000       4.329425855170311E-003
  0.707840000000000       4.329481610741138E-003
  0.707920000000000       4.329537488447156E-003
  0.708000000000000       4.329593489382600E-003
  0.708080000000000       4.329649613121146E-003
  0.708160000000000       4.329705859343048E-003
  0.708240000000000       4.329762228879642E-003
  0.708320000000000       4.329818721020385E-003
  0.708400000000000       4.329875335715539E-003
  0.708480000000000       4.329932073952759E-003
  0.708560000000000       4.329988934239904E-003
  0.708640000000000       4.330045918545179E-003
  0.708720000000000       4.330103024687216E-003
  0.708800000000000       4.330160253909466E-003
  0.708880000000000       4.330217606226140E-003
  0.708960000000000       4.330275080933799E-003
  0.709040000000000       4.330332679119576E-003
  0.709120000000000       4.330390399007112E-003
  0.709200000000000       4.330448243019359E-003
  0.709280000000000       4.330506209095742E-003
  0.709360000000000       4.330564298522344E-003
  0.709440000000000       4.330622510460725E-003
  0.709520000000000       4.330680845138258E-003
  0.709600000000000       4.330739303400489E-003
  0.709680000000000       4.330797884153182E-003
  0.709760000000000       4.330856587339494E-003
  0.709840000000000       4.330915413790760E-003
  0.709920000000000       4.330974363329344E-003
  0.710000000000000       4.331033435536025E-003
  0.710080000000000       4.331092629849476E-003
  0.710160000000000       4.331151947967894E-003
  0.710240000000000       4.331211388654933E-003
  0.710320000000000       4.331270951242683E-003
  0.710400000000000       4.331330638374365E-003
  0.710480000000000       4.331390447186490E-003
  0.710560000000000       4.331450379782265E-003
  0.710640000000000       4.331510433909270E-003
  0.710720000000000       4.331570611656500E-003
  0.710800000000000       4.331630912753948E-003
  0.710880000000000       4.331691335723687E-003
  0.710960000000000       4.331751882391811E-003
  0.711040000000000       4.331812551166703E-003
  0.711120000000000       4.331873343405502E-003
  0.711200000000000       4.331934258347925E-003
  0.711280000000000       4.331995296363456E-003
  0.711360000000000       4.332056457359724E-003
  0.711440000000000       4.332117739716691E-003
  0.711520000000000       4.332179146162841E-003
  0.711600000000000       4.332240676485011E-003
  0.711680000000000       4.332302327734450E-003
  0.711760000000000       4.332364103165443E-003
  0.711840000000000       4.332426001079793E-003
  0.711920000000000       4.332488021605397E-003
  0.712000000000000       4.332550164848837E-003
  0.712080000000000       4.332612430888273E-003
  0.712160000000000       4.332674820796623E-003
  0.712240000000000       4.332737332655424E-003
  0.712320000000000       4.332799968113133E-003
  0.712400000000000       4.332862726295784E-003
  0.712480000000000       4.332925606094929E-003
  0.712560000000000       4.332988609976152E-003
  0.712640000000000       4.333051736923377E-003
  0.712720000000000       4.333114985934739E-003
  0.712800000000000       4.333178357628410E-003
  0.712880000000000       4.333241853368631E-003
  0.712960000000000       4.333305471514049E-003
  0.713040000000000       4.333369212483885E-003
  0.713120000000000       4.333433075731020E-003
  0.713200000000000       4.333497062207581E-003
  0.713280000000000       4.333561172219103E-003
  0.713360000000000       4.333625404301867E-003
  0.713440000000000       4.333689759272997E-003
  0.713520000000000       4.333754237516186E-003
  0.713600000000000       4.333818838228521E-003
  0.713680000000000       4.333883562063701E-003
  0.713760000000000       4.333948409149625E-003
  0.713840000000000       4.334013378967595E-003
  0.713920000000000       4.334078470835490E-003
  0.714000000000000       4.334143686039394E-003
  0.714080000000000       4.334209024486935E-003
  0.714160000000000       4.334274485432044E-003
  0.714240000000000       4.334340069436050E-003
  0.714320000000000       4.334405775802620E-003
  0.714400000000000       4.334471605917312E-003
  0.714480000000000       4.334537558010877E-003
  0.714560000000000       4.334603633888091E-003
  0.714640000000000       4.334669832113659E-003
  0.714720000000000       4.334736153362596E-003
  0.714800000000000       4.334802597514110E-003
  0.714880000000000       4.334869164383460E-003
  0.714960000000000       4.334935854567502E-003
  0.715040000000000       4.335002667107003E-003
  0.715120000000000       4.335069602463815E-003
  0.715200000000000       4.335136661106898E-003
  0.715280000000000       4.335203841565428E-003
  0.715360000000000       4.335271146049192E-003
  0.715440000000000       4.335338573748172E-003
  0.715520000000000       4.335406123362074E-003
  0.715600000000000       4.335473796482515E-003
  0.715680000000000       4.335541592164472E-003
  0.715760000000000       4.335609511686923E-003
  0.715840000000000       4.335677552641127E-003
  0.715920000000000       4.335745716561857E-003
  0.716000000000000       4.335814003861228E-003
  0.716080000000000       4.335882414155546E-003
  0.716160000000000       4.335950947309809E-003
  0.716240000000000       4.336019603430597E-003
  0.716320000000000       4.336088382347381E-003
  0.716400000000000       4.336157284031739E-003
  0.716480000000000       4.336226308476566E-003
  0.716560000000000       4.336295455831075E-003
  0.716640000000000       4.336364726464748E-003
  0.716720000000000       4.336434119269140E-003
  0.716800000000000       4.336503635885603E-003
  0.716880000000000       4.336573275241219E-003
  0.716960000000000       4.336643036362543E-003
  0.717040000000000       4.336712920834086E-003
  0.717120000000000       4.336782928535055E-003
  0.717200000000000       4.336853059550717E-003
  0.717280000000000       4.336923312737096E-003
  0.717360000000000       4.336993689515279E-003
  0.717440000000000       4.337064188371809E-003
  0.717520000000000       4.337134810777511E-003
  0.717600000000000       4.337205555517355E-003
  0.717680000000000       4.337276423749526E-003
  0.717760000000000       4.337347414678217E-003
  0.717840000000000       4.337418528005000E-003
  0.717920000000000       4.337489765222014E-003
  0.718000000000000       4.337561124261580E-003
  0.718080000000000       4.337632606225040E-003
  0.718160000000000       4.337704212036098E-003
  0.718240000000000       4.337775940159983E-003
  0.718320000000000       4.337847790639327E-003
  0.718400000000000       4.337919764845478E-003
  0.718480000000000       4.337991861463931E-003
  0.718560000000000       4.338064081468130E-003
  0.718640000000000       4.338136423500939E-003
  0.718720000000000       4.338208889075813E-003
  0.718800000000000       4.338281476856932E-003
  0.718880000000000       4.338354188620653E-003
  0.718960000000000       4.338427022533776E-003
  0.719040000000000       4.338499980180811E-003
  0.719120000000000       4.338573059913298E-003
  0.719200000000000       4.338646262569679E-003
  0.719280000000000       4.338719588725493E-003
  0.719360000000000       4.338793036782019E-003
  0.719440000000000       4.338866608629300E-003
  0.719520000000000       4.338940302888884E-003
  0.719600000000000       4.339014120306840E-003
  0.719680000000000       4.339088060925800E-003
  0.719760000000000       4.339162123758112E-003
  0.719840000000000       4.339236309869588E-003
  0.719920000000000       4.339310618315207E-003
  0.720000000000000       4.339385050636847E-003
  0.720080000000000       4.339459604759722E-003
  0.720160000000000       4.339534282652036E-003
  0.720240000000000       4.339609082771912E-003
  0.720320000000000       4.339684006476486E-003
  0.720400000000000       4.339759051698078E-003
  0.720480000000000       4.339834221577289E-003
  0.720560000000000       4.339909513556162E-003
  0.720640000000000       4.339984929290264E-003
  0.720720000000000       4.340060466321117E-003
  0.720800000000000       4.340136126929562E-003
  0.720880000000000       4.340211910262948E-003
  0.720960000000000       4.340287817344458E-003
  0.721040000000000       4.340363846859586E-003
  0.721120000000000       4.340439998396218E-003
  0.721200000000000       4.340516273965190E-003
  0.721280000000000       4.340592671946465E-003
  0.721360000000000       4.340669193555070E-003
  0.721440000000000       4.340745837071492E-003
  0.721520000000000       4.340822603383910E-003
  0.721600000000000       4.340899493501294E-003
  0.721680000000000       4.340976506201511E-003
  0.721760000000000       4.341053641967730E-003
  0.721840000000000       4.341130900323887E-003
  0.721920000000000       4.341208281646570E-003
  0.722000000000000       4.341285785623140E-003
  0.722080000000000       4.341363413113353E-003
  0.722160000000000       4.341441163051397E-003
  0.722240000000000       4.341519036126496E-003
  0.722320000000000       4.341597032033118E-003
  0.722400000000000       4.341675149655711E-003
  0.722480000000000       4.341753391786708E-003
  0.722560000000000       4.341831755917892E-003
  0.722640000000000       4.341910243953518E-003
  0.722720000000000       4.341988853825907E-003
  0.722800000000000       4.342067587510368E-003
  0.722880000000000       4.342146442178941E-003
  0.722960000000000       4.342225422379099E-003
  0.723040000000000       4.342304524025221E-003
  0.723120000000000       4.342383749177881E-003
  0.723200000000000       4.342463095875982E-003
  0.723280000000000       4.342542566698793E-003
  0.723360000000000       4.342622160054700E-003
  0.723440000000000       4.342701876988198E-003
  0.723520000000000       4.342781716042677E-003
  0.723600000000000       4.342861678852384E-003
  0.723680000000000       4.342941763648068E-003
  0.723760000000000       4.343021971118955E-003
  0.723840000000000       4.343102302366387E-003
  0.723920000000000       4.343182756367182E-003
  0.724000000000000       4.343263332993442E-003
  0.724080000000000       4.343344032557806E-003
  0.724160000000000       4.343424854491840E-003
  0.724240000000000       4.343505800387160E-003
  0.724320000000000       4.343586868531358E-003
  0.724400000000000       4.343668059833928E-003
  0.724480000000000       4.343749373634066E-003
  0.724560000000000       4.343830810898109E-003
  0.724640000000000       4.343912370894199E-003
  0.724720000000000       4.343994053068113E-003
  0.724800000000000       4.344075859544373E-003
  0.724880000000000       4.344157787999504E-003
  0.724960000000000       4.344239839897224E-003
  0.725040000000000       4.344322013688551E-003
  0.725120000000000       4.344404311867490E-003
  0.725200000000000       4.344486731556341E-003
  0.725280000000000       4.344569274559885E-003
  0.725360000000000       4.344651940856804E-003
  0.725440000000000       4.344734729118383E-003
  0.725520000000000       4.344817641462041E-003
  0.725600000000000       4.344900676374320E-003
  0.725680000000000       4.344983833897854E-003
  0.725760000000000       4.345067114686341E-003
  0.725840000000000       4.345150517823183E-003
  0.725920000000000       4.345234043954972E-003
  0.726000000000000       4.345317693287765E-003
  0.726080000000000       4.345401465196286E-003
  0.726160000000000       4.345485360561608E-003
  0.726240000000000       4.345569378587922E-003
  0.726320000000000       4.345653519623394E-003
  0.726400000000000       4.345737782687476E-003
  0.726480000000000       4.345822169172831E-003
  0.726560000000000       4.345906679143408E-003
  0.726640000000000       4.345991311895770E-003
  0.726720000000000       4.346076067216754E-003
  0.726800000000000       4.346160945490053E-003
  0.726880000000000       4.346245947326733E-003
  0.726960000000000       4.346331070914911E-003
  0.727040000000000       4.346416318400426E-003
  0.727120000000000       4.346501687310590E-003
  0.727200000000000       4.346587180359674E-003
  0.727280000000000       4.346672796794505E-003
  0.727360000000000       4.346758535229523E-003
  0.727440000000000       4.346844396211847E-003
  0.727520000000000       4.346930380899661E-003
  0.727600000000000       4.347016487807932E-003
  0.727680000000000       4.347102717860363E-003
  0.727760000000000       4.347189071696445E-003
  0.727840000000000       4.347275547383501E-003
  0.727920000000000       4.347362146086820E-003
  0.728000000000000       4.347448868225624E-003
  0.728080000000000       4.347535712904627E-003
  0.728160000000000       4.347622680564368E-003
  0.728240000000000       4.347709770991682E-003
  0.728320000000000       4.347796984591579E-003
  0.728400000000000       4.347884321207741E-003
  0.728480000000000       4.347971780108307E-003
  0.728560000000000       4.348059362280932E-003
  0.728640000000000       4.348147067910358E-003
  0.728720000000000       4.348234894914694E-003
  0.728800000000000       4.348322846548226E-003
  0.728880000000000       4.348410919130342E-003
  0.728960000000000       4.348499116057437E-003
  0.729040000000000       4.348587435901319E-003
  0.729120000000000       4.348675878740150E-003
  0.729200000000000       4.348764443557852E-003
  0.729280000000000       4.348853132081044E-003
  0.729360000000000       4.348941943656027E-003
  0.729440000000000       4.349030877181460E-003
  0.729520000000000       4.349119934923974E-003
  0.729600000000000       4.349209114027187E-003
  0.729680000000000       4.349298416572989E-003
  0.729760000000000       4.349387843115605E-003
  0.729840000000000       4.349477391097079E-003
  0.729920000000000       4.349567062691673E-003
  0.730000000000000       4.349656857636486E-003
  0.730080000000000       4.349746774204900E-003
  0.730160000000000       4.349836814549857E-003
  0.730240000000000       4.349926977811603E-003
  0.730320000000000       4.350017263954609E-003
  0.730400000000000       4.350107672069382E-003
  0.730480000000000       4.350198203960699E-003
  0.730560000000000       4.350288858910912E-003
  0.730640000000000       4.350379636117108E-003
  0.730720000000000       4.350470536851159E-003
  0.730800000000000       4.350561560764899E-003
  0.730880000000000       4.350652706771197E-003
  0.730960000000000       4.350743976276928E-003
  0.731040000000000       4.350835367107831E-003
  0.731120000000000       4.350926883264262E-003
  0.731200000000000       4.351018520966133E-003
  0.731280000000000       4.351110281570581E-003
  0.731360000000000       4.351202165447089E-003
  0.731440000000000       4.351294171863796E-003
  0.731520000000000       4.351386301872307E-003
  0.731600000000000       4.351478553468891E-003
  0.731680000000000       4.351570929147553E-003
  0.731760000000000       4.351663427501418E-003
  0.731840000000000       4.351756048224954E-003
  0.731920000000000       4.351848792739244E-003
  0.732000000000000       4.351941659836368E-003
  0.732080000000000       4.352034649182369E-003
  0.732160000000000       4.352127761743586E-003
  0.732240000000000       4.352220997157642E-003
  0.732320000000000       4.352314355396115E-003
  0.732400000000000       4.352407836487427E-003
  0.732480000000000       4.352501441376600E-003
  0.732560000000000       4.352595167995955E-003
  0.732640000000000       4.352689018221324E-003
  0.732720000000000       4.352782991235583E-003
  0.732800000000000       4.352877087365582E-003
  0.732880000000000       4.352971305673404E-003
  0.732960000000000       4.353065647253285E-003
  0.733040000000000       4.353160112034172E-003
  0.733120000000000       4.353254699426313E-003
  0.733200000000000       4.353349409465235E-003
  0.733280000000000       4.353444243223859E-003
  0.733360000000000       4.353539198549240E-003
  0.733440000000000       4.353634278361707E-003
  0.733520000000000       4.353729479691194E-003
  0.733600000000000       4.353824805564611E-003
  0.733680000000000       4.353920253097155E-003
  0.733760000000000       4.354015823731228E-003
  0.733840000000000       4.354111516408122E-003
  0.733920000000000       4.354207333586314E-003
  0.734000000000000       4.354303272636795E-003
  0.734080000000000       4.354399334859860E-003
  0.734160000000000       4.354495519118640E-003
  0.734240000000000       4.354591827395549E-003
  0.734320000000000       4.354688258127393E-003
  0.734400000000000       4.354784812486568E-003
  0.734480000000000       4.354881488966723E-003
  0.734560000000000       4.354978288569723E-003
  0.734640000000000       4.355075210833715E-003
  0.734720000000000       4.355172256085550E-003
  0.734800000000000       4.355269425092612E-003
  0.734880000000000       4.355366715097998E-003
  0.734960000000000       4.355464129441256E-003
  0.735040000000000       4.355561666161290E-003
  0.735120000000000       4.355659326061013E-003
  0.735200000000000       4.355757108934367E-003
  0.735280000000000       4.355855014561084E-003
  0.735360000000000       4.355953043303541E-003
  0.735440000000000       4.356051194387246E-003
  0.735520000000000       4.356149468728799E-003
  0.735600000000000       4.356247865248176E-003
  0.735680000000000       4.356346385714627E-003
  0.735760000000000       4.356445028572065E-003
  0.735840000000000       4.356543794737090E-003
  0.735920000000000       4.356642683222046E-003
  0.736000000000000       4.356741694467470E-003
  0.736080000000000       4.356840829382858E-003
  0.736160000000000       4.356940086689232E-003
  0.736240000000000       4.357039466770286E-003
  0.736320000000000       4.357138970166031E-003
  0.736400000000000       4.357238595917235E-003
  0.736480000000000       4.357338344904971E-003
  0.736560000000000       4.357438217036869E-003
  0.736640000000000       4.357538210891843E-003
  0.736720000000000       4.357638328658365E-003
  0.736800000000000       4.357738568979298E-003
  0.736880000000000       4.357838932835190E-003
  0.736960000000000       4.357939418613111E-003
  0.737040000000000       4.358040027485455E-003
  0.737120000000000       4.358140759608543E-003
  0.737200000000000       4.358241614172354E-003
  0.737280000000000       4.358342592264020E-003
  0.737360000000000       4.358443693009573E-003
  0.737440000000000       4.358544916146113E-003
  0.737520000000000       4.358646262902877E-003
  0.737600000000000       4.358747732995650E-003
  0.737680000000000       4.358849324562809E-003
  0.737760000000000       4.358951039615189E-003
  0.737840000000000       4.359052877065662E-003
  0.737920000000000       4.359154838512947E-003
  0.738000000000000       4.359256922202005E-003
  0.738080000000000       4.359359128608898E-003
  0.738160000000000       4.359461458216796E-003
  0.738240000000000       4.359563910109100E-003
  0.738320000000000       4.359666485422676E-003
  0.738400000000000       4.359769183319085E-003
  0.738480000000000       4.359872005077304E-003
  0.738560000000000       4.359974948679391E-003
  0.738640000000000       4.360078015681435E-003
  0.738720000000000       4.360181204754721E-003
  0.738800000000000       4.360284517824820E-003
  0.738880000000000       4.360387953158008E-003
  0.738960000000000       4.360491511649568E-003
  0.739040000000000       4.360595192148421E-003
  0.739120000000000       4.360698996793300E-003
  0.739200000000000       4.360802923353103E-003
  0.739280000000000       4.360906972623636E-003
  0.739360000000000       4.361011145315442E-003
  0.739440000000000       4.361115441364572E-003
  0.739520000000000       4.361219859477839E-003
  0.739600000000000       4.361324401261069E-003
  0.739680000000000       4.361429065570289E-003
  0.739760000000000       4.361533851616795E-003
  0.739840000000000       4.361638762050913E-003
  0.739920000000000       4.361743795124707E-003
