1.7766E-02 1.7839E-02 0.4065
1.6770E-02 1.6724E-02 0.2737
1.7858E-02 1.7818E-02 0.2272
1.7494E-02 1.7457E-02 0.2162
1.7648E-02 1.7605E-02 0.2462
1.7207E-02 1.7168E-02 0.2296
1.7572E-02 1.7646E-02 0.4180
1.7690E-02 1.7768E-02 0.4444
1.8222E-02 1.8221E-02 0.0038
1.7256E-02 1.7258E-02 0.0142
1.8800E-02 1.8737E-02 0.3386
1.6294E-02 1.6293E-02 0.0097
1.8134E-02 1.8060E-02 0.4108
1.6855E-02 1.6852E-02 0.0195
1.9609E-02 1.9534E-02 0.3858
1.6401E-02 1.6385E-02 0.0962
1.7695E-02 1.7708E-02 0.0739
1.7747E-02 1.7830E-02 0.4690
1.6907E-02 1.6995E-02 0.5176
1.6748E-02 1.6781E-02 0.1972
1.7010E-02 1.6971E-02 0.2316
1.9375E-02 1.9382E-02 0.0396
1.7356E-02 1.7356E-02 0.0033
1.9338E-02 1.9341E-02 0.0150
1.6795E-02 1.6804E-02 0.0576
1.9042E-02 1.9031E-02 0.0576
1.7526E-02 1.7530E-02 0.0223
1.9397E-02 1.9396E-02 0.0074
1.6799E-02 1.6768E-02 0.1840
1.7053E-02 1.7090E-02 0.2151
1.8024E-02 1.8102E-02 0.4339
1.7820E-02 1.7833E-02 0.0733
1.6824E-02 1.6781E-02 0.2554
1.7672E-02 1.7695E-02 0.1269
1.6669E-02 1.6680E-02 0.0629
1.8738E-02 1.8747E-02 0.0479
1.7793E-02 1.7783E-02 0.0530
1.9132E-02 1.9134E-02 0.0147
1.6905E-02 1.6892E-02 0.0733
1.9625E-02 1.9634E-02 0.0422
1.7361E-02 1.7357E-02 0.0203
1.7443E-02 1.7465E-02 0.1279
1.6168E-02 1.6128E-02 0.2484
1.7433E-02 1.7451E-02 0.1044
1.7129E-02 1.7202E-02 0.4216
1.7312E-02 1.7325E-02 0.0702
1.9653E-02 1.9651E-02 0.0107
1.7318E-02 1.7325E-02 0.0428
1.8764E-02 1.8779E-02 0.0791
1.6989E-02 1.6982E-02 0.0403
1.7990E-02 1.7972E-02 0.0993
1.6864E-02 1.6857E-02 0.0383
1.9308E-02 1.9303E-02 0.0249
1.7972E-02 1.7962E-02 0.0537
1.8502E-02 1.8512E-02 0.0534
1.7617E-02 1.7620E-02 0.0174
1.9294E-02 1.9306E-02 0.0627
1.6789E-02 1.6785E-02 0.0219
1.7645E-02 1.7718E-02 0.4130
1.7232E-02 1.7197E-02 0.2019
1.8103E-02 1.8032E-02 0.3941
1.7728E-02 1.7732E-02 0.0263
1.8376E-02 1.8386E-02 0.0509
1.7205E-02 1.7200E-02 0.0262
1.9730E-02 1.9720E-02 0.0538
1.7944E-02 1.7936E-02 0.0438
1.9685E-02 1.9691E-02 0.0336
1.7205E-02 1.7190E-02 0.0914
1.8743E-02 1.8741E-02 0.0134
1.7719E-02 1.7719E-02 0.0038
1.8726E-02 1.8742E-02 0.0891
1.6688E-02 1.6692E-02 0.0218
1.8583E-02 1.8517E-02 0.3526
1.6726E-02 1.6680E-02 0.2719
1.7518E-02 1.7478E-02 0.2290
1.6836E-02 1.6839E-02 0.0155
1.8681E-02 1.8676E-02 0.0277
1.7146E-02 1.7139E-02 0.0369
1.7928E-02 1.7911E-02 0.0939
1.8061E-02 1.8065E-02 0.0241
1.7885E-02 1.7881E-02 0.0259
1.7068E-02 1.7073E-02 0.0301
1.9417E-02 1.9423E-02 0.0291
1.6594E-02 1.6599E-02 0.0302
1.9210E-02 1.9209E-02 0.0049
1.8122E-02 1.8118E-02 0.0215
1.9015E-02 1.9010E-02 0.0299
1.6766E-02 1.6765E-02 0.0048
1.6657E-02 1.6606E-02 0.3025
1.8125E-02 1.8075E-02 0.2732
1.8852E-02 1.8788E-02 0.3401
1.6729E-02 1.6737E-02 0.0501
1.8418E-02 1.8418E-02 0.0002
1.6684E-02 1.6694E-02 0.0635
1.7970E-02 1.7968E-02 0.0084
1.6423E-02 1.6429E-02 0.0327
1.9128E-02 1.9155E-02 0.1400
1.8014E-02 1.8021E-02 0.0355
1.8126E-02 1.8123E-02 0.0142
1.6438E-02 1.6445E-02 0.0452
1.9706E-02 1.9707E-02 0.0086
1.7143E-02 1.7144E-02 0.0072
1.8587E-02 1.8527E-02 0.3228
1.6884E-02 1.6844E-02 0.2351
1.7072E-02 1.7025E-02 0.2738
1.5978E-02 1.5978E-02 0.0013
1.8813E-02 1.8816E-02 0.0160
1.7803E-02 1.7803E-02 0.0054
1.8026E-02 1.8014E-02 0.0660
1.7753E-02 1.7745E-02 0.0461
1.9337E-02 1.9348E-02 0.0544
1.7756E-02 1.7758E-02 0.0112
1.7893E-02 1.7889E-02 0.0220
1.8115E-02 1.8120E-02 0.0289
1.7994E-02 1.7983E-02 0.0644
1.6993E-02 1.6986E-02 0.0398
1.8978E-02 1.8973E-02 0.0238
1.7004E-02 1.6999E-02 0.0307
1.7064E-02 1.7022E-02 0.2476
1.6513E-02 1.6462E-02 0.3075
1.9245E-02 1.9182E-02 0.3282
1.7728E-02 1.7736E-02 0.0457
1.7858E-02 1.7853E-02 0.0300
1.7826E-02 1.7824E-02 0.0130
1.8511E-02 1.8502E-02 0.0491
1.7439E-02 1.7431E-02 0.0472
1.7841E-02 1.7831E-02 0.0596
1.6434E-02 1.6440E-02 0.0340
1.8162E-02 1.8156E-02 0.0323
1.8132E-02 1.8129E-02 0.0159
1.8191E-02 1.8194E-02 0.0157
1.7560E-02 1.7567E-02 0.0395
1.9594E-02 1.9516E-02 0.4020
1.8158E-02 1.8103E-02 0.3070
1.6724E-02 1.6789E-02 0.3828
1.5666E-02 1.5647E-02 0.1193
1.8389E-02 1.8390E-02 0.0076
1.7273E-02 1.7280E-02 0.0392
1.7831E-02 1.7831E-02 0.0010
1.7623E-02 1.7616E-02 0.0414
1.8458E-02 1.8454E-02 0.0193
1.6935E-02 1.6928E-02 0.0407
1.9378E-02 1.9373E-02 0.0251
1.7256E-02 1.7249E-02 0.0421
1.8416E-02 1.8429E-02 0.0693
1.7044E-02 1.7057E-02 0.0715
1.9158E-02 1.9165E-02 0.0365
1.5651E-02 1.5630E-02 0.1377
1.8220E-02 1.8277E-02 0.3132
1.8028E-02 1.8037E-02 0.0493
1.6685E-02 1.6648E-02 0.2213
1.8144E-02 1.8184E-02 0.2212
1.7153E-02 1.7160E-02 0.0405
1.9106E-02 1.9128E-02 0.1129
1.6736E-02 1.6732E-02 0.0196
1.9616E-02 1.9619E-02 0.0113
1.7647E-02 1.7629E-02 0.1032
1.9666E-02 1.9674E-02 0.0391
1.7820E-02 1.7821E-02 0.0037
1.6914E-02 1.6944E-02 0.1789
1.6820E-02 1.6787E-02 0.1965
1.6759E-02 1.6769E-02 0.0548
1.6957E-02 1.7043E-02 0.5023
1.7184E-02 1.7218E-02 0.1976
1.7579E-02 1.7531E-02 0.2749
1.8122E-02 1.8115E-02 0.0375
1.7638E-02 1.7648E-02 0.0542
1.8083E-02 1.8067E-02 0.0872
1.7300E-02 1.7305E-02 0.0264
1.8060E-02 1.8046E-02 0.0819
1.6149E-02 1.6160E-02 0.0671
1.9481E-02 1.9485E-02 0.0229
1.6536E-02 1.6493E-02 0.2594
1.5934E-02 1.5954E-02 0.1245
1.8234E-02 1.8307E-02 0.4028
1.7287E-02 1.7372E-02 0.4874
1.8161E-02 1.8167E-02 0.0360
1.6707E-02 1.6706E-02 0.0099
1.9538E-02 1.9471E-02 0.3468
1.5543E-02 1.5537E-02 0.0389
1.8707E-02 1.8643E-02 0.3417
1.5783E-02 1.5779E-02 0.0235
1.8849E-02 1.8787E-02 0.3334
1.6574E-02 1.6573E-02 0.0042
1.6496E-02 1.6497E-02 0.0077
1.6848E-02 1.6925E-02 0.4586
1.7570E-02 1.7642E-02 0.4079
1.7787E-02 1.7745E-02 0.2402
1.7886E-02 1.7833E-02 0.2963
1.8159E-02 1.8103E-02 0.3098
1.7784E-02 1.7741E-02 0.2441
1.8121E-02 1.8082E-02 0.2149
1.6523E-02 1.6571E-02 0.2868
