  0.660000000000000       8.506502525302274E-002
  0.660080000000000       8.506752018742937E-002
  0.660160000000000       8.507001511345870E-002
  0.660240000000000       8.507251003076256E-002
  0.660320000000000       8.507500493985966E-002
  0.660400000000000       8.507749984008918E-002
  0.660480000000000       8.507999473226115E-002
  0.660560000000000       8.508248961545185E-002
  0.660640000000000       8.508498448981762E-002
  0.660720000000000       8.508747935573503E-002
  0.660800000000000       8.508997421292698E-002
  0.660880000000000       8.509246906159952E-002
  0.660960000000000       8.509496390139738E-002
  0.661040000000000       8.509745873216425E-002
  0.661120000000000       8.509995355458934E-002
  0.661200000000000       8.510244836790527E-002
  0.661280000000000       8.510494317271601E-002
  0.661360000000000       8.510743796823995E-002
  0.661440000000000       8.510993275513791E-002
  0.661520000000000       8.511242753318250E-002
  0.661600000000000       8.511492230211083E-002
  0.661680000000000       8.511741706232791E-002
  0.661760000000000       8.511991181342161E-002
  0.661840000000000       8.512240655547722E-002
  0.661920000000000       8.512490128855156E-002
  0.662000000000000       8.512739601268017E-002
  0.662080000000000       8.512989072774936E-002
  0.662160000000000       8.513238543331859E-002
  0.662240000000000       8.513488013034710E-002
  0.662320000000000       8.513737481805329E-002
  0.662400000000000       8.513986949650822E-002
  0.662480000000000       8.514236416555555E-002
  0.662560000000000       8.514485882560031E-002
  0.662640000000000       8.514735347633696E-002
  0.662720000000000       8.514984811801420E-002
  0.662800000000000       8.515234275037621E-002
  0.662880000000000       8.515483737296826E-002
  0.662960000000000       8.515733198664301E-002
  0.663040000000000       8.515982659065437E-002
  0.663120000000000       8.516232118574842E-002
  0.663200000000000       8.516481577102987E-002
  0.663280000000000       8.516731034706716E-002
  0.663360000000000       8.516980491388872E-002
  0.663440000000000       8.517229947084083E-002
  0.663520000000000       8.517479401820773E-002
  0.663600000000000       8.517728855635888E-002
  0.663680000000000       8.517978308442033E-002
  0.663760000000000       8.518227760350051E-002
  0.663840000000000       8.518477211261179E-002
  0.663920000000000       8.518726661219468E-002
  0.664000000000000       8.518976110205735E-002
  0.664080000000000       8.519225558237743E-002
  0.664160000000000       8.519475005309098E-002
  0.664240000000000       8.519724451370771E-002
  0.664320000000000       8.519973896490264E-002
  0.664400000000000       8.520223340619261E-002
  0.664480000000000       8.520472783757051E-002
  0.664560000000000       8.520722225933476E-002
  0.664640000000000       8.520971667125089E-002
  0.664720000000000       8.521221107317679E-002
  0.664800000000000       8.521470546511957E-002
  0.664880000000000       8.521719984726396E-002
  0.664960000000000       8.521969421969523E-002
  0.665040000000000       8.522218858177390E-002
  0.665120000000000       8.522468293393339E-002
  0.665200000000000       8.522717727601738E-002
  0.665280000000000       8.522967160818930E-002
  0.665360000000000       8.523216593028572E-002
  0.665440000000000       8.523466024221428E-002
  0.665520000000000       8.523715454405313E-002
  0.665600000000000       8.523964883583780E-002
  0.665680000000000       8.524214311752566E-002
  0.665760000000000       8.524463738875433E-002
  0.665840000000000       8.524713164980803E-002
  0.665920000000000       8.524962590085729E-002
  0.666000000000000       8.525212014139762E-002
  0.666080000000000       8.525461437181271E-002
  0.666160000000000       8.525710859199599E-002
  0.666240000000000       8.525960280152824E-002
  0.666320000000000       8.526209700097077E-002
  0.666400000000000       8.526459118989728E-002
  0.666480000000000       8.526708536861329E-002
  0.666560000000000       8.526957953659299E-002
  0.666640000000000       8.527207369441193E-002
  0.666720000000000       8.527456784162958E-002
  0.666800000000000       8.527706197805408E-002
  0.666880000000000       8.527955610453099E-002
  0.666960000000000       8.528205021990921E-002
  0.667040000000000       8.528454432484957E-002
  0.667120000000000       8.528703841930942E-002
  0.667200000000000       8.528953250294059E-002
  0.667280000000000       8.529202657645364E-002
  0.667360000000000       8.529452063869748E-002
  0.667440000000000       8.529701469048924E-002
  0.667520000000000       8.529950873152338E-002
  0.667600000000000       8.530200276155121E-002
  0.667680000000000       8.530449678129749E-002
  0.667760000000000       8.530699078990957E-002
  0.667840000000000       8.530948478774271E-002
  0.667920000000000       8.531197877507403E-002
  0.668000000000000       8.531447275112904E-002
  0.668080000000000       8.531696671609247E-002
  0.668160000000000       8.531946067078146E-002
  0.668240000000000       8.532195461391702E-002
  0.668320000000000       8.532444854650102E-002
  0.668400000000000       8.532694246805030E-002
  0.668480000000000       8.532943637840852E-002
  0.668560000000000       8.533193027786702E-002
  0.668640000000000       8.533442416631921E-002
  0.668720000000000       8.533691804343825E-002
  0.668800000000000       8.533941190972151E-002
  0.668880000000000       8.534190576462188E-002
  0.668960000000000       8.534439960849462E-002
  0.669040000000000       8.534689344069314E-002
  0.669120000000000       8.534938726249643E-002
  0.669200000000000       8.535188107261128E-002
  0.669280000000000       8.535437487166299E-002
  0.669360000000000       8.535686865927496E-002
  0.669440000000000       8.535936243562482E-002
  0.669520000000000       8.536185620059890E-002
  0.669600000000000       8.536434995426824E-002
  0.669680000000000       8.536684369634152E-002
  0.669760000000000       8.536933742744403E-002
  0.669840000000000       8.537183114687942E-002
  0.669920000000000       8.537432485494613E-002
  0.670000000000000       8.537681855133152E-002
  0.670080000000000       8.537931223632690E-002
  0.670160000000000       8.538180590979018E-002
  0.670240000000000       8.538429957190609E-002
  0.670320000000000       8.538679322216304E-002
  0.670400000000000       8.538928686074578E-002
  0.670480000000000       8.539178048797404E-002
  0.670560000000000       8.539427410364887E-002
  0.670640000000000       8.539676770755002E-002
  0.670720000000000       8.539926129955668E-002
  0.670800000000000       8.540175487980385E-002
  0.670880000000000       8.540424844891682E-002
  0.670960000000000       8.540674200551714E-002
  0.671040000000000       8.540923555074166E-002
  0.671120000000000       8.541172908407170E-002
  0.671200000000000       8.541422260536514E-002
  0.671280000000000       8.541671611510517E-002
  0.671360000000000       8.541920961278017E-002
  0.671440000000000       8.542170309858201E-002
  0.671520000000000       8.542419657201329E-002
  0.671600000000000       8.542669003432458E-002
  0.671680000000000       8.542918348407348E-002
  0.671760000000000       8.543167692184263E-002
  0.671840000000000       8.543417034777413E-002
  0.671920000000000       8.543666376166904E-002
  0.672000000000000       8.543915716350604E-002
  0.672080000000000       8.544165055312171E-002
  0.672160000000000       8.544414393043077E-002
  0.672240000000000       8.544663729560377E-002
  0.672320000000000       8.544913064880412E-002
  0.672400000000000       8.545162398957708E-002
  0.672480000000000       8.545411731842002E-002
  0.672560000000000       8.545661063480715E-002
  0.672640000000000       8.545910393903690E-002
  0.672720000000000       8.546159723103110E-002
  0.672800000000000       8.546409051027816E-002
  0.672880000000000       8.546658377755258E-002
  0.672960000000000       8.546907703221486E-002
  0.673040000000000       8.547157027477660E-002
  0.673120000000000       8.547406350481147E-002
  0.673200000000000       8.547655672232658E-002
  0.673280000000000       8.547904992740009E-002
  0.673360000000000       8.548154312011726E-002
  0.673440000000000       8.548403629998781E-002
  0.673520000000000       8.548652946764414E-002
  0.673600000000000       8.548902262258885E-002
  0.673680000000000       8.549151576466564E-002
  0.673760000000000       8.549400889460636E-002
  0.673840000000000       8.549650201164362E-002
  0.673920000000000       8.549899511617533E-002
  0.674000000000000       8.550148820782490E-002
  0.674080000000000       8.550398128671312E-002
  0.674160000000000       8.550647435315974E-002
  0.674240000000000       8.550896740665316E-002
  0.674320000000000       8.551146044744208E-002
  0.674400000000000       8.551395347532754E-002
  0.674480000000000       8.551644649032376E-002
  0.674560000000000       8.551893949238810E-002
  0.674640000000000       8.552143248196821E-002
  0.674720000000000       8.552392545838196E-002
  0.674800000000000       8.552641842179988E-002
  0.674880000000000       8.552891137228592E-002
  0.674960000000000       8.553140430989693E-002
  0.675040000000000       8.553389723448369E-002
  0.675120000000000       8.553639014592541E-002
  0.675200000000000       8.553888304454184E-002
  0.675280000000000       8.554137592980716E-002
  0.675360000000000       8.554386880231114E-002
  0.675440000000000       8.554636166126507E-002
  0.675520000000000       8.554885450730133E-002
  0.675600000000000       8.555134734015703E-002
  0.675680000000000       8.555384015996716E-002
  0.675760000000000       8.555633296634092E-002
  0.675840000000000       8.555882575939912E-002
  0.675920000000000       8.556131853973860E-002
  0.676000000000000       8.556381130604486E-002
  0.676080000000000       8.556630405945477E-002
  0.676160000000000       8.556879679938569E-002
  0.676240000000000       8.557128952579497E-002
  0.676320000000000       8.557378223893843E-002
  0.676400000000000       8.557627493868815E-002
  0.676480000000000       8.557876762498730E-002
  0.676560000000000       8.558126029796377E-002
  0.676640000000000       8.558375295745414E-002
  0.676720000000000       8.558624560314577E-002
  0.676800000000000       8.558873823568526E-002
  0.676880000000000       8.559123085439048E-002
  0.676960000000000       8.559372345955275E-002
  0.677040000000000       8.559621605091629E-002
  0.677120000000000       8.559870862916320E-002
  0.677200000000000       8.560120119328453E-002
  0.677280000000000       8.560369374385580E-002
  0.677360000000000       8.560618628097651E-002
  0.677440000000000       8.560867880401425E-002
  0.677520000000000       8.561117131316799E-002
  0.677600000000000       8.561366380910564E-002
  0.677680000000000       8.561615629071163E-002
  0.677760000000000       8.561864875877469E-002
  0.677840000000000       8.562114121299637E-002
  0.677920000000000       8.562363365337668E-002
  0.678000000000000       8.562612607978061E-002
  0.678080000000000       8.562861849192395E-002
  0.678160000000000       8.563111089076593E-002
  0.678240000000000       8.563360327512705E-002
  0.678320000000000       8.563609564551179E-002
  0.678400000000000       8.563858800219017E-002
  0.678480000000000       8.564108034440900E-002
  0.678560000000000       8.564357267293567E-002
  0.678640000000000       8.564606498715201E-002
  0.678720000000000       8.564855728736355E-002
  0.678800000000000       8.565104957352766E-002
  0.678880000000000       8.565354184488407E-002
  0.678960000000000       8.565603410287516E-002
  0.679040000000000       8.565852634601591E-002
  0.679120000000000       8.566101857553556E-002
  0.679200000000000       8.566351079048197E-002
  0.679280000000000       8.566600299106121E-002
  0.679360000000000       8.566849517745802E-002
  0.679440000000000       8.567098734942370E-002
  0.679520000000000       8.567347950706485E-002
  0.679600000000000       8.567597165033881E-002
  0.679680000000000       8.567846377938772E-002
  0.679760000000000       8.568095589387049E-002
  0.679840000000000       8.568344799382267E-002
  0.679920000000000       8.568594007915188E-002
  0.680000000000000       8.568843215017076E-002
  0.680080000000000       8.569092420641745E-002
  0.680160000000000       8.569341624833250E-002
  0.680240000000000       8.569590827589459E-002
  0.680320000000000       8.569840028837185E-002
  0.680400000000000       8.570089228639667E-002
  0.680480000000000       8.570338427013958E-002
  0.680560000000000       8.570587623861294E-002
  0.680640000000000       8.570836819266937E-002
  0.680720000000000       8.571086013207442E-002
  0.680800000000000       8.571335205642307E-002
  0.680880000000000       8.571584396663191E-002
  0.680960000000000       8.571833586159962E-002
  0.681040000000000       8.572082774179514E-002
  0.681120000000000       8.572331960737480E-002
  0.681200000000000       8.572581145762805E-002
  0.681280000000000       8.572830329308780E-002
  0.681360000000000       8.573079511408800E-002
  0.681440000000000       8.573328691971206E-002
  0.681520000000000       8.573577871027972E-002
  0.681600000000000       8.573827048618889E-002
  0.681680000000000       8.574076224708428E-002
  0.681760000000000       8.574325399283801E-002
  0.681840000000000       8.574574572340034E-002
  0.681920000000000       8.574823743879258E-002
  0.682000000000000       8.575072913949790E-002
  0.682080000000000       8.575322082447891E-002
  0.682160000000000       8.575571249500748E-002
  0.682240000000000       8.575820414998227E-002
  0.682320000000000       8.576069578987934E-002
  0.682400000000000       8.576318741432211E-002
  0.682480000000000       8.576567902355926E-002
  0.682560000000000       8.576817061750554E-002
  0.682640000000000       8.577066219642383E-002
  0.682720000000000       8.577315375968177E-002
  0.682800000000000       8.577564530766303E-002
  0.682880000000000       8.577813684051684E-002
  0.682960000000000       8.578062835763924E-002
  0.683040000000000       8.578311985964839E-002
  0.683120000000000       8.578561134606823E-002
  0.683200000000000       8.578810281682060E-002
  0.683280000000000       8.579059427234605E-002
  0.683360000000000       8.579308571211876E-002
  0.683440000000000       8.579557713677112E-002
  0.683520000000000       8.579806854551443E-002
  0.683600000000000       8.580055993856896E-002
  0.683680000000000       8.580305131611944E-002
  0.683760000000000       8.580554267818720E-002
  0.683840000000000       8.580803402447380E-002
  0.683920000000000       8.581052535498636E-002
  0.684000000000000       8.581301666990961E-002
  0.684080000000000       8.581550796880301E-002
  0.684160000000000       8.581799925271817E-002
  0.684240000000000       8.582049052017006E-002
  0.684320000000000       8.582298177203264E-002
  0.684400000000000       8.582547300770905E-002
  0.684480000000000       8.582796422766116E-002
  0.684560000000000       8.583045543167579E-002
  0.684640000000000       8.583294662030717E-002
  0.684720000000000       8.583543779256765E-002
  0.684800000000000       8.583792894882671E-002
  0.684880000000000       8.584042008936855E-002
  0.684960000000000       8.584291121371003E-002
  0.685040000000000       8.584540232243378E-002
  0.685120000000000       8.584789341450950E-002
  0.685200000000000       8.585038449074724E-002
  0.685280000000000       8.585287555086986E-002
  0.685360000000000       8.585536659483474E-002
  0.685440000000000       8.585785762269872E-002
  0.685520000000000       8.586034863450444E-002
  0.685600000000000       8.586283963027320E-002
  0.685680000000000       8.586533060933711E-002
  0.685760000000000       8.586782157259144E-002
  0.685840000000000       8.587031251914092E-002
  0.685920000000000       8.587280344978844E-002
  0.686000000000000       8.587529436383058E-002
  0.686080000000000       8.587778526138103E-002
  0.686160000000000       8.588027614296558E-002
  0.686240000000000       8.588276700830712E-002
  0.686320000000000       8.588525785679459E-002
  0.686400000000000       8.588774868923800E-002
  0.686480000000000       8.589023950479181E-002
  0.686560000000000       8.589273030398893E-002
  0.686640000000000       8.589522108651672E-002
  0.686720000000000       8.589771185287966E-002
  0.686800000000000       8.590020260270827E-002
  0.686880000000000       8.590269333561175E-002
  0.686960000000000       8.590518405230775E-002
  0.687040000000000       8.590767475221363E-002
  0.687120000000000       8.591016543513753E-002
  0.687200000000000       8.591265610166922E-002
  0.687280000000000       8.591514675138236E-002
  0.687360000000000       8.591763738473880E-002
  0.687440000000000       8.592012800056616E-002
  0.687520000000000       8.592261860023577E-002
  0.687600000000000       8.592510918307973E-002
  0.687680000000000       8.592759974883514E-002
  0.687760000000000       8.593009029804201E-002
  0.687840000000000       8.593258083030954E-002
  0.687920000000000       8.593507134571589E-002
  0.688000000000000       8.593756184363578E-002
  0.688080000000000       8.594005232544767E-002
  0.688160000000000       8.594254278979442E-002
  0.688240000000000       8.594503323714499E-002
  0.688320000000000       8.594752366749227E-002
  0.688400000000000       8.595001408114179E-002
  0.688480000000000       8.595250447724091E-002
  0.688560000000000       8.595499485650727E-002
  0.688640000000000       8.595748521877035E-002
  0.688720000000000       8.595997556366065E-002
  0.688800000000000       8.596246589162583E-002
  0.688880000000000       8.596495620228219E-002
  0.688960000000000       8.596744649553024E-002
  0.689040000000000       8.596993677215160E-002
  0.689120000000000       8.597242703078913E-002
  0.689200000000000       8.597491727253705E-002
  0.689280000000000       8.597740749667061E-002
  0.689360000000000       8.597989770386484E-002
  0.689440000000000       8.598238789325997E-002
  0.689520000000000       8.598487806571577E-002
  0.689600000000000       8.598736822065668E-002
  0.689680000000000       8.598985835803298E-002
  0.689760000000000       8.599234847778071E-002
  0.689840000000000       8.599483858057490E-002
  0.689920000000000       8.599732866537814E-002
  0.690000000000000       8.599981873297914E-002
  0.690080000000000       8.600230878284500E-002
  0.690160000000000       8.600479881528834E-002
  0.690240000000000       8.600728883006760E-002
  0.690320000000000       8.600977882760909E-002
  0.690400000000000       8.601226880654857E-002
  0.690480000000000       8.601475876852739E-002
  0.690560000000000       8.601724871250106E-002
  0.690640000000000       8.601973863937197E-002
  0.690720000000000       8.602222854791798E-002
  0.690800000000000       8.602471843875016E-002
  0.690880000000000       8.602720831206036E-002
  0.690960000000000       8.602969816719487E-002
  0.691040000000000       8.603218800478608E-002
  0.691120000000000       8.603467782422293E-002
  0.691200000000000       8.603716762581805E-002
  0.691280000000000       8.603965740986276E-002
  0.691360000000000       8.604214717592364E-002
  0.691440000000000       8.604463692388699E-002
  0.691520000000000       8.604712665365334E-002
  0.691600000000000       8.604961636562770E-002
  0.691680000000000       8.605210605956849E-002
  0.691760000000000       8.605459573546860E-002
  0.691840000000000       8.605708539305092E-002
  0.691920000000000       8.605957503264229E-002
  0.692000000000000       8.606206465442746E-002
  0.692080000000000       8.606455425784511E-002
  0.692160000000000       8.606704384310128E-002
  0.692240000000000       8.606953341001124E-002
  0.692320000000000       8.607202295897999E-002
  0.692400000000000       8.607451248926858E-002
  0.692480000000000       8.607700200176517E-002
  0.692560000000000       8.607949149565265E-002
  0.692640000000000       8.608198097142129E-002
  0.692720000000000       8.608447042869451E-002
  0.692800000000000       8.608695986763572E-002
  0.692880000000000       8.608944928815966E-002
  0.692960000000000       8.609193869042266E-002
  0.693040000000000       8.609442807444602E-002
  0.693120000000000       8.609691743929894E-002
  0.693200000000000       8.609940678606144E-002
  0.693280000000000       8.610189611442799E-002
  0.693360000000000       8.610438542409306E-002
  0.693440000000000       8.610687471520585E-002
  0.693520000000000       8.610936398746084E-002
  0.693600000000000       8.611185324182437E-002
  0.693680000000000       8.611434247713824E-002
  0.693760000000000       8.611683169367958E-002
  0.693840000000000       8.611932089177522E-002
  0.693920000000000       8.612181007102017E-002
  0.694000000000000       8.612429923140731E-002
  0.694080000000000       8.612678837342692E-002
  0.694160000000000       8.612927749631162E-002
  0.694240000000000       8.613176660077905E-002
  0.694320000000000       8.613425568600498E-002
  0.694400000000000       8.613674475260048E-002
  0.694480000000000       8.613923380023160E-002
  0.694560000000000       8.614172282898359E-002
  0.694640000000000       8.614421183891331E-002
  0.694720000000000       8.614670082994259E-002
  0.694800000000000       8.614918980180143E-002
  0.694880000000000       8.615167875450404E-002
  0.694960000000000       8.615416768890306E-002
  0.695040000000000       8.615665660348505E-002
  0.695120000000000       8.615914549930871E-002
  0.695200000000000       8.616163437613956E-002
  0.695280000000000       8.616412323374313E-002
  0.695360000000000       8.616661207223310E-002
  0.695440000000000       8.616910089140341E-002
  0.695520000000000       8.617158969152407E-002
  0.695600000000000       8.617407847263771E-002
  0.695680000000000       8.617656723404089E-002
  0.695760000000000       8.617905597642285E-002
  0.695840000000000       8.618154469964147E-002
  0.695920000000000       8.618403340376070E-002
  0.696000000000000       8.618652208817658E-002
  0.696080000000000       8.618901075324438E-002
  0.696160000000000       8.619149939905647E-002
  0.696240000000000       8.619398802520074E-002
  0.696320000000000       8.619647663254405E-002
  0.696400000000000       8.619896521967953E-002
  0.696480000000000       8.620145378760903E-002
  0.696560000000000       8.620394233628283E-002
  0.696640000000000       8.620643086540249E-002
  0.696720000000000       8.620891937457011E-002
  0.696800000000000       8.621140786451754E-002
  0.696880000000000       8.621389633499611E-002
  0.696960000000000       8.621638478553685E-002
  0.697040000000000       8.621887321674372E-002
  0.697120000000000       8.622136162797724E-002
  0.697200000000000       8.622385001965661E-002
  0.697280000000000       8.622633839174633E-002
  0.697360000000000       8.622882674371347E-002
  0.697440000000000       8.623131507626149E-002
  0.697520000000000       8.623380338880061E-002
  0.697600000000000       8.623629168175719E-002
  0.697680000000000       8.623877995467645E-002
  0.697760000000000       8.624126820775026E-002
  0.697840000000000       8.624375644122019E-002
  0.697920000000000       8.624624465454624E-002
  0.698000000000000       8.624873284787761E-002
  0.698080000000000       8.625122102145590E-002
  0.698160000000000       8.625370917506082E-002
  0.698240000000000       8.625619730857161E-002
  0.698320000000000       8.625868542184613E-002
  0.698400000000000       8.626117351523967E-002
  0.698480000000000       8.626366158846090E-002
  0.698560000000000       8.626614964193614E-002
  0.698640000000000       8.626863767499039E-002
  0.698720000000000       8.627112568780128E-002
  0.698800000000000       8.627361368041143E-002
  0.698880000000000       8.627610165334666E-002
  0.698960000000000       8.627858960540614E-002
  0.699040000000000       8.628107753772675E-002
  0.699120000000000       8.628356544971162E-002
  0.699200000000000       8.628605334132523E-002
  0.699280000000000       8.628854121234021E-002
  0.699360000000000       8.629102906336052E-002
  0.699440000000000       8.629351689399535E-002
  0.699520000000000       8.629600470407418E-002
  0.699600000000000       8.629849249376044E-002
  0.699680000000000       8.630098026317491E-002
  0.699760000000000       8.630346801200496E-002
  0.699840000000000       8.630595574021506E-002
  0.699920000000000       8.630844344815337E-002
  0.700000000000000       8.631093113533674E-002
  0.700080000000000       8.631341880228384E-002
  0.700160000000000       8.631590644851862E-002
  0.700240000000000       8.631839407384213E-002
  0.700320000000000       8.632088167900755E-002
  0.700400000000000       8.632336926324037E-002
  0.700480000000000       8.632585682691719E-002
  0.700560000000000       8.632834436977511E-002
  0.700640000000000       8.633083189221914E-002
  0.700720000000000       8.633331939372348E-002
  0.700800000000000       8.633580687404653E-002
  0.700880000000000       8.633829433423280E-002
  0.700960000000000       8.634078177294648E-002
  0.701040000000000       8.634326919116099E-002
  0.701120000000000       8.634575658845002E-002
  0.701200000000000       8.634824396520437E-002
  0.701280000000000       8.635073132085559E-002
  0.701360000000000       8.635321865517633E-002
  0.701440000000000       8.635570596884869E-002
  0.701520000000000       8.635819326151740E-002
  0.701600000000000       8.636068053314695E-002
  0.701680000000000       8.636316778398602E-002
  0.701760000000000       8.636565501300432E-002
  0.701840000000000       8.636814222176505E-002
  0.701920000000000       8.637062940911712E-002
  0.702000000000000       8.637311657501791E-002
  0.702080000000000       8.637560372031296E-002
  0.702160000000000       8.637809084387250E-002
  0.702240000000000       8.638057794678368E-002
  0.702320000000000       8.638306502814409E-002
  0.702400000000000       8.638555208804612E-002
  0.702480000000000       8.638803912748451E-002
  0.702560000000000       8.639052614488187E-002
  0.702640000000000       8.639301314128268E-002
  0.702720000000000       8.639550011583431E-002
  0.702800000000000       8.639798706964520E-002
  0.702880000000000       8.640047400194796E-002
  0.702960000000000       8.640296091253653E-002
  0.703040000000000       8.640544780174488E-002
  0.703120000000000       8.640793466956588E-002
  0.703200000000000       8.641042151582902E-002
  0.703280000000000       8.641290834059824E-002
  0.703360000000000       8.641539514394460E-002
  0.703440000000000       8.641788192578993E-002
  0.703520000000000       8.642036868577187E-002
  0.703600000000000       8.642285542425988E-002
  0.703680000000000       8.642534214118293E-002
  0.703760000000000       8.642782883640600E-002
  0.703840000000000       8.643031550982962E-002
  0.703920000000000       8.643280216180195E-002
  0.704000000000000       8.643528879179009E-002
  0.704080000000000       8.643777540022747E-002
  0.704160000000000       8.644026198668066E-002
  0.704240000000000       8.644274855127755E-002
  0.704320000000000       8.644523509423131E-002
  0.704400000000000       8.644772161530746E-002
  0.704480000000000       8.645020811425731E-002
  0.704560000000000       8.645269459169193E-002
  0.704640000000000       8.645518104704288E-002
  0.704720000000000       8.645766748049490E-002
  0.704800000000000       8.646015389184193E-002
  0.704880000000000       8.646264028159557E-002
  0.704960000000000       8.646512664900975E-002
  0.705040000000000       8.646761299411999E-002
  0.705120000000000       8.647009931751605E-002
  0.705200000000000       8.647258561885686E-002
  0.705280000000000       8.647507189781557E-002
  0.705360000000000       8.647755815477588E-002
  0.705440000000000       8.648004438964542E-002
  0.705520000000000       8.648253060240997E-002
  0.705600000000000       8.648501679261479E-002
  0.705680000000000       8.648750296070752E-002
  0.705760000000000       8.648998910636842E-002
  0.705840000000000       8.649247523028671E-002
  0.705920000000000       8.649496133158842E-002
  0.706000000000000       8.649744741042277E-002
  0.706080000000000       8.649993346715214E-002
  0.706160000000000       8.650241950117256E-002
  0.706240000000000       8.650490551305957E-002
  0.706320000000000       8.650739150240107E-002
  0.706400000000000       8.650987746937468E-002
  0.706480000000000       8.651236341406567E-002
  0.706560000000000       8.651484933592692E-002
  0.706640000000000       8.651733523505080E-002
  0.706720000000000       8.651982111236813E-002
  0.706800000000000       8.652230696669229E-002
  0.706880000000000       8.652479279820093E-002
  0.706960000000000       8.652727860741273E-002
  0.707040000000000       8.652976439371664E-002
  0.707120000000000       8.653225015751055E-002
  0.707200000000000       8.653473589883000E-002
  0.707280000000000       8.653722161699996E-002
  0.707360000000000       8.653970731275941E-002
  0.707440000000000       8.654219298551148E-002
  0.707520000000000       8.654467863593120E-002
  0.707600000000000       8.654716426303090E-002
  0.707680000000000       8.654964986779824E-002
  0.707760000000000       8.655213544918873E-002
  0.707840000000000       8.655462100769974E-002
  0.707920000000000       8.655710654375050E-002
  0.708000000000000       8.655959205643861E-002
  0.708080000000000       8.656207754633961E-002
  0.708160000000000       8.656456301343220E-002
  0.708240000000000       8.656704845726872E-002
  0.708320000000000       8.656953387812628E-002
  0.708400000000000       8.657201927600490E-002
  0.708480000000000       8.657450465089746E-002
  0.708560000000000       8.657699000259080E-002
  0.708640000000000       8.657947533103517E-002
  0.708720000000000       8.658196063655034E-002
  0.708800000000000       8.658444591874549E-002
  0.708880000000000       8.658693117769879E-002
  0.708960000000000       8.658941641379393E-002
  0.709040000000000       8.659190162612142E-002
  0.709120000000000       8.659438681534205E-002
  0.709200000000000       8.659687198145584E-002
  0.709280000000000       8.659935712409329E-002
  0.709360000000000       8.660184224365942E-002
  0.709440000000000       8.660432733967106E-002
  0.709520000000000       8.660681241210690E-002
  0.709600000000000       8.660929746182668E-002
  0.709680000000000       8.661178248726011E-002
  0.709760000000000       8.661426748971458E-002
  0.709840000000000       8.661675246839430E-002
  0.709920000000000       8.661923742391033E-002
  0.710000000000000       8.662172235568001E-002
  0.710080000000000       8.662420726378862E-002
  0.710160000000000       8.662669214863407E-002
  0.710240000000000       8.662917700964080E-002
  0.710320000000000       8.663166184726358E-002
  0.710400000000000       8.663414666078474E-002
  0.710480000000000       8.663663145103563E-002
  0.710560000000000       8.663911621742650E-002
  0.710640000000000       8.664160096046182E-002
  0.710720000000000       8.664408567901184E-002
  0.710800000000000       8.664657037440528E-002
  0.710880000000000       8.664905504576105E-002
  0.710960000000000       8.665153969324259E-002
  0.711040000000000       8.665402431699200E-002
  0.711120000000000       8.665650891695244E-002
  0.711200000000000       8.665899349301733E-002
  0.711280000000000       8.666147804503745E-002
  0.711360000000000       8.666396257314780E-002
  0.711440000000000       8.666644707724892E-002
  0.711520000000000       8.666893155757528E-002
  0.711600000000000       8.667141601394214E-002
  0.711680000000000       8.667390044618607E-002
  0.711760000000000       8.667638485410102E-002
  0.711840000000000       8.667886923814173E-002
  0.711920000000000       8.668135359806663E-002
  0.712000000000000       8.668383793391833E-002
  0.712080000000000       8.668632224558316E-002
  0.712160000000000       8.668880653291901E-002
  0.712240000000000       8.669129079625272E-002
  0.712320000000000       8.669377503515087E-002
  0.712400000000000       8.669625925026005E-002
  0.712480000000000       8.669874344058549E-002
  0.712560000000000       8.670122760686617E-002
  0.712640000000000       8.670371174866866E-002
  0.712720000000000       8.670619586630558E-002
  0.712800000000000       8.670867995940747E-002
  0.712880000000000       8.671116402843616E-002
  0.712960000000000       8.671364807251060E-002
  0.713040000000000       8.671613209257580E-002
  0.713120000000000       8.671861608821253E-002
  0.713200000000000       8.672110005915080E-002
  0.713280000000000       8.672358400561798E-002
  0.713360000000000       8.672606792772065E-002
  0.713440000000000       8.672855182517460E-002
  0.713520000000000       8.673103569771691E-002
  0.713600000000000       8.673351954602261E-002
  0.713680000000000       8.673600336949484E-002
  0.713760000000000       8.673848716883704E-002
  0.713840000000000       8.674097094299761E-002
  0.713920000000000       8.674345469233892E-002
  0.714000000000000       8.674593841708124E-002
  0.714080000000000       8.674842211721746E-002
  0.714160000000000       8.675090579279023E-002
  0.714240000000000       8.675338944297530E-002
  0.714320000000000       8.675587306890954E-002
  0.714400000000000       8.675835666960531E-002
  0.714480000000000       8.676084024568788E-002
  0.714560000000000       8.676332379702935E-002
  0.714640000000000       8.676580732309681E-002
  0.714720000000000       8.676829082396843E-002
  0.714800000000000       8.677077430051817E-002
  0.714880000000000       8.677325775182233E-002
  0.714960000000000       8.677574117804433E-002
  0.715040000000000       8.677822457923391E-002
  0.715120000000000       8.678070795546212E-002
  0.715200000000000       8.678319130647318E-002
  0.715280000000000       8.678567463239496E-002
  0.715360000000000       8.678815793337670E-002
  0.715440000000000       8.679064120925496E-002
  0.715520000000000       8.679312445960342E-002
  0.715600000000000       8.679560768484131E-002
  0.715680000000000       8.679809088489755E-002
  0.715760000000000       8.680057405983611E-002
  0.715840000000000       8.680305720920935E-002
  0.715920000000000       8.680554033379174E-002
  0.716000000000000       8.680802343258144E-002
  0.716080000000000       8.681050650609003E-002
  0.716160000000000       8.681298955428908E-002
  0.716240000000000       8.681547257729229E-002
  0.716320000000000       8.681795557442464E-002
  0.716400000000000       8.682043854657430E-002
  0.716480000000000       8.682292149313732E-002
  0.716560000000000       8.682540441412791E-002
  0.716640000000000       8.682788730970949E-002
  0.716720000000000       8.683037017959074E-002
  0.716800000000000       8.683285302417666E-002
  0.716880000000000       8.683533584284910E-002
  0.716960000000000       8.683781863609831E-002
  0.717040000000000       8.684030140358324E-002
  0.717120000000000       8.684278414545311E-002
  0.717200000000000       8.684526686187134E-002
  0.717280000000000       8.684774955228371E-002
  0.717360000000000       8.685023221723732E-002
  0.717440000000000       8.685271485624192E-002
  0.717520000000000       8.685519746962435E-002
  0.717600000000000       8.685768005692986E-002
  0.717680000000000       8.686016261846398E-002
  0.717760000000000       8.686264515448251E-002
  0.717840000000000       8.686512766453781E-002
  0.717920000000000       8.686761014826040E-002
  0.718000000000000       8.687009260651714E-002
  0.718080000000000       8.687257503875380E-002
  0.718160000000000       8.687505744498460E-002
  0.718240000000000       8.687753982562164E-002
  0.718320000000000       8.688002217939307E-002
  0.718400000000000       8.688250450786207E-002
  0.718480000000000       8.688498680985625E-002
  0.718560000000000       8.688746908576640E-002
  0.718640000000000       8.688995133567780E-002
  0.718720000000000       8.689243355968281E-002
  0.718800000000000       8.689491575715615E-002
  0.718880000000000       8.689739792865205E-002
  0.718960000000000       8.689988007369444E-002
  0.719040000000000       8.690236219264570E-002
  0.719120000000000       8.690484428566926E-002
  0.719200000000000       8.690732635220379E-002
  0.719280000000000       8.690980839229191E-002
  0.719360000000000       8.691229040604732E-002
  0.719440000000000       8.691477239332081E-002
  0.719520000000000       8.691725435476606E-002
  0.719600000000000       8.691973628958728E-002
  0.719680000000000       8.692221819786973E-002
  0.719760000000000       8.692470007981236E-002
  0.719840000000000       8.692718193509542E-002
  0.719920000000000       8.692966376403867E-002
  0.720000000000000       8.693214556625130E-002
  0.720080000000000       8.693462734247938E-002
  0.720160000000000       8.693710909177078E-002
  0.720240000000000       8.693959081423920E-002
  0.720320000000000       8.694207251051701E-002
  0.720400000000000       8.694455417995052E-002
  0.720480000000000       8.694703582293763E-002
  0.720560000000000       8.694951743910175E-002
  0.720640000000000       8.695199902820840E-002
  0.720720000000000       8.695448059120260E-002
  0.720800000000000       8.695696212723882E-002
  0.720880000000000       8.695944363603282E-002
  0.720960000000000       8.696192511840885E-002
  0.721040000000000       8.696440657411821E-002
  0.721120000000000       8.696688800289799E-002
  0.721200000000000       8.696936940462742E-002
  0.721280000000000       8.697185077965465E-002
  0.721360000000000       8.697433212771678E-002
  0.721440000000000       8.697681344858645E-002
  0.721520000000000       8.697929474283207E-002
  0.721600000000000       8.698177600999181E-002
  0.721680000000000       8.698425725006566E-002
  0.721760000000000       8.698673846312467E-002
  0.721840000000000       8.698921964896990E-002
  0.721920000000000       8.699170080803477E-002
  0.722000000000000       8.699418193976506E-002
  0.722080000000000       8.699666304441657E-002
  0.722160000000000       8.699914412219535E-002
  0.722240000000000       8.700162517212086E-002
  0.722320000000000       8.700410619538680E-002
  0.722400000000000       8.700658719120448E-002
  0.722480000000000       8.700906815986521E-002
  0.722560000000000       8.701154910118426E-002
  0.722640000000000       8.701403001519005E-002
  0.722720000000000       8.701651090206731E-002
  0.722800000000000       8.701899176125473E-002
  0.722880000000000       8.702147259341310E-002
  0.722960000000000       8.702395339788872E-002
  0.723040000000000       8.702643417542767E-002
  0.723120000000000       8.702891492505650E-002
  0.723200000000000       8.703139564747865E-002
  0.723280000000000       8.703387634215411E-002
  0.723360000000000       8.703635700946656E-002
  0.723440000000000       8.703883764890442E-002
  0.723520000000000       8.704131826129903E-002
  0.723600000000000       8.704379884596826E-002
  0.723680000000000       8.704627940281974E-002
  0.723760000000000       8.704875993202400E-002
  0.723840000000000       8.705124043395764E-002
  0.723920000000000       8.705372090786036E-002
  0.724000000000000       8.705620135415849E-002
  0.724080000000000       8.705868177300126E-002
  0.724160000000000       8.706116216340810E-002
  0.724240000000000       8.706364252660827E-002
  0.724320000000000       8.706612286188410E-002
  0.724400000000000       8.706860316930666E-002
  0.724480000000000       8.707108344889015E-002
  0.724560000000000       8.707356370071274E-002
  0.724640000000000       8.707604392429837E-002
  0.724720000000000       8.707852412003071E-002
  0.724800000000000       8.708100428825795E-002
  0.724880000000000       8.708348442829085E-002
  0.724960000000000       8.708596454000862E-002
  0.725040000000000       8.708844462388023E-002
  0.725120000000000       8.709092468012593E-002
  0.725200000000000       8.709340470810624E-002
  0.725280000000000       8.709588470766484E-002
  0.725360000000000       8.709836467936306E-002
  0.725440000000000       8.710084462283142E-002
  0.725520000000000       8.710332453843229E-002
  0.725600000000000       8.710580442556172E-002
  0.725680000000000       8.710828428446839E-002
  0.725760000000000       8.711076411534414E-002
  0.725840000000000       8.711324391761345E-002
  0.725920000000000       8.711572369207922E-002
  0.726000000000000       8.711820343791722E-002
  0.726080000000000       8.712068315555378E-002
  0.726160000000000       8.712316284506706E-002
  0.726240000000000       8.712564250576073E-002
  0.726320000000000       8.712812213828137E-002
  0.726400000000000       8.713060174230926E-002
  0.726480000000000       8.713308131799359E-002
  0.726560000000000       8.713556086490805E-002
  0.726640000000000       8.713804038374896E-002
  0.726720000000000       8.714051987408290E-002
  0.726800000000000       8.714299933571092E-002
  0.726880000000000       8.714547876868274E-002
  0.726960000000000       8.714795817314759E-002
  0.727040000000000       8.715043754926889E-002
  0.727120000000000       8.715291689659189E-002
  0.727200000000000       8.715539621510239E-002
  0.727280000000000       8.715787550477196E-002
  0.727360000000000       8.716035476628982E-002
  0.727440000000000       8.716283399858306E-002
  0.727520000000000       8.716531320261801E-002
  0.727600000000000       8.716779237706597E-002
  0.727680000000000       8.717027152334091E-002
  0.727760000000000       8.717275064071096E-002
  0.727840000000000       8.717522972906246E-002
  0.727920000000000       8.717770878876487E-002
  0.728000000000000       8.718018781965477E-002
  0.728080000000000       8.718266682129162E-002
  0.728160000000000       8.718514579409466E-002
  0.728240000000000       8.718762473797149E-002
  0.728320000000000       8.719010365322767E-002
  0.728400000000000       8.719258253892527E-002
  0.728480000000000       8.719506139574641E-002
  0.728560000000000       8.719754022354188E-002
  0.728640000000000       8.720001902235432E-002
  0.728720000000000       8.720249779166502E-002
  0.728800000000000       8.720497653240479E-002
  0.728880000000000       8.720745524335861E-002
  0.728960000000000       8.720993392592626E-002
  0.729040000000000       8.721241257845926E-002
  0.729120000000000       8.721489120232896E-002
  0.729200000000000       8.721736979691720E-002
  0.729280000000000       8.721984836211739E-002
  0.729360000000000       8.722232689805033E-002
  0.729440000000000       8.722480540432521E-002
  0.729520000000000       8.722728388178759E-002
  0.729600000000000       8.722976232967007E-002
  0.729680000000000       8.723224074815740E-002
  0.729760000000000       8.723471913736326E-002
  0.729840000000000       8.723719749664817E-002
  0.729920000000000       8.723967582685056E-002
  0.730000000000000       8.724215412770754E-002
  0.730080000000000       8.724463239868620E-002
  0.730160000000000       8.724711064045444E-002
  0.730240000000000       8.724958885232305E-002
  0.730320000000000       8.725206703493150E-002
  0.730400000000000       8.725454518788191E-002
  0.730480000000000       8.725702331100373E-002
  0.730560000000000       8.725950140471618E-002
  0.730640000000000       8.726197946852900E-002
  0.730720000000000       8.726445750275481E-002
  0.730800000000000       8.726693550746469E-002
  0.730880000000000       8.726941348193386E-002
  0.730960000000000       8.727189142682314E-002
  0.731040000000000       8.727436934206147E-002
  0.731120000000000       8.727684722742148E-002
  0.731200000000000       8.727932508292448E-002
  0.731280000000000       8.728180290854205E-002
  0.731360000000000       8.728428070417472E-002
  0.731440000000000       8.728675846999302E-002
  0.731520000000000       8.728923620614616E-002
  0.731600000000000       8.729171391215808E-002
  0.731680000000000       8.729419158768061E-002
  0.731760000000000       8.729666923369429E-002
  0.731840000000000       8.729914684970887E-002
  0.731920000000000       8.730162443579538E-002
  0.732000000000000       8.730410199117934E-002
  0.732080000000000       8.730657951680577E-002
  0.732160000000000       8.730905701269599E-002
  0.732240000000000       8.731153447786234E-002
  0.732320000000000       8.731401191321432E-002
  0.732400000000000       8.731648931816217E-002
  0.732480000000000       8.731896669289065E-002
  0.732560000000000       8.732144403737131E-002
  0.732640000000000       8.732392135164681E-002
  0.732720000000000       8.732639863573845E-002
  0.732800000000000       8.732887588929096E-002
  0.732880000000000       8.733135311285146E-002
  0.732960000000000       8.733383030543941E-002
  0.733040000000000       8.733630746835509E-002
  0.733120000000000       8.733878460056112E-002
  0.733200000000000       8.734126170225644E-002
  0.733280000000000       8.734373877339842E-002
  0.733360000000000       8.734621581405101E-002
  0.733440000000000       8.734869282439185E-002
  0.733520000000000       8.735116980442094E-002
  0.733600000000000       8.735364675348457E-002
  0.733680000000000       8.735612367187408E-002
  0.733760000000000       8.735860055998025E-002
  0.733840000000000       8.736107741733413E-002
  0.733920000000000       8.736355424415600E-002
  0.734000000000000       8.736603104021136E-002
  0.734080000000000       8.736850780545759E-002
  0.734160000000000       8.737098454029969E-002
  0.734240000000000       8.737346124421898E-002
  0.734320000000000       8.737593791725808E-002
  0.734400000000000       8.737841455985752E-002
  0.734480000000000       8.738089117106519E-002
  0.734560000000000       8.738336775160584E-002
  0.734640000000000       8.738584430182052E-002
  0.734720000000000       8.738832082043736E-002
  0.734800000000000       8.739079730840139E-002
  0.734880000000000       8.739327376572682E-002
  0.734960000000000       8.739575019173863E-002
  0.735040000000000       8.739822658696263E-002
  0.735120000000000       8.740070295119275E-002
  0.735200000000000       8.740317928425136E-002
  0.735280000000000       8.740565558629478E-002
  0.735360000000000       8.740813185750064E-002
  0.735440000000000       8.741060809727209E-002
  0.735520000000000       8.741308430610652E-002
  0.735600000000000       8.741556048367706E-002
  0.735680000000000       8.741803663008320E-002
  0.735760000000000       8.742051274562336E-002
  0.735840000000000       8.742298882942358E-002
  0.735920000000000       8.742546488223703E-002
  0.736000000000000       8.742794090375818E-002
  0.736080000000000       8.743041689428545E-002
  0.736160000000000       8.743289285300883E-002
  0.736240000000000       8.743536878074544E-002
  0.736320000000000       8.743784467691264E-002
  0.736400000000000       8.744032054185148E-002
  0.736480000000000       8.744279637519249E-002
  0.736560000000000       8.744527217741173E-002
  0.736640000000000       8.744774794798339E-002
  0.736720000000000       8.745022368702828E-002
  0.736800000000000       8.745269939478796E-002
  0.736880000000000       8.745517507073665E-002
  0.736960000000000       8.745765071543567E-002
  0.737040000000000       8.746012632821000E-002
  0.737120000000000       8.746260190970624E-002
  0.737200000000000       8.746507745938438E-002
  0.737280000000000       8.746755297748600E-002
  0.737360000000000       8.747002846376951E-002
  0.737440000000000       8.747250391882468E-002
  0.737520000000000       8.747497934181304E-002
  0.737600000000000       8.747745473313963E-002
  0.737680000000000       8.747993009251311E-002
  0.737760000000000       8.748240542031717E-002
  0.737840000000000       8.748488071653050E-002
  0.737920000000000       8.748735598048520E-002
  0.738000000000000       8.748983121277100E-002
  0.738080000000000       8.749230641290474E-002
  0.738160000000000       8.749478158156855E-002
  0.738240000000000       8.749725671811583E-002
  0.738320000000000       8.749973182285210E-002
  0.738400000000000       8.750220689534395E-002
  0.738480000000000       8.750468193599638E-002
  0.738560000000000       8.750715694457491E-002
  0.738640000000000       8.750963192107954E-002
  0.738720000000000       8.751210686562395E-002
  0.738800000000000       8.751458177790973E-002
  0.738880000000000       8.751705665824951E-002
  0.738960000000000       8.751953150638749E-002
  0.739040000000000       8.752200632236630E-002
  0.739120000000000       8.752448110631385E-002
  0.739200000000000       8.752695585778249E-002
  0.739280000000000       8.752943057702801E-002
  0.739360000000000       8.753190526417833E-002
  0.739440000000000       8.753437991911973E-002
  0.739520000000000       8.753685454171724E-002
  0.739600000000000       8.753932913156583E-002
  0.739680000000000       8.754180368950394E-002
  0.739760000000000       8.754427821511236E-002
  0.739840000000000       8.754675270795766E-002
  0.739920000000000       8.754922716875037E-002
