  0.660000000000000       0.286642696947045     
  0.660080000000000       0.286659862784330     
  0.660160000000000       0.286677028605024     
  0.660240000000000       0.286694194410477     
  0.660320000000000       0.286711360198478     
  0.660400000000000       0.286728525969392     
  0.660480000000000       0.286745691724019     
  0.660560000000000       0.286762857461181     
  0.660640000000000       0.286780023180957     
  0.660720000000000       0.286797188884034     
  0.660800000000000       0.286814354568034     
  0.660880000000000       0.286831520235535     
  0.660960000000000       0.286848685884164     
  0.661040000000000       0.286865851515050     
  0.661120000000000       0.286883017127569     
  0.661200000000000       0.286900182721905     
  0.661280000000000       0.286917348297284     
  0.661360000000000       0.286934513853571     
  0.661440000000000       0.286951679391255     
  0.661520000000000       0.286968844909471     
  0.661600000000000       0.286986010408822     
  0.661680000000000       0.287003175888590     
  0.661760000000000       0.287020341349280     
  0.661840000000000       0.287037506789216     
  0.661920000000000       0.287054672209234     
  0.662000000000000       0.287071837609649     
  0.662080000000000       0.287089002989913     
  0.662160000000000       0.287106168349216     
  0.662240000000000       0.287123333688261     
  0.662320000000000       0.287140499006587     
  0.662400000000000       0.287157664303277     
  0.662480000000000       0.287174829580150     
  0.662560000000000       0.287191994833852     
  0.662640000000000       0.287209160067793     
  0.662720000000000       0.287226325279545     
  0.662800000000000       0.287243490469234     
  0.662880000000000       0.287260655637522     
  0.662960000000000       0.287277820782965     
  0.663040000000000       0.287294985906446     
  0.663120000000000       0.287312151007822     
  0.663200000000000       0.287329316086112     
  0.663280000000000       0.287346481141758     
  0.663360000000000       0.287363646174502     
  0.663440000000000       0.287380811184296     
  0.663520000000000       0.287397976171353     
  0.663600000000000       0.287415141133953     
  0.663680000000000       0.287432306073190     
  0.663760000000000       0.287449470988794     
  0.663840000000000       0.287466635880311     
  0.663920000000000       0.287483800747748     
  0.664000000000000       0.287500965591623     
  0.664080000000000       0.287518130410267     
  0.664160000000000       0.287535295204454     
  0.664240000000000       0.287552459974063     
  0.664320000000000       0.287569624718690     
  0.664400000000000       0.287586789438355     
  0.664480000000000       0.287603954132021     
  0.664560000000000       0.287621118801366     
  0.664640000000000       0.287638283444015     
  0.664720000000000       0.287655448061995     
  0.664800000000000       0.287672612653719     
  0.664880000000000       0.287689777218600     
  0.664960000000000       0.287706941757766     
  0.665040000000000       0.287724106271253     
  0.665120000000000       0.287741270756510     
  0.665200000000000       0.287758435216415     
  0.665280000000000       0.287775599649177     
  0.665360000000000       0.287792764054477     
  0.665440000000000       0.287809928432485     
  0.665520000000000       0.287827092783172     
  0.665600000000000       0.287844257106454     
  0.665680000000000       0.287861421401648     
  0.665760000000000       0.287878585669024     
  0.665840000000000       0.287895749908697     
  0.665920000000000       0.287912914120331     
  0.666000000000000       0.287930078302264     
  0.666080000000000       0.287947242456714     
  0.666160000000000       0.287964406582941     
  0.666240000000000       0.287981570679339     
  0.666320000000000       0.287998734746797     
  0.666400000000000       0.288015898784967     
  0.666480000000000       0.288033062794310     
  0.666560000000000       0.288050226772879     
  0.666640000000000       0.288067390722515     
  0.666720000000000       0.288084554642400     
  0.666800000000000       0.288101718532023     
  0.666880000000000       0.288118882391051     
  0.666960000000000       0.288136046220072     
  0.667040000000000       0.288153210018362     
  0.667120000000000       0.288170373786561     
  0.667200000000000       0.288187537523332     
  0.667280000000000       0.288204701228520     
  0.667360000000000       0.288221864903218     
  0.667440000000000       0.288239028546283     
  0.667520000000000       0.288256192158497     
  0.667600000000000       0.288273355737712     
  0.667680000000000       0.288290519285707     
  0.667760000000000       0.288307682801414     
  0.667840000000000       0.288324846285588     
  0.667920000000000       0.288342009736849     
  0.668000000000000       0.288359173155944     
  0.668080000000000       0.288376336541586     
  0.668160000000000       0.288393499894856     
  0.668240000000000       0.288410663214951     
  0.668320000000000       0.288427826501992     
  0.668400000000000       0.288444989755473     
  0.668480000000000       0.288462152975154     
  0.668560000000000       0.288479316161852     
  0.668640000000000       0.288496479314095     
  0.668720000000000       0.288513642432403     
  0.668800000000000       0.288530805516591     
  0.668880000000000       0.288547968566076     
  0.668960000000000       0.288565131581603     
  0.669040000000000       0.288582294562279     
  0.669120000000000       0.288599457507847     
  0.669200000000000       0.288616620418584     
  0.669280000000000       0.288633783293844     
  0.669360000000000       0.288650946133825     
  0.669440000000000       0.288668108938656     
  0.669520000000000       0.288685271707767     
  0.669600000000000       0.288702434440116     
  0.669680000000000       0.288719597137235     
  0.669760000000000       0.288736759797861     
  0.669840000000000       0.288753922422427     
  0.669920000000000       0.288771085010031     
  0.670000000000000       0.288788247561411     
  0.670080000000000       0.288805410075977     
  0.670160000000000       0.288822572553042     
  0.670240000000000       0.288839734993293     
  0.670320000000000       0.288856897396461     
  0.670400000000000       0.288874059761110     
  0.670480000000000       0.288891222088918     
  0.670560000000000       0.288908384378804     
  0.670640000000000       0.288925546630165     
  0.670720000000000       0.288942708843838     
  0.670800000000000       0.288959871019448     
  0.670880000000000       0.288977033155508     
  0.670960000000000       0.288994195254159     
  0.671040000000000       0.289011357312977     
  0.671120000000000       0.289028519333304     
  0.671200000000000       0.289045681314119     
  0.671280000000000       0.289062843255718     
  0.671360000000000       0.289080005158003     
  0.671440000000000       0.289097167020647     
  0.671520000000000       0.289114328842982     
  0.671600000000000       0.289131490625540     
  0.671680000000000       0.289148652368174     
  0.671760000000000       0.289165814070341     
  0.671840000000000       0.289182975731610     
  0.671920000000000       0.289200137352918     
  0.672000000000000       0.289217298933043     
  0.672080000000000       0.289234460472227     
  0.672160000000000       0.289251621970036     
  0.672240000000000       0.289268783426846     
  0.672320000000000       0.289285944842011     
  0.672400000000000       0.289303106215382     
  0.672480000000000       0.289320267546945     
  0.672560000000000       0.289337428836792     
  0.672640000000000       0.289354590084071     
  0.672720000000000       0.289371751289932     
  0.672800000000000       0.289388912452080     
  0.672880000000000       0.289406073572228     
  0.672960000000000       0.289423234649772     
  0.673040000000000       0.289440395683823     
  0.673120000000000       0.289457556675207     
  0.673200000000000       0.289474717622601     
  0.673280000000000       0.289491878527227     
  0.673360000000000       0.289509039387743     
  0.673440000000000       0.289526200205022     
  0.673520000000000       0.289543360977658     
  0.673600000000000       0.289560521706254     
  0.673680000000000       0.289577682390583     
  0.673760000000000       0.289594843030582     
  0.673840000000000       0.289612003626122     
  0.673920000000000       0.289629164176287     
  0.674000000000000       0.289646324682292     
  0.674080000000000       0.289663485142779     
  0.674160000000000       0.289680645558183     
  0.674240000000000       0.289697805927436     
  0.674320000000000       0.289714966251663     
  0.674400000000000       0.289732126529974     
  0.674480000000000       0.289749286762242     
  0.674560000000000       0.289766446948637     
  0.674640000000000       0.289783607088080     
  0.674720000000000       0.289800767181920     
  0.674800000000000       0.289817927228694     
  0.674880000000000       0.289835087228337     
  0.674960000000000       0.289852247181256     
  0.675040000000000       0.289869407087022     
  0.675120000000000       0.289886566945801     
  0.675200000000000       0.289903726757221     
  0.675280000000000       0.289920886520716     
  0.675360000000000       0.289938046236291     
  0.675440000000000       0.289955205904218     
  0.675520000000000       0.289972365523984     
  0.675600000000000       0.289989525095817     
  0.675680000000000       0.290006684618196     
  0.675760000000000       0.290023844092897     
  0.675840000000000       0.290041003518707     
  0.675920000000000       0.290058162895034     
  0.676000000000000       0.290075322222404     
  0.676080000000000       0.290092481500840     
  0.676160000000000       0.290109640729516     
  0.676240000000000       0.290126799909164     
  0.676320000000000       0.290143959038890     
  0.676400000000000       0.290161118117770     
  0.676480000000000       0.290178277147381     
  0.676560000000000       0.290195436126777     
  0.676640000000000       0.290212595055299     
  0.676720000000000       0.290229753933457     
  0.676800000000000       0.290246912760286     
  0.676880000000000       0.290264071537270     
  0.676960000000000       0.290281230262875     
  0.677040000000000       0.290298388936965     
  0.677120000000000       0.290315547559534     
  0.677200000000000       0.290332706129814     
  0.677280000000000       0.290349864649696     
  0.677360000000000       0.290367023116961     
  0.677440000000000       0.290384181532343     
  0.677520000000000       0.290401339895607     
  0.677600000000000       0.290418498206603     
  0.677680000000000       0.290435656464379     
  0.677760000000000       0.290452814669561     
  0.677840000000000       0.290469972821730     
  0.677920000000000       0.290487130920849     
  0.678000000000000       0.290504288967324     
  0.678080000000000       0.290521446959748     
  0.678160000000000       0.290538604899464     
  0.678240000000000       0.290555762784646     
  0.678320000000000       0.290572920615678     
  0.678400000000000       0.290590078392665     
  0.678480000000000       0.290607236116178     
  0.678560000000000       0.290624393784999     
  0.678640000000000       0.290641551399180     
  0.678720000000000       0.290658708958763     
  0.678800000000000       0.290675866463329     
  0.678880000000000       0.290693023912934     
  0.678960000000000       0.290710181306413     
  0.679040000000000       0.290727338645458     
  0.679120000000000       0.290744495928327     
  0.679200000000000       0.290761653156093     
  0.679280000000000       0.290778810327834     
  0.679360000000000       0.290795967443263     
  0.679440000000000       0.290813124502560     
  0.679520000000000       0.290830281506051     
  0.679600000000000       0.290847438451689     
  0.679680000000000       0.290864595342062     
  0.679760000000000       0.290881752174383     
  0.679840000000000       0.290898908950670     
  0.679920000000000       0.290916065668814     
  0.680000000000000       0.290933222330236     
  0.680080000000000       0.290950378933691     
  0.680160000000000       0.290967535479656     
  0.680240000000000       0.290984691967435     
  0.680320000000000       0.291001848397681     
  0.680400000000000       0.291019004769265     
  0.680480000000000       0.291036161082400     
  0.680560000000000       0.291053317337121     
  0.680640000000000       0.291070473533478     
  0.680720000000000       0.291087629670895     
  0.680800000000000       0.291104785748790     
  0.680880000000000       0.291121941768016     
  0.680960000000000       0.291139097727321     
  0.681040000000000       0.291156253627737     
  0.681120000000000       0.291173409468006     
  0.681200000000000       0.291190565248603     
  0.681280000000000       0.291207720969322     
  0.681360000000000       0.291224876629433     
  0.681440000000000       0.291242032229658     
  0.681520000000000       0.291259187768912     
  0.681600000000000       0.291276343247486     
  0.681680000000000       0.291293498665394     
  0.681760000000000       0.291310654022514     
  0.681840000000000       0.291327809318003     
  0.681920000000000       0.291344964552526     
  0.682000000000000       0.291362119725339     
  0.682080000000000       0.291379274836662     
  0.682160000000000       0.291396429885144     
  0.682240000000000       0.291413584872917     
  0.682320000000000       0.291430739798014     
  0.682400000000000       0.291447894660298     
  0.682480000000000       0.291465049460510     
  0.682560000000000       0.291482204198243     
  0.682640000000000       0.291499358873307     
  0.682720000000000       0.291516513484727     
  0.682800000000000       0.291533668033115     
  0.682880000000000       0.291550822518443     
  0.682960000000000       0.291567976939992     
  0.683040000000000       0.291585131297876     
  0.683120000000000       0.291602285592337     
  0.683200000000000       0.291619439822445     
  0.683280000000000       0.291636593988497     
  0.683360000000000       0.291653748090458     
  0.683440000000000       0.291670902127369     
  0.683520000000000       0.291688056099748     
  0.683600000000000       0.291705210007284     
  0.683680000000000       0.291722363849961     
  0.683760000000000       0.291739517627843     
  0.683840000000000       0.291756671339887     
  0.683920000000000       0.291773824986412     
  0.684000000000000       0.291790978567261     
  0.684080000000000       0.291808132082989     
  0.684160000000000       0.291825285531598     
  0.684240000000000       0.291842438915144     
  0.684320000000000       0.291859592232069     
  0.684400000000000       0.291876745482352     
  0.684480000000000       0.291893898666086     
  0.684560000000000       0.291911051782816     
  0.684640000000000       0.291928204832342     
  0.684720000000000       0.291945357815313     
  0.684800000000000       0.291962510730561     
  0.684880000000000       0.291979663578499     
  0.684960000000000       0.291996816358652     
  0.685040000000000       0.292013969071431     
  0.685120000000000       0.292031121715742     
  0.685200000000000       0.292048274292772     
  0.685280000000000       0.292065426800723     
  0.685360000000000       0.292082579240184     
  0.685440000000000       0.292099731611434     
  0.685520000000000       0.292116883913079     
  0.685600000000000       0.292134036146717     
  0.685680000000000       0.292151188310815     
  0.685760000000000       0.292168340405571     
  0.685840000000000       0.292185492430730     
  0.685920000000000       0.292202644386546     
  0.686000000000000       0.292219796272488     
  0.686080000000000       0.292236948087972     
  0.686160000000000       0.292254099834349     
  0.686240000000000       0.292271251510042     
  0.686320000000000       0.292288403114729     
  0.686400000000000       0.292305554649428     
  0.686480000000000       0.292322706113293     
  0.686560000000000       0.292339857505934     
  0.686640000000000       0.292357008827918     
  0.686720000000000       0.292374160078087     
  0.686800000000000       0.292391311256733     
  0.686880000000000       0.292408462364638     
  0.686960000000000       0.292425613399534     
  0.687040000000000       0.292442764363440     
  0.687120000000000       0.292459915254942     
  0.687200000000000       0.292477066073947     
  0.687280000000000       0.292494216821102     
  0.687360000000000       0.292511367495277     
  0.687440000000000       0.292528518096401     
  0.687520000000000       0.292545668625320     
  0.687600000000000       0.292562819080733     
  0.687680000000000       0.292579969463351     
  0.687760000000000       0.292597119771476     
  0.687840000000000       0.292614270006557     
  0.687920000000000       0.292631420168054     
  0.688000000000000       0.292648570255676     
  0.688080000000000       0.292665720269629     
  0.688160000000000       0.292682870208293     
  0.688240000000000       0.292700020072869     
  0.688320000000000       0.292717169862930     
  0.688400000000000       0.292734319578497     
  0.688480000000000       0.292751469218896     
  0.688560000000000       0.292768618783666     
  0.688640000000000       0.292785768274290     
  0.688720000000000       0.292802917689170     
  0.688800000000000       0.292820067028200     
  0.688880000000000       0.292837216291741     
  0.688960000000000       0.292854365479262     
  0.689040000000000       0.292871514590335     
  0.689120000000000       0.292888663625523     
  0.689200000000000       0.292905812584327     
  0.689280000000000       0.292922961466819     
  0.689360000000000       0.292940110272032     
  0.689440000000000       0.292957259000642     
  0.689520000000000       0.292974407652527     
  0.689600000000000       0.292991556226110     
  0.689680000000000       0.293008704723431     
  0.689760000000000       0.293025853142770     
  0.689840000000000       0.293043001484276     
  0.689920000000000       0.293060149747970     
  0.690000000000000       0.293077297933675     
  0.690080000000000       0.293094446040972     
  0.690160000000000       0.293111594070102     
  0.690240000000000       0.293128742020696     
  0.690320000000000       0.293145889892561     
  0.690400000000000       0.293163037685393     
  0.690480000000000       0.293180185399007     
  0.690560000000000       0.293197333033601     
  0.690640000000000       0.293214480589175     
  0.690720000000000       0.293231628064757     
  0.690800000000000       0.293248775461319     
  0.690880000000000       0.293265922777164     
  0.690960000000000       0.293283070013222     
  0.691040000000000       0.293300217168860     
  0.691120000000000       0.293317364244953     
  0.691200000000000       0.293334511239647     
  0.691280000000000       0.293351658153871     
  0.691360000000000       0.293368804987058     
  0.691440000000000       0.293385951739705     
  0.691520000000000       0.293403098410605     
  0.691600000000000       0.293420245000630     
  0.691680000000000       0.293437391509120     
  0.691760000000000       0.293454537935877     
  0.691840000000000       0.293471684280736     
  0.691920000000000       0.293488830543308     
  0.692000000000000       0.293505976723435     
  0.692080000000000       0.293523122822411     
  0.692160000000000       0.293540268837032     
  0.692240000000000       0.293557414770324     
  0.692320000000000       0.293574560620695     
  0.692400000000000       0.293591706387976     
  0.692480000000000       0.293608852071846     
  0.692560000000000       0.293625997672078     
  0.692640000000000       0.293643143190164     
  0.692720000000000       0.293660288623376     
  0.692800000000000       0.293677433972424     
  0.692880000000000       0.293694579237898     
  0.692960000000000       0.293711724419741     
  0.693040000000000       0.293728869516390     
  0.693120000000000       0.293746014529437     
  0.693200000000000       0.293763159457261     
  0.693280000000000       0.293780304300069     
  0.693360000000000       0.293797449058506     
  0.693440000000000       0.293814593730812     
  0.693520000000000       0.293831738318556     
  0.693600000000000       0.293848882820467     
  0.693680000000000       0.293866027237247     
  0.693760000000000       0.293883171568088     
  0.693840000000000       0.293900315812640     
  0.693920000000000       0.293917459970946     
  0.694000000000000       0.293934604043525     
  0.694080000000000       0.293951748028957     
  0.694160000000000       0.293968891927588     
  0.694240000000000       0.293986035740237     
  0.694320000000000       0.294003179465361     
  0.694400000000000       0.294020323103464     
  0.694480000000000       0.294037466654193     
  0.694560000000000       0.294054610117226     
  0.694640000000000       0.294071753492955     
  0.694720000000000       0.294088896780924     
  0.694800000000000       0.294106039981035     
  0.694880000000000       0.294123183092506     
  0.694960000000000       0.294140326116211     
  0.695040000000000       0.294157469050899     
  0.695120000000000       0.294174611897401     
  0.695200000000000       0.294191754655164     
  0.695280000000000       0.294208897323583     
  0.695360000000000       0.294226039903333     
  0.695440000000000       0.294243182393413     
  0.695520000000000       0.294260324794028     
  0.695600000000000       0.294277467105130     
  0.695680000000000       0.294294609326553     
  0.695760000000000       0.294311751457411     
  0.695840000000000       0.294328893498940     
  0.695920000000000       0.294346035449817     
  0.696000000000000       0.294363177310243     
  0.696080000000000       0.294380319080337     
  0.696160000000000       0.294397460759240     
  0.696240000000000       0.294414602347079     
  0.696320000000000       0.294431743844787     
  0.696400000000000       0.294448885250735     
  0.696480000000000       0.294466026564710     
  0.696560000000000       0.294483167787921     
  0.696640000000000       0.294500308918697     
  0.696720000000000       0.294517449957692     
  0.696800000000000       0.294534590904615     
  0.696880000000000       0.294551731759104     
  0.696960000000000       0.294568872521727     
  0.697040000000000       0.294586013191325     
  0.697120000000000       0.294603153768084     
  0.697200000000000       0.294620294252067     
  0.697280000000000       0.294637434642742     
  0.697360000000000       0.294654574940329     
  0.697440000000000       0.294671715144607     
  0.697520000000000       0.294688855255335     
  0.697600000000000       0.294705995272577     
  0.697680000000000       0.294723135195274     
  0.697760000000000       0.294740275024364     
  0.697840000000000       0.294757414758718     
  0.697920000000000       0.294774554398818     
  0.698000000000000       0.294791693944856     
  0.698080000000000       0.294808833395405     
  0.698160000000000       0.294825972751401     
  0.698240000000000       0.294843112011994     
  0.698320000000000       0.294860251178126     
  0.698400000000000       0.294877390248591     
  0.698480000000000       0.294894529223339     
  0.698560000000000       0.294911668101631     
  0.698640000000000       0.294928806885086     
  0.698720000000000       0.294945945572043     
  0.698800000000000       0.294963084162586     
  0.698880000000000       0.294980222657213     
  0.698960000000000       0.294997361055143     
  0.699040000000000       0.295014499356495     
  0.699120000000000       0.295031637560346     
  0.699200000000000       0.295048775667692     
  0.699280000000000       0.295065913677750     
  0.699360000000000       0.295083051590336     
  0.699440000000000       0.295100189405017     
  0.699520000000000       0.295117327122402     
  0.699600000000000       0.295134464742181     
  0.699680000000000       0.295151602263144     
  0.699760000000000       0.295168739686393     
  0.699840000000000       0.295185877011538     
  0.699920000000000       0.295203014237541     
  0.700000000000000       0.295220151365261     
  0.700080000000000       0.295237288393612     
  0.700160000000000       0.295254425323368     
  0.700240000000000       0.295271562154302     
  0.700320000000000       0.295288698885646     
  0.700400000000000       0.295305835516733     
  0.700480000000000       0.295322972048514     
  0.700560000000000       0.295340108480407     
  0.700640000000000       0.295357244812036     
  0.700720000000000       0.295374381044657     
  0.700800000000000       0.295391517175848     
  0.700880000000000       0.295408653206356     
  0.700960000000000       0.295425789136876     
  0.701040000000000       0.295442924966172     
  0.701120000000000       0.295460060694741     
  0.701200000000000       0.295477196322200     
  0.701280000000000       0.295494331847782     
  0.701360000000000       0.295511467272196     
  0.701440000000000       0.295528602594435     
  0.701520000000000       0.295545737815535     
  0.701600000000000       0.295562872934210     
  0.701680000000000       0.295580007951021     
  0.701760000000000       0.295597142865302     
  0.701840000000000       0.295614277677242     
  0.701920000000000       0.295631412386410     
  0.702000000000000       0.295648546992692     
  0.702080000000000       0.295665681495987     
  0.702160000000000       0.295682815896240     
  0.702240000000000       0.295699950192973     
  0.702320000000000       0.295717084386259     
  0.702400000000000       0.295734218476395     
  0.702480000000000       0.295751352462088     
  0.702560000000000       0.295768486343999     
  0.702640000000000       0.295785620121824     
  0.702720000000000       0.295802753794821     
  0.702800000000000       0.295819887364151     
  0.702880000000000       0.295837020828654     
  0.702960000000000       0.295854154187940     
  0.703040000000000       0.295871287442670     
  0.703120000000000       0.295888420591841     
  0.703200000000000       0.295905553636079     
  0.703280000000000       0.295922686574610     
  0.703360000000000       0.295939819407192     
  0.703440000000000       0.295956952134273     
  0.703520000000000       0.295974084755632     
  0.703600000000000       0.295991217270864     
  0.703680000000000       0.296008349679465     
  0.703760000000000       0.296025481981762     
  0.703840000000000       0.296042614177421     
  0.703920000000000       0.296059746266690     
  0.704000000000000       0.296076878247970     
  0.704080000000000       0.296094010123274     
  0.704160000000000       0.296111141890788     
  0.704240000000000       0.296128273550946     
  0.704320000000000       0.296145405103613     
  0.704400000000000       0.296162536548079     
  0.704480000000000       0.296179667885274     
  0.704560000000000       0.296196799113862     
  0.704640000000000       0.296213930234107     
  0.704720000000000       0.296231061246030     
  0.704800000000000       0.296248192148948     
  0.704880000000000       0.296265322943843     
  0.704960000000000       0.296282453629080     
  0.705040000000000       0.296299584205696     
  0.705120000000000       0.296316714672845     
  0.705200000000000       0.296333845030557     
  0.705280000000000       0.296350975279492     
  0.705360000000000       0.296368105417867     
  0.705440000000000       0.296385235446327     
  0.705520000000000       0.296402365364980     
  0.705600000000000       0.296419495173052     
  0.705680000000000       0.296436624870457     
  0.705760000000000       0.296453754457897     
  0.705840000000000       0.296470883934735     
  0.705920000000000       0.296488013299791     
  0.706000000000000       0.296505142554385     
  0.706080000000000       0.296522271697310     
  0.706160000000000       0.296539400729263     
  0.706240000000000       0.296556529649597     
  0.706320000000000       0.296573658458198     
  0.706400000000000       0.296590787154732     
  0.706480000000000       0.296607915739234     
  0.706560000000000       0.296625044211798     
  0.706640000000000       0.296642172571428     
  0.706720000000000       0.296659300818494     
  0.706800000000000       0.296676428953636     
  0.706880000000000       0.296693556974991     
  0.706960000000000       0.296710684883796     
  0.707040000000000       0.296727812679241     
  0.707120000000000       0.296744940361418     
  0.707200000000000       0.296762067929774     
  0.707280000000000       0.296779195384521     
  0.707360000000000       0.296796322725339     
  0.707440000000000       0.296813449952300     
  0.707520000000000       0.296830577064807     
  0.707600000000000       0.296847704063421     
  0.707680000000000       0.296864830946707     
  0.707760000000000       0.296881957715901     
  0.707840000000000       0.296899084369994     
  0.707920000000000       0.296916210909100     
  0.708000000000000       0.296933337332921     
  0.708080000000000       0.296950463641449     
  0.708160000000000       0.296967589834506     
  0.708240000000000       0.296984715912143     
  0.708320000000000       0.297001841873443     
  0.708400000000000       0.297018967718668     
  0.708480000000000       0.297036093447954     
  0.708560000000000       0.297053219060705     
  0.708640000000000       0.297070344557409     
  0.708720000000000       0.297087469937208     
  0.708800000000000       0.297104595199710     
  0.708880000000000       0.297121720345697     
  0.708960000000000       0.297138845374893     
  0.709040000000000       0.297155970285733     
  0.709120000000000       0.297173095079519     
  0.709200000000000       0.297190219755447     
  0.709280000000000       0.297207344313937     
  0.709360000000000       0.297224468754234     
  0.709440000000000       0.297241593076468     
  0.709520000000000       0.297258717280191     
  0.709600000000000       0.297275841365260     
  0.709680000000000       0.297292965332095     
  0.709760000000000       0.297310089179771     
  0.709840000000000       0.297327212908901     
  0.709920000000000       0.297344336517814     
  0.710000000000000       0.297361460008465     
  0.710080000000000       0.297378583379324     
  0.710160000000000       0.297395706630202     
  0.710240000000000       0.297412829761787     
  0.710320000000000       0.297429952773659     
  0.710400000000000       0.297447075664263     
  0.710480000000000       0.297464198435311     
  0.710560000000000       0.297481321085581     
  0.710640000000000       0.297498443615798     
  0.710720000000000       0.297515566024427     
  0.710800000000000       0.297532688312683     
  0.710880000000000       0.297549810479904     
  0.710960000000000       0.297566932525112     
  0.711040000000000       0.297584054449527     
  0.711120000000000       0.297601176251565     
  0.711200000000000       0.297618297932478     
  0.711280000000000       0.297635419491674     
  0.711360000000000       0.297652540927271     
  0.711440000000000       0.297669662242183     
  0.711520000000000       0.297686783434128     
  0.711600000000000       0.297703904503533     
  0.711680000000000       0.297721025450177     
  0.711760000000000       0.297738146273436     
  0.711840000000000       0.297755266973735     
  0.711920000000000       0.297772387551245     
  0.712000000000000       0.297789508004794     
  0.712080000000000       0.297806628334759     
  0.712160000000000       0.297823748541053     
  0.712240000000000       0.297840868623052     
  0.712320000000000       0.297857988581929     
  0.712400000000000       0.297875108415764     
  0.712480000000000       0.297892228125318     
  0.712560000000000       0.297909347710726     
  0.712640000000000       0.297926467170211     
  0.712720000000000       0.297943586505856     
  0.712800000000000       0.297960705716609     
  0.712880000000000       0.297977824801525     
  0.712960000000000       0.297994943760789     
  0.713040000000000       0.298012062594648     
  0.713120000000000       0.298029181303048     
  0.713200000000000       0.298046299885240     
  0.713280000000000       0.298063418341361     
  0.713360000000000       0.298080536671979     
  0.713440000000000       0.298097654875161     
  0.713520000000000       0.298114772952521     
  0.713600000000000       0.298131890902700     
  0.713680000000000       0.298149008726132     
  0.713760000000000       0.298166126422193     
  0.713840000000000       0.298183243991414     
  0.713920000000000       0.298200361433136     
  0.714000000000000       0.298217478747209     
  0.714080000000000       0.298234595933505     
  0.714160000000000       0.298251712991960     
  0.714240000000000       0.298268829922873     
  0.714320000000000       0.298285946725270     
  0.714400000000000       0.298303063398852     
  0.714480000000000       0.298320179944174     
  0.714560000000000       0.298337296361017     
  0.714640000000000       0.298354412648980     
  0.714720000000000       0.298371528807206     
  0.714800000000000       0.298388644836710     
  0.714880000000000       0.298405760737094     
  0.714960000000000       0.298422876507456     
  0.715040000000000       0.298439992148386     
  0.715120000000000       0.298457107659435     
  0.715200000000000       0.298474223040292     
  0.715280000000000       0.298491338291368     
  0.715360000000000       0.298508453412045     
  0.715440000000000       0.298525568401335     
  0.715520000000000       0.298542683260426     
  0.715600000000000       0.298559797989168     
  0.715680000000000       0.298576912586424     
  0.715760000000000       0.298594027052414     
  0.715840000000000       0.298611141387870     
  0.715920000000000       0.298628255590839     
  0.716000000000000       0.298645369662393     
  0.716080000000000       0.298662483602176     
  0.716160000000000       0.298679597410289     
  0.716240000000000       0.298696711085580     
  0.716320000000000       0.298713824629208     
  0.716400000000000       0.298730938039935     
  0.716480000000000       0.298748051317735     
  0.716560000000000       0.298765164463003     
  0.716640000000000       0.298782277475884     
  0.716720000000000       0.298799390354806     
  0.716800000000000       0.298816503100288     
  0.716880000000000       0.298833615712898     
  0.716960000000000       0.298850728191906     
  0.717040000000000       0.298867840537032     
  0.717120000000000       0.298884952747177     
  0.717200000000000       0.298902064824131     
  0.717280000000000       0.298919176766671     
  0.717360000000000       0.298936288574613     
  0.717440000000000       0.298953400247950     
  0.717520000000000       0.298970511786419     
  0.717600000000000       0.298987623189899     
  0.717680000000000       0.299004734458461     
  0.717760000000000       0.299021845591388     
  0.717840000000000       0.299038956589205     
  0.717920000000000       0.299056067451159     
  0.718000000000000       0.299073178177733     
  0.718080000000000       0.299090288767599     
  0.718160000000000       0.299107399221730     
  0.718240000000000       0.299124509540218     
  0.718320000000000       0.299141619721571     
  0.718400000000000       0.299158729766273     
  0.718480000000000       0.299175839674494     
  0.718560000000000       0.299192949445111     
  0.718640000000000       0.299210059079411     
  0.718720000000000       0.299227168576121     
  0.718800000000000       0.299244277935540     
  0.718880000000000       0.299261387157277     
  0.718960000000000       0.299278496241162     
  0.719040000000000       0.299295605187450     
  0.719120000000000       0.299312713995403     
  0.719200000000000       0.299329822664700     
  0.719280000000000       0.299346931195903     
  0.719360000000000       0.299364039588252     
  0.719440000000000       0.299381147842756     
  0.719520000000000       0.299398255957780     
  0.719600000000000       0.299415363933595     
  0.719680000000000       0.299432471770001     
  0.719760000000000       0.299449579467212     
  0.719840000000000       0.299466687024801     
  0.719920000000000       0.299483794442840     
  0.720000000000000       0.299500901720482     
  0.720080000000000       0.299518008858773     
  0.720160000000000       0.299535115856114     
  0.720240000000000       0.299552222713840     
  0.720320000000000       0.299569329430452     
  0.720400000000000       0.299586436006852     
  0.720480000000000       0.299603542441528     
  0.720560000000000       0.299620648735716     
  0.720640000000000       0.299637754888455     
  0.720720000000000       0.299654860899854     
  0.720800000000000       0.299671966770352     
  0.720880000000000       0.299689072497952     
  0.720960000000000       0.299706178084418     
  0.721040000000000       0.299723283528363     
  0.721120000000000       0.299740388830782     
  0.721200000000000       0.299757493990381     
  0.721280000000000       0.299774599008093     
  0.721360000000000       0.299791703882247     
  0.721440000000000       0.299808808613815     
  0.721520000000000       0.299825913202658     
  0.721600000000000       0.299843017647494     
  0.721680000000000       0.299860121949881     
  0.721760000000000       0.299877226108475     
  0.721840000000000       0.299894330123327     
  0.721920000000000       0.299911433993995     
  0.722000000000000       0.299928537721183     
  0.722080000000000       0.299945641303684     
  0.722160000000000       0.299962744742008     
  0.722240000000000       0.299979848035510     
  0.722320000000000       0.299996951185254     
  0.722400000000000       0.300014054189785     
  0.722480000000000       0.300031157049394     
  0.722560000000000       0.300048259763703     
  0.722640000000000       0.300065362332387     
  0.722720000000000       0.300082464755701     
  0.722800000000000       0.300099567033269     
  0.722880000000000       0.300116669165395     
  0.722960000000000       0.300133771151370     
  0.723040000000000       0.300150872991009     
  0.723120000000000       0.300167974684148     
  0.723200000000000       0.300185076231448     
  0.723280000000000       0.300202177631907     
  0.723360000000000       0.300219278885227     
  0.723440000000000       0.300236379991749     
  0.723520000000000       0.300253480951011     
  0.723600000000000       0.300270581763802     
  0.723680000000000       0.300287682428025     
  0.723760000000000       0.300304782945059     
  0.723840000000000       0.300321883314194     
  0.723920000000000       0.300338983535302     
  0.724000000000000       0.300356083608737     
  0.724080000000000       0.300373183532923     
  0.724160000000000       0.300390283309444     
  0.724240000000000       0.300407382937497     
  0.724320000000000       0.300424482416536     
  0.724400000000000       0.300441581746601     
  0.724480000000000       0.300458680927055     
  0.724560000000000       0.300475779959261     
  0.724640000000000       0.300492878840967     
  0.724720000000000       0.300509977574383     
  0.724800000000000       0.300527076156489     
  0.724880000000000       0.300544174589409     
  0.724960000000000       0.300561272871971     
  0.725040000000000       0.300578371004588     
  0.725120000000000       0.300595468987216     
  0.725200000000000       0.300612566817830     
  0.725280000000000       0.300629664499259     
  0.725360000000000       0.300646762029037     
  0.725440000000000       0.300663859407469     
  0.725520000000000       0.300680956634939     
  0.725600000000000       0.300698053711177     
  0.725680000000000       0.300715150635757     
  0.725760000000000       0.300732247408246     
  0.725840000000000       0.300749344029218     
  0.725920000000000       0.300766440498276     
  0.726000000000000       0.300783536814433     
  0.726080000000000       0.300800632979031     
  0.726160000000000       0.300817728990784     
  0.726240000000000       0.300834824849592     
  0.726320000000000       0.300851920555343     
  0.726400000000000       0.300869016108213     
  0.726480000000000       0.300886111508146     
  0.726560000000000       0.300903206754232     
  0.726640000000000       0.300920301846884     
  0.726720000000000       0.300937396785618     
  0.726800000000000       0.300954491571081     
  0.726880000000000       0.300971586202441     
  0.726960000000000       0.300988680679159     
  0.727040000000000       0.301005775001987     
  0.727120000000000       0.301022869169078     
  0.727200000000000       0.301039963183446     
  0.727280000000000       0.301057057041501     
  0.727360000000000       0.301074150744424     
  0.727440000000000       0.301091244293073     
  0.727520000000000       0.301108337686164     
  0.727600000000000       0.301125430923595     
  0.727680000000000       0.301142524005070     
  0.727760000000000       0.301159616930865     
  0.727840000000000       0.301176709700972     
  0.727920000000000       0.301193802314228     
  0.728000000000000       0.301210894771619     
  0.728080000000000       0.301227987072242     
  0.728160000000000       0.301245079216419     
  0.728240000000000       0.301262171203800     
  0.728320000000000       0.301279263033803     
  0.728400000000000       0.301296354706811     
  0.728480000000000       0.301313446223145     
  0.728560000000000       0.301330537581106     
  0.728640000000000       0.301347628781916     
  0.728720000000000       0.301364719824751     
  0.728800000000000       0.301381810708979     
  0.728880000000000       0.301398901436163     
  0.728960000000000       0.301415992004874     
  0.729040000000000       0.301433082414708     
  0.729120000000000       0.301450172666219     
  0.729200000000000       0.301467262758774     
  0.729280000000000       0.301484352691848     
  0.729360000000000       0.301501442466578     
  0.729440000000000       0.301518532081634     
  0.729520000000000       0.301535621536577     
  0.729600000000000       0.301552710833211     
  0.729680000000000       0.301569799969283     
  0.729760000000000       0.301586888945541     
  0.729840000000000       0.301603977761734     
  0.729920000000000       0.301621066417295     
  0.730000000000000       0.301638154912379     
  0.730080000000000       0.301655243247592     
  0.730160000000000       0.301672331421931     
  0.730240000000000       0.301689419434742     
  0.730320000000000       0.301706507286679     
  0.730400000000000       0.301723594977763     
  0.730480000000000       0.301740682506815     
  0.730560000000000       0.301757769874027     
  0.730640000000000       0.301774857080287     
  0.730720000000000       0.301791944124187     
  0.730800000000000       0.301809031006184     
  0.730880000000000       0.301826117725324     
  0.730960000000000       0.301843204283448     
  0.731040000000000       0.301860290677898     
  0.731120000000000       0.301877376909840     
  0.731200000000000       0.301894462978898     
  0.731280000000000       0.301911548884800     
  0.731360000000000       0.301928634627377     
  0.731440000000000       0.301945720206707     
  0.731520000000000       0.301962805622719     
  0.731600000000000       0.301979890874382     
  0.731680000000000       0.301996975962550     
  0.731760000000000       0.302014060886305     
  0.731840000000000       0.302031145646294     
  0.731920000000000       0.302048230241714     
  0.732000000000000       0.302065314672544     
  0.732080000000000       0.302082398938961     
  0.732160000000000       0.302099483040703     
  0.732240000000000       0.302116566976520     
  0.732320000000000       0.302133650747362     
  0.732400000000000       0.302150734353408     
  0.732480000000000       0.302167817793450     
  0.732560000000000       0.302184901067169     
  0.732640000000000       0.302201984176347     
  0.732720000000000       0.302219067119172     
  0.732800000000000       0.302236149895511     
  0.732880000000000       0.302253232505788     
  0.732960000000000       0.302270314949195     
  0.733040000000000       0.302287397225929     
  0.733120000000000       0.302304479336198     
  0.733200000000000       0.302321561278771     
  0.733280000000000       0.302338643055013     
  0.733360000000000       0.302355724663660     
  0.733440000000000       0.302372806104263     
  0.733520000000000       0.302389887377527     
  0.733600000000000       0.302406968482320     
  0.733680000000000       0.302424049420357     
  0.733760000000000       0.302441130190002     
  0.733840000000000       0.302458210790509     
  0.733920000000000       0.302475291222923     
  0.734000000000000       0.302492371487415     
  0.734080000000000       0.302509451581810     
  0.734160000000000       0.302526531507955     
  0.734240000000000       0.302543611264942     
  0.734320000000000       0.302560690852741     
  0.734400000000000       0.302577770270649     
  0.734480000000000       0.302594849519505     
  0.734560000000000       0.302611928597781     
  0.734640000000000       0.302629007506472     
  0.734720000000000       0.302646086245500     
  0.734800000000000       0.302663164813755     
  0.734880000000000       0.302680243211275     
  0.734960000000000       0.302697321439038     
  0.735040000000000       0.302714399495582     
  0.735120000000000       0.302731477380779     
  0.735200000000000       0.302748555095559     
  0.735280000000000       0.302765632638558     
  0.735360000000000       0.302782710010168     
  0.735440000000000       0.302799787210323     
  0.735520000000000       0.302816864239195     
  0.735600000000000       0.302833941095312     
  0.735680000000000       0.302851017779095     
  0.735760000000000       0.302868094291473     
  0.735840000000000       0.302885170631154     
  0.735920000000000       0.302902246798152     
  0.736000000000000       0.302919322792609     
  0.736080000000000       0.302936398613657     
  0.736160000000000       0.302953474262286     
  0.736240000000000       0.302970549737080     
  0.736320000000000       0.302987625039070     
  0.736400000000000       0.303004700167297     
  0.736480000000000       0.303021775121306     
  0.736560000000000       0.303038849901893     
  0.736640000000000       0.303055924508091     
  0.736720000000000       0.303072998940235     
  0.736800000000000       0.303090073198459     
  0.736880000000000       0.303107147281612     
  0.736960000000000       0.303124221189823     
  0.737040000000000       0.303141294923525     
  0.737120000000000       0.303158368482305     
  0.737200000000000       0.303175441865467     
  0.737280000000000       0.303192515073538     
  0.737360000000000       0.303209588106395     
  0.737440000000000       0.303226660962818     
  0.737520000000000       0.303243733643659     
  0.737600000000000       0.303260806148782     
  0.737680000000000       0.303277878477385     
  0.737760000000000       0.303294950630200     
  0.737840000000000       0.303312022605500     
  0.737920000000000       0.303329094404742     
  0.738000000000000       0.303346166026690     
  0.738080000000000       0.303363237472550     
  0.738160000000000       0.303380308740434     
  0.738240000000000       0.303397379831122     
  0.738320000000000       0.303414450744673     
  0.738400000000000       0.303431521480246     
  0.738480000000000       0.303448592038213     
  0.738560000000000       0.303465662417690     
  0.738640000000000       0.303482732619085     
  0.738720000000000       0.303499802642418     
  0.738800000000000       0.303516872487170     
  0.738880000000000       0.303533942153256     
  0.738960000000000       0.303551011641223     
  0.739040000000000       0.303568080949394     
  0.739120000000000       0.303585150078558     
  0.739200000000000       0.303602219028524     
  0.739280000000000       0.303619287798701     
  0.739360000000000       0.303636356389835     
  0.739440000000000       0.303653424800960     
  0.739520000000000       0.303670493031864     
  0.739600000000000       0.303687561083149     
  0.739680000000000       0.303704628953587     
  0.739760000000000       0.303721696643355     
  0.739840000000000       0.303738764153434     
  0.739920000000000       0.303755831482445     
