  0.660000000000000       9.204470442957809E-003
  0.660080000000000       9.204706223078570E-003
  0.660160000000000       9.204942011256885E-003
  0.660240000000000       9.205177808032768E-003
  0.660320000000000       9.205413612894627E-003
  0.660400000000000       9.205649426410896E-003
  0.660480000000000       9.205885247799979E-003
  0.660560000000000       9.206121077729786E-003
  0.660640000000000       9.206356915873466E-003
  0.660720000000000       9.206592762429973E-003
  0.660800000000000       9.206828617129299E-003
  0.660880000000000       9.207064480198819E-003
  0.660960000000000       9.207300351396948E-003
  0.661040000000000       9.207536230965270E-003
  0.661120000000000       9.207772118960629E-003
  0.661200000000000       9.208008015155651E-003
  0.661280000000000       9.208243919735078E-003
  0.661360000000000       9.208479832386270E-003
  0.661440000000000       9.208715753322390E-003
  0.661520000000000       9.208951682600282E-003
  0.661600000000000       9.209187620163102E-003
  0.661680000000000       9.209423566323489E-003
  0.661760000000000       9.209659520299847E-003
  0.661840000000000       9.209895482774295E-003
  0.661920000000000       9.210131453405775E-003
  0.662000000000000       9.210367432435869E-003
  0.662080000000000       9.210603419551940E-003
  0.662160000000000       9.210839414881884E-003
  0.662240000000000       9.211075418667287E-003
  0.662320000000000       9.211311430666565E-003
  0.662400000000000       9.211547450893927E-003
  0.662480000000000       9.211783479363585E-003
  0.662560000000000       9.212019515919219E-003
  0.662640000000000       9.212255561015577E-003
  0.662720000000000       9.212491614340020E-003
  0.662800000000000       9.212727675636752E-003
  0.662880000000000       9.212963745474208E-003
  0.662960000000000       9.213199823099212E-003
  0.663040000000000       9.213435909577579E-003
  0.663120000000000       9.213672003829283E-003
  0.663200000000000       9.213908106436970E-003
  0.663280000000000       9.214144217215899E-003
  0.663360000000000       9.214380336251334E-003
  0.663440000000000       9.214616463756438E-003
  0.663520000000000       9.214852599162777E-003
  0.663600000000000       9.215088743166684E-003
  0.663680000000000       9.215324895029194E-003
  0.663760000000000       9.215561055432427E-003
  0.663840000000000       9.215797223751106E-003
  0.663920000000000       9.216033400425767E-003
  0.664000000000000       9.216269585371147E-003
  0.664080000000000       9.216505778288815E-003
  0.664160000000000       9.216741979619310E-003
  0.664240000000000       9.216978189092624E-003
  0.664320000000000       9.217214406637704E-003
  0.664400000000000       9.217450632751929E-003
  0.664480000000000       9.217686866838444E-003
  0.664560000000000       9.217923108982513E-003
  0.664640000000000       9.218159359553620E-003
  0.664720000000000       9.218395618025961E-003
  0.664800000000000       9.218631884967972E-003
  0.664880000000000       9.218868160067013E-003
  0.664960000000000       9.219104443394140E-003
  0.665040000000000       9.219340734835664E-003
  0.665120000000000       9.219577034448430E-003
  0.665200000000000       9.219813342147172E-003
  0.665280000000000       9.220049658216108E-003
  0.665360000000000       9.220285982442074E-003
  0.665440000000000       9.220522314711384E-003
  0.665520000000000       9.220758655237200E-003
  0.665600000000000       9.220995003678463E-003
  0.665680000000000       9.221231360617817E-003
  0.665760000000000       9.221467725685779E-003
  0.665840000000000       9.221704098939194E-003
  0.665920000000000       9.221940480278586E-003
  0.666000000000000       9.222176869689742E-003
  0.666080000000000       9.222413267328984E-003
  0.666160000000000       9.222649673196311E-003
  0.666240000000000       9.222886087192246E-003
  0.666320000000000       9.223122509402056E-003
  0.666400000000000       9.223358939797317E-003
  0.666480000000000       9.223595377951706E-003
  0.666560000000000       9.223831824760505E-003
  0.666640000000000       9.224068279484750E-003
  0.666720000000000       9.224304742266549E-003
  0.666800000000000       9.224541213091693E-003
  0.666880000000000       9.224777692400717E-003
  0.666960000000000       9.225014179625186E-003
  0.667040000000000       9.225250674978265E-003
  0.667120000000000       9.225487178587850E-003
  0.667200000000000       9.225723690240779E-003
  0.667280000000000       9.225960210050739E-003
  0.667360000000000       9.226196737989308E-003
  0.667440000000000       9.226433273985431E-003
  0.667520000000000       9.226669818181217E-003
  0.667600000000000       9.226906370420347E-003
  0.667680000000000       9.227142930873351E-003
  0.667760000000000       9.227379499327067E-003
  0.667840000000000       9.227616075952023E-003
  0.667920000000000       9.227852660648746E-003
  0.668000000000000       9.228089253587764E-003
  0.668080000000000       9.228325854584336E-003
  0.668160000000000       9.228562463666885E-003
  0.668240000000000       9.228799080679091E-003
  0.668320000000000       9.229035706033069E-003
  0.668400000000000       9.229272339373547E-003
  0.668480000000000       9.229508980998953E-003
  0.668560000000000       9.229745630511384E-003
  0.668640000000000       9.229982288109791E-003
  0.668720000000000       9.230218953822596E-003
  0.668800000000000       9.230455627550323E-003
  0.668880000000000       9.230692309562978E-003
  0.668960000000000       9.230928999576345E-003
  0.669040000000000       9.231165697746742E-003
  0.669120000000000       9.231402404045748E-003
  0.669200000000000       9.231639118018616E-003
  0.669280000000000       9.231875840418520E-003
  0.669360000000000       9.232112570733871E-003
  0.669440000000000       9.232349309135197E-003
  0.669520000000000       9.232586055707766E-003
  0.669600000000000       9.232822810408943E-003
  0.669680000000000       9.233059572755560E-003
  0.669760000000000       9.233296343728166E-003
  0.669840000000000       9.233533122545164E-003
  0.669920000000000       9.233769909320240E-003
  0.670000000000000       9.234006704337612E-003
  0.670080000000000       9.234243507028846E-003
  0.670160000000000       9.234480318203959E-003
  0.670240000000000       9.234717137308730E-003
  0.670320000000000       9.234953964385791E-003
  0.670400000000000       9.235190799463562E-003
  0.670480000000000       9.235427642712575E-003
  0.670560000000000       9.235664493891245E-003
  0.670640000000000       9.235901353326421E-003
  0.670720000000000       9.236138220577568E-003
  0.670800000000000       9.236375096369438E-003
  0.670880000000000       9.236611979380423E-003
  0.670960000000000       9.236848870818444E-003
  0.671040000000000       9.237085770086646E-003
  0.671120000000000       9.237322677526090E-003
  0.671200000000000       9.237559593122564E-003
  0.671280000000000       9.237796516677117E-003
  0.671360000000000       9.238033448289225E-003
  0.671440000000000       9.238270387830989E-003
  0.671520000000000       9.238507335671893E-003
  0.671600000000000       9.238744291229291E-003
  0.671680000000000       9.238981254560026E-003
  0.671760000000000       9.239218226161479E-003
  0.671840000000000       9.239455205820486E-003
  0.671920000000000       9.239692193465994E-003
  0.672000000000000       9.239929189211689E-003
  0.672080000000000       9.240166192915462E-003
  0.672160000000000       9.240403204577315E-003
  0.672240000000000       9.240640224083559E-003
  0.672320000000000       9.240877251832098E-003
  0.672400000000000       9.241114287368186E-003
  0.672480000000000       9.241351330805510E-003
  0.672560000000000       9.241588382570394E-003
  0.672640000000000       9.241825442165459E-003
  0.672720000000000       9.242062509803868E-003
  0.672800000000000       9.242299585158771E-003
  0.672880000000000       9.242536668983344E-003
  0.672960000000000       9.242773760368091E-003
  0.673040000000000       9.243010859838814E-003
  0.673120000000000       9.243247967452357E-003
  0.673200000000000       9.243485082810816E-003
  0.673280000000000       9.243722206127354E-003
  0.673360000000000       9.243959337686188E-003
  0.673440000000000       9.244196476989937E-003
  0.673520000000000       9.244433624251765E-003
  0.673600000000000       9.244670779613780E-003
  0.673680000000000       9.244907942763343E-003
  0.673760000000000       9.245145114183624E-003
  0.673840000000000       9.245382293320399E-003
  0.673920000000000       9.245619480486307E-003
  0.674000000000000       9.245856675425553E-003
  0.674080000000000       9.246093878678148E-003
  0.674160000000000       9.246331089334599E-003
  0.674240000000000       9.246568308304400E-003
  0.674320000000000       9.246805535289122E-003
  0.674400000000000       9.247042769919285E-003
  0.674480000000000       9.247280012635424E-003
  0.674560000000000       9.247517263451750E-003
  0.674640000000000       9.247754522112468E-003
  0.674720000000000       9.247991788461259E-003
  0.674800000000000       9.248229063066556E-003
  0.674880000000000       9.248466345388347E-003
  0.674960000000000       9.248703635739271E-003
  0.675040000000000       9.248940933906165E-003
  0.675120000000000       9.249178240073770E-003
  0.675200000000000       9.249415554313141E-003
  0.675280000000000       9.249652876126897E-003
  0.675360000000000       9.249890206097684E-003
  0.675440000000000       9.250127544026550E-003
  0.675520000000000       9.250364889842440E-003
  0.675600000000000       9.250602243431667E-003
  0.675680000000000       9.250839605035817E-003
  0.675760000000000       9.251076974370671E-003
  0.675840000000000       9.251314351905189E-003
  0.675920000000000       9.251551736857773E-003
  0.676000000000000       9.251789130265815E-003
  0.676080000000000       9.252026531077713E-003
  0.676160000000000       9.252263940160328E-003
  0.676240000000000       9.252501357229444E-003
  0.676320000000000       9.252738781730836E-003
  0.676400000000000       9.252976214360838E-003
  0.676480000000000       9.253213655062605E-003
  0.676560000000000       9.253451103395600E-003
  0.676640000000000       9.253688559729308E-003
  0.676720000000000       9.253926023978461E-003
  0.676800000000000       9.254163496015162E-003
  0.676880000000000       9.254400975782569E-003
  0.676960000000000       9.254638463579108E-003
  0.677040000000000       9.254875959447413E-003
  0.677120000000000       9.255113462804838E-003
  0.677200000000000       9.255350974063499E-003
  0.677280000000000       9.255588493479190E-003
  0.677360000000000       9.255826020625586E-003
  0.677440000000000       9.256063555602163E-003
  0.677520000000000       9.256301098465765E-003
  0.677600000000000       9.256538649088493E-003
  0.677680000000000       9.256776207768776E-003
  0.677760000000000       9.257013774080287E-003
  0.677840000000000       9.257251348136715E-003
  0.677920000000000       9.257488930421227E-003
  0.678000000000000       9.257726520379601E-003
  0.678080000000000       9.257964118026048E-003
  0.678160000000000       9.258201723801103E-003
  0.678240000000000       9.258439337136333E-003
  0.678320000000000       9.258676958628594E-003
  0.678400000000000       9.258914587666818E-003
  0.678480000000000       9.259152224606278E-003
  0.678560000000000       9.259389869660135E-003
  0.678640000000000       9.259627522174692E-003
  0.678720000000000       9.259865182590483E-003
  0.678800000000000       9.260102850822245E-003
  0.678880000000000       9.260340526926820E-003
  0.678960000000000       9.260578210833155E-003
  0.679040000000000       9.260815902569670E-003
  0.679120000000000       9.261053602235843E-003
  0.679200000000000       9.261291309703774E-003
  0.679280000000000       9.261529024774513E-003
  0.679360000000000       9.261766747519114E-003
  0.679440000000000       9.262004478690751E-003
  0.679520000000000       9.262242216967816E-003
  0.679600000000000       9.262479963586652E-003
  0.679680000000000       9.262717717808296E-003
  0.679760000000000       9.262955479746433E-003
  0.679840000000000       9.263193249642650E-003
  0.679920000000000       9.263431027155884E-003
  0.680000000000000       9.263668812612987E-003
  0.680080000000000       9.263906605601842E-003
  0.680160000000000       9.264144406690884E-003
  0.680240000000000       9.264382215482210E-003
  0.680320000000000       9.264620032075295E-003
  0.680400000000000       9.264857856455928E-003
  0.680480000000000       9.265095688140941E-003
  0.680560000000000       9.265333528054039E-003
  0.680640000000000       9.265571375626787E-003
  0.680720000000000       9.265809231114981E-003
  0.680800000000000       9.266047094419146E-003
  0.680880000000000       9.266284965496648E-003
  0.680960000000000       9.266522844233800E-003
  0.681040000000000       9.266760730573760E-003
  0.681120000000000       9.266998624829166E-003
  0.681200000000000       9.267236526857910E-003
  0.681280000000000       9.267474436603147E-003
  0.681360000000000       9.267712354107512E-003
  0.681440000000000       9.267950279470479E-003
  0.681520000000000       9.268188212606783E-003
  0.681600000000000       9.268426153132732E-003
  0.681680000000000       9.268664101773079E-003
  0.681760000000000       9.268902058030444E-003
  0.681840000000000       9.269140022117990E-003
  0.681920000000000       9.269377993850976E-003
  0.682000000000000       9.269615973115715E-003
  0.682080000000000       9.269853960523274E-003
  0.682160000000000       9.270091955675748E-003
  0.682240000000000       9.270329958104180E-003
  0.682320000000000       9.270567968604378E-003
  0.682400000000000       9.270805986480009E-003
  0.682480000000000       9.271044012612147E-003
  0.682560000000000       9.271282046133929E-003
  0.682640000000000       9.271520087400627E-003
  0.682720000000000       9.271758136326975E-003
  0.682800000000000       9.271996193040873E-003
  0.682880000000000       9.272234257584951E-003
  0.682960000000000       9.272472329817101E-003
  0.683040000000000       9.272710409751535E-003
  0.683120000000000       9.272948497274565E-003
  0.683200000000000       9.273186592613565E-003
  0.683280000000000       9.273424695598005E-003
  0.683360000000000       9.273662806270518E-003
  0.683440000000000       9.273900924801633E-003
  0.683520000000000       9.274139050935555E-003
  0.683600000000000       9.274377184686496E-003
  0.683680000000000       9.274615326068665E-003
  0.683760000000000       9.274853475224172E-003
  0.683840000000000       9.275091632025119E-003
  0.683920000000000       9.275329796727301E-003
  0.684000000000000       9.275567968790706E-003
  0.684080000000000       9.275806148982720E-003
  0.684160000000000       9.276044336265950E-003
  0.684240000000000       9.276282531834108E-003
  0.684320000000000       9.276520734678224E-003
  0.684400000000000       9.276758945324100E-003
  0.684480000000000       9.276997163487517E-003
  0.684560000000000       9.277235389424272E-003
  0.684640000000000       9.277473623091732E-003
  0.684720000000000       9.277711864518319E-003
  0.684800000000000       9.277950113462448E-003
  0.684880000000000       9.278188369924119E-003
  0.684960000000000       9.278426634372290E-003
  0.685040000000000       9.278664906224317E-003
  0.685120000000000       9.278903185750205E-003
  0.685200000000000       9.279141472864690E-003
  0.685280000000000       9.279379767780933E-003
  0.685360000000000       9.279618070513147E-003
  0.685440000000000       9.279856380407632E-003
  0.685520000000000       9.280094698459147E-003
  0.685600000000000       9.280333023871885E-003
  0.685680000000000       9.280571356972696E-003
  0.685760000000000       9.280809697505783E-003
  0.685840000000000       9.281048045940106E-003
  0.685920000000000       9.281286402105134E-003
  0.686000000000000       9.281524765602962E-003
  0.686080000000000       9.281763137058870E-003
  0.686160000000000       9.282001515748102E-003
  0.686240000000000       9.282239902324359E-003
  0.686320000000000       9.282478296389736E-003
  0.686400000000000       9.282716698015288E-003
  0.686480000000000       9.282955107641551E-003
  0.686560000000000       9.283193524557982E-003
  0.686640000000000       9.283431949190908E-003
  0.686720000000000       9.283670381426641E-003
  0.686800000000000       9.283908821123073E-003
  0.686880000000000       9.284147268550209E-003
  0.686960000000000       9.284385723608575E-003
  0.687040000000000       9.284624186198694E-003
  0.687120000000000       9.284862656348987E-003
  0.687200000000000       9.285101134315250E-003
  0.687280000000000       9.285339619742213E-003
  0.687360000000000       9.285578112573030E-003
  0.687440000000000       9.285816613191396E-003
  0.687520000000000       9.286055121412569E-003
  0.687600000000000       9.286293637222338E-003
  0.687680000000000       9.286532160478596E-003
  0.687760000000000       9.286770691252395E-003
  0.687840000000000       9.287009229927430E-003
  0.687920000000000       9.287247776091585E-003
  0.688000000000000       9.287486329673807E-003
  0.688080000000000       9.287724890915679E-003
  0.688160000000000       9.287963459689304E-003
  0.688240000000000       9.288202036193634E-003
  0.688320000000000       9.288440619945500E-003
  0.688400000000000       9.288679211712288E-003
  0.688480000000000       9.288917810669768E-003
  0.688560000000000       9.289156417159002E-003
  0.688640000000000       9.289395031506838E-003
  0.688720000000000       9.289633653116421E-003
  0.688800000000000       9.289872282556184E-003
  0.688880000000000       9.290110919200852E-003
  0.688960000000000       9.290349563618856E-003
  0.689040000000000       9.290588215568614E-003
  0.689120000000000       9.290826875021703E-003
  0.689200000000000       9.291065542006545E-003
  0.689280000000000       9.291304216679459E-003
  0.689360000000000       9.291542898670964E-003
  0.689440000000000       9.291781588492649E-003
  0.689520000000000       9.292020285505027E-003
  0.689600000000000       9.292258990233900E-003
  0.689680000000000       9.292497702551368E-003
  0.689760000000000       9.292736422315324E-003
  0.689840000000000       9.292975149568401E-003
  0.689920000000000       9.293213884438496E-003
  0.690000000000000       9.293452626797712E-003
  0.690080000000000       9.293691376518150E-003
  0.690160000000000       9.293930134026136E-003
  0.690240000000000       9.294168898639550E-003
  0.690320000000000       9.294407671253675E-003
  0.690400000000000       9.294646451086915E-003
  0.690480000000000       9.294885238480328E-003
  0.690560000000000       9.295124033462339E-003
  0.690640000000000       9.295362835905048E-003
  0.690720000000000       9.295601645666347E-003
  0.690800000000000       9.295840463058876E-003
  0.690880000000000       9.296079287940524E-003
  0.690960000000000       9.296318120297083E-003
  0.691040000000000       9.296556960171183E-003
  0.691120000000000       9.296795807648091E-003
  0.691200000000000       9.297034662557276E-003
  0.691280000000000       9.297273524856105E-003
  0.691360000000000       9.297512394558789E-003
  0.691440000000000       9.297751271977968E-003
  0.691520000000000       9.297990156729947E-003
  0.691600000000000       9.298229049127367E-003
  0.691680000000000       9.298467948630214E-003
  0.691760000000000       9.298706856119561E-003
  0.691840000000000       9.298945770828022E-003
  0.691920000000000       9.299184693039815E-003
  0.692000000000000       9.299423622442300E-003
  0.692080000000000       9.299662559618123E-003
  0.692160000000000       9.299901504112536E-003
  0.692240000000000       9.300140456081858E-003
  0.692320000000000       9.300379415611355E-003
  0.692400000000000       9.300618382530497E-003
  0.692480000000000       9.300857356825072E-003
  0.692560000000000       9.301096338594557E-003
  0.692640000000000       9.301335327910006E-003
  0.692720000000000       9.301574324544044E-003
  0.692800000000000       9.301813328908788E-003
  0.692880000000000       9.302052340251062E-003
  0.692960000000000       9.302291359366673E-003
  0.693040000000000       9.302530385630343E-003
  0.693120000000000       9.302769419752617E-003
  0.693200000000000       9.303008460880842E-003
  0.693280000000000       9.303247509853459E-003
  0.693360000000000       9.303486565888870E-003
  0.693440000000000       9.303725629555511E-003
  0.693520000000000       9.303964700611796E-003
  0.693600000000000       9.304203779043514E-003
  0.693680000000000       9.304442865021197E-003
  0.693760000000000       9.304681958189572E-003
  0.693840000000000       9.304921058946543E-003
  0.693920000000000       9.305160166808941E-003
  0.694000000000000       9.305399282458889E-003
  0.694080000000000       9.305638405441637E-003
  0.694160000000000       9.305877535757186E-003
  0.694240000000000       9.306116673306060E-003
  0.694320000000000       9.306355818628272E-003
  0.694400000000000       9.306594971212230E-003
  0.694480000000000       9.306834131128990E-003
  0.694560000000000       9.307073298506448E-003
  0.694640000000000       9.307312473273550E-003
  0.694720000000000       9.307551655302400E-003
  0.694800000000000       9.307790844877213E-003
  0.694880000000000       9.308030041642719E-003
  0.694960000000000       9.308269245698393E-003
  0.695040000000000       9.308508457513194E-003
  0.695120000000000       9.308747676504477E-003
  0.695200000000000       9.308986902970669E-003
  0.695280000000000       9.309226136698608E-003
  0.695360000000000       9.309465377929878E-003
  0.695440000000000       9.309704626465527E-003
  0.695520000000000       9.309943882504508E-003
  0.695600000000000       9.310183145620494E-003
  0.695680000000000       9.310422416069282E-003
  0.695760000000000       9.310661694291407E-003
  0.695840000000000       9.310900979462640E-003
  0.695920000000000       9.311140272265102E-003
  0.696000000000000       9.311379572300889E-003
  0.696080000000000       9.311618879669477E-003
  0.696160000000000       9.311858194484553E-003
  0.696240000000000       9.312097516348213E-003
  0.696320000000000       9.312336845899945E-003
  0.696400000000000       9.312576182869743E-003
  0.696480000000000       9.312815526717595E-003
  0.696560000000000       9.313054878281941E-003
  0.696640000000000       9.313294237108034E-003
  0.696720000000000       9.313533603181663E-003
  0.696800000000000       9.313772976872310E-003
  0.696880000000000       9.314012357355746E-003
  0.696960000000000       9.314251745569886E-003
  0.697040000000000       9.314491141031563E-003
  0.697120000000000       9.314730543669721E-003
  0.697200000000000       9.314969953825421E-003
  0.697280000000000       9.315209371399187E-003
  0.697360000000000       9.315448795978905E-003
  0.697440000000000       9.315688228061954E-003
  0.697520000000000       9.315927667435171E-003
  0.697600000000000       9.316167114084346E-003
  0.697680000000000       9.316406567952636E-003
  0.697760000000000       9.316646029096882E-003
  0.697840000000000       9.316885497843937E-003
  0.697920000000000       9.317124973497466E-003
  0.698000000000000       9.317364456924333E-003
  0.698080000000000       9.317603947200832E-003
  0.698160000000000       9.317843445023295E-003
  0.698240000000000       9.318082950036451E-003
  0.698320000000000       9.318322462552937E-003
  0.698400000000000       9.318561981975899E-003
  0.698480000000000       9.318801508816928E-003
  0.698560000000000       9.319041043232341E-003
  0.698640000000000       9.319280584639496E-003
  0.698720000000000       9.319520133422084E-003
  0.698800000000000       9.319759689310099E-003
  0.698880000000000       9.319999252616180E-003
  0.698960000000000       9.320238823382961E-003
  0.699040000000000       9.320478401084638E-003
  0.699120000000000       9.320717986360701E-003
  0.699200000000000       9.320957578600082E-003
  0.699280000000000       9.321197178015946E-003
  0.699360000000000       9.321436785077249E-003
  0.699440000000000       9.321676399187136E-003
  0.699520000000000       9.321916020516137E-003
  0.699600000000000       9.322155649362680E-003
  0.699680000000000       9.322395285300440E-003
  0.699760000000000       9.322634928272573E-003
  0.699840000000000       9.322874578705405E-003
  0.699920000000000       9.323114236357351E-003
  0.700000000000000       9.323353901441574E-003
  0.700080000000000       9.323593573446483E-003
  0.700160000000000       9.323833252826826E-003
  0.700240000000000       9.324072939355228E-003
  0.700320000000000       9.324312633301697E-003
  0.700400000000000       9.324552334509913E-003
  0.700480000000000       9.324792042539339E-003
  0.700560000000000       9.325031758214204E-003
  0.700640000000000       9.325271480994497E-003
  0.700720000000000       9.325511210752320E-003
  0.700800000000000       9.325750947999263E-003
  0.700880000000000       9.325990692422688E-003
  0.700960000000000       9.326230444008383E-003
  0.701040000000000       9.326470202884247E-003
  0.701120000000000       9.326709968822906E-003
  0.701200000000000       9.326949742065944E-003
  0.701280000000000       9.327189522485464E-003
  0.701360000000000       9.327429310337261E-003
  0.701440000000000       9.327669105209220E-003
  0.701520000000000       9.327908907215028E-003
  0.701600000000000       9.328148716198366E-003
  0.701680000000000       9.328388532841354E-003
  0.701760000000000       9.328628356561348E-003
  0.701840000000000       9.328868187415192E-003
  0.701920000000000       9.329108025402884E-003
  0.702000000000000       9.329347870396527E-003
  0.702080000000000       9.329587722921924E-003
  0.702160000000000       9.329827582410639E-003
  0.702240000000000       9.330067449317421E-003
  0.702320000000000       9.330307323088045E-003
  0.702400000000000       9.330547204347790E-003
  0.702480000000000       9.330787092514010E-003
  0.702560000000000       9.331026988013032E-003
  0.702640000000000       9.331266890560637E-003
  0.702720000000000       9.331506800441043E-003
  0.702800000000000       9.331746717327401E-003
  0.702880000000000       9.331986641461294E-003
  0.702960000000000       9.332226572601139E-003
  0.703040000000000       9.332466510988520E-003
  0.703120000000000       9.332706456566593E-003
  0.703200000000000       9.332946409420624E-003
  0.703280000000000       9.333186369124287E-003
  0.703360000000000       9.333426336146540E-003
  0.703440000000000       9.333666310302642E-003
  0.703520000000000       9.333906291763124E-003
  0.703600000000000       9.334146280101659E-003
  0.703680000000000       9.334386275574043E-003
  0.703760000000000       9.334626278308174E-003
  0.703840000000000       9.334866288332473E-003
  0.703920000000000       9.335106305234826E-003
  0.704000000000000       9.335346329242607E-003
  0.704080000000000       9.335586360540556E-003
  0.704160000000000       9.335826398887088E-003
  0.704240000000000       9.336066444211151E-003
  0.704320000000000       9.336306496924858E-003
  0.704400000000000       9.336546556857679E-003
  0.704480000000000       9.336786623526445E-003
  0.704560000000000       9.337026697456959E-003
  0.704640000000000       9.337266778421845E-003
  0.704720000000000       9.337506866477947E-003
  0.704800000000000       9.337746961767375E-003
  0.704880000000000       9.337987064176441E-003
  0.704960000000000       9.338227173804621E-003
  0.705040000000000       9.338467290282433E-003
  0.705120000000000       9.338707414078835E-003
  0.705200000000000       9.338947544724870E-003
  0.705280000000000       9.339187682618440E-003
  0.705360000000000       9.339427827617437E-003
  0.705440000000000       9.339667979679230E-003
  0.705520000000000       9.339908138562232E-003
  0.705600000000000       9.340148304706981E-003
  0.705680000000000       9.340388478156110E-003
  0.705760000000000       9.340628658511714E-003
  0.705840000000000       9.340868846114854E-003
  0.705920000000000       9.341109040652891E-003
  0.706000000000000       9.341349242154247E-003
  0.706080000000000       9.341589450661554E-003
  0.706160000000000       9.341829666416397E-003
  0.706240000000000       9.342069889148770E-003
  0.706320000000000       9.342310119185522E-003
  0.706400000000000       9.342550355858743E-003
  0.706480000000000       9.342790600035296E-003
  0.706560000000000       9.343030851232011E-003
  0.706640000000000       9.343271109036773E-003
  0.706720000000000       9.343511374273812E-003
  0.706800000000000       9.343751646459959E-003
  0.706880000000000       9.343991925623636E-003
  0.706960000000000       9.344232211906951E-003
  0.707040000000000       9.344472505295694E-003
  0.707120000000000       9.344712805661966E-003
  0.707200000000000       9.344953112906292E-003
  0.707280000000000       9.345193427483418E-003
  0.707360000000000       9.345433748810701E-003
  0.707440000000000       9.345674077286044E-003
  0.707520000000000       9.345914412881025E-003
  0.707600000000000       9.346154755140897E-003
  0.707680000000000       9.346395104975154E-003
  0.707760000000000       9.346635461502724E-003
  0.707840000000000       9.346875825178354E-003
  0.707920000000000       9.347116195760459E-003
  0.708000000000000       9.347356573277461E-003
  0.708080000000000       9.347596957970945E-003
  0.708160000000000       9.347837349570905E-003
  0.708240000000000       9.348077748475243E-003
  0.708320000000000       9.348318153902364E-003
  0.708400000000000       9.348558566648076E-003
  0.708480000000000       9.348798986456582E-003
  0.708560000000000       9.349039412944189E-003
  0.708640000000000       9.349279846636700E-003
  0.708720000000000       9.349520287349374E-003
  0.708800000000000       9.349760734968522E-003
  0.708880000000000       9.350001189636255E-003
  0.708960000000000       9.350241651253095E-003
  0.709040000000000       9.350482119932731E-003
  0.709120000000000       9.350722595376733E-003
  0.709200000000000       9.350963078025638E-003
  0.709280000000000       9.351203567467332E-003
  0.709360000000000       9.351444064170773E-003
  0.709440000000000       9.351684567624370E-003
  0.709520000000000       9.351925078098129E-003
  0.709600000000000       9.352165595577840E-003
  0.709680000000000       9.352406119935604E-003
  0.709760000000000       9.352646651199843E-003
  0.709840000000000       9.352887189740040E-003
  0.709920000000000       9.353127735058815E-003
  0.710000000000000       9.353368287369331E-003
  0.710080000000000       9.353608846486845E-003
  0.710160000000000       9.353849412539257E-003
  0.710240000000000       9.354089985824994E-003
  0.710320000000000       9.354330565960363E-003
  0.710400000000000       9.354571152774833E-003
  0.710480000000000       9.354811746609466E-003
  0.710560000000000       9.355052347606370E-003
  0.710640000000000       9.355292955339219E-003
  0.710720000000000       9.355533570177495E-003
  0.710800000000000       9.355774192021722E-003
  0.710880000000000       9.356014820630316E-003
  0.710960000000000       9.356255456273284E-003
  0.711040000000000       9.356496098652196E-003
  0.711120000000000       9.356736748108115E-003
  0.711200000000000       9.356977404129448E-003
  0.711280000000000       9.357218067696745E-003
  0.711360000000000       9.357458737630504E-003
  0.711440000000000       9.357699414911276E-003
  0.711520000000000       9.357940098885360E-003
  0.711600000000000       9.358180789609601E-003
  0.711680000000000       9.358421487552955E-003
  0.711760000000000       9.358662192331731E-003
  0.711840000000000       9.358902903974349E-003
  0.711920000000000       9.359143622495021E-003
  0.712000000000000       9.359384347936379E-003
  0.712080000000000       9.359625080326846E-003
  0.712160000000000       9.359865819666420E-003
  0.712240000000000       9.360106565585620E-003
  0.712320000000000       9.360347318425506E-003
  0.712400000000000       9.360588078498717E-003
  0.712480000000000       9.360828845123133E-003
  0.712560000000000       9.361069618980873E-003
  0.712640000000000       9.361310399475083E-003
  0.712720000000000       9.361551186904189E-003
  0.712800000000000       9.361791981168717E-003
  0.712880000000000       9.362032782368142E-003
  0.712960000000000       9.362273590346144E-003
  0.713040000000000       9.362514405173779E-003
  0.713120000000000       9.362755227106841E-003
  0.713200000000000       9.362996055448998E-003
  0.713280000000000       9.363236891294487E-003
  0.713360000000000       9.363477733449595E-003
  0.713440000000000       9.363718582681708E-003
  0.713520000000000       9.363959438877141E-003
  0.713600000000000       9.364200301936416E-003
  0.713680000000000       9.364441171745848E-003
  0.713760000000000       9.364682048291224E-003
  0.713840000000000       9.364922931558335E-003
  0.713920000000000       9.365163821959295E-003
  0.714000000000000       9.365404719195676E-003
  0.714080000000000       9.365645623196424E-003
  0.714160000000000       9.365886534103647E-003
  0.714240000000000       9.366127451448387E-003
  0.714320000000000       9.366368376182772E-003
  0.714400000000000       9.366609307340464E-003
  0.714480000000000       9.366850245504106E-003
  0.714560000000000       9.367091190716333E-003
  0.714640000000000       9.367332142422920E-003
  0.714720000000000       9.367573101135458E-003
  0.714800000000000       9.367814066541309E-003
  0.714880000000000       9.368055038697316E-003
  0.714960000000000       9.368296017674534E-003
  0.715040000000000       9.368537003686124E-003
  0.715120000000000       9.368777996405238E-003
  0.715200000000000       9.369018996045038E-003
  0.715280000000000       9.369260002164988E-003
  0.715360000000000       9.369501015234045E-003
  0.715440000000000       9.369742035394320E-003
  0.715520000000000       9.369983061963690E-003
  0.715600000000000       9.370224095311637E-003
  0.715680000000000       9.370465135921331E-003
  0.715760000000000       9.370706182897488E-003
  0.715840000000000       9.370947236765910E-003
  0.715920000000000       9.371188297427120E-003
  0.716000000000000       9.371429364781643E-003
  0.716080000000000       9.371670438928954E-003
  0.716160000000000       9.371911520124850E-003
  0.716240000000000       9.372152607516678E-003
  0.716320000000000       9.372393702454469E-003
  0.716400000000000       9.372634803673459E-003
  0.716480000000000       9.372875911671026E-003
  0.716560000000000       9.373117026532436E-003
  0.716640000000000       9.373358148243478E-003
  0.716720000000000       9.373599276718887E-003
  0.716800000000000       9.373840411532337E-003
  0.716880000000000       9.374081553621745E-003
  0.716960000000000       9.374322702233935E-003
  0.717040000000000       9.374563857653125E-003
  0.717120000000000       9.374805019794048E-003
  0.717200000000000       9.375046188642495E-003
  0.717280000000000       9.375287364354785E-003
  0.717360000000000       9.375528546817231E-003
  0.717440000000000       9.375769735916147E-003
  0.717520000000000       9.376010931850483E-003
  0.717600000000000       9.376252134421288E-003
  0.717680000000000       9.376493343813304E-003
  0.717760000000000       9.376734559827578E-003
  0.717840000000000       9.376975782705695E-003
  0.717920000000000       9.377217012135015E-003
  0.718000000000000       9.377458248357125E-003
  0.718080000000000       9.377699491244125E-003
  0.718160000000000       9.377940740909703E-003
  0.718240000000000       9.378181997453335E-003
  0.718320000000000       9.378423260519748E-003
  0.718400000000000       9.378664530450005E-003
  0.718480000000000       9.378905807045153E-003
  0.718560000000000       9.379147090319402E-003
  0.718640000000000       9.379388380102223E-003
  0.718720000000000       9.379629676933628E-003
  0.718800000000000       9.379870980131495E-003
  0.718880000000000       9.380112290065308E-003
  0.718960000000000       9.380353607076126E-003
  0.719040000000000       9.380594930410775E-003
  0.719120000000000       9.380836260666110E-003
  0.719200000000000       9.381077597415806E-003
  0.719280000000000       9.381318941071977E-003
  0.719360000000000       9.381560291165665E-003
  0.719440000000000       9.381801648236883E-003
  0.719520000000000       9.382043011788251E-003
  0.719600000000000       9.382284382132407E-003
  0.719680000000000       9.382525758828815E-003
  0.719760000000000       9.382767142559596E-003
  0.719840000000000       9.383008532642630E-003
  0.719920000000000       9.383249929575295E-003
  0.720000000000000       9.383491333314960E-003
  0.720080000000000       9.383732743605828E-003
  0.720160000000000       9.383974160547377E-003
  0.720240000000000       9.384215584096973E-003
  0.720320000000000       9.384457014467780E-003
  0.720400000000000       9.384698451361369E-003
  0.720480000000000       9.384939894834583E-003
  0.720560000000000       9.385181344844791E-003
  0.720640000000000       9.385422801661998E-003
  0.720720000000000       9.385664265257783E-003
  0.720800000000000       9.385905735376350E-003
  0.720880000000000       9.386147212145597E-003
  0.720960000000000       9.386388695579735E-003
  0.721040000000000       9.386630185636131E-003
  0.721120000000000       9.386871682272153E-003
  0.721200000000000       9.387113185573066E-003
  0.721280000000000       9.387354695496238E-003
  0.721360000000000       9.387596212098510E-003
  0.721440000000000       9.387837735323042E-003
  0.721520000000000       9.388079265027723E-003
  0.721600000000000       9.388320801567825E-003
  0.721680000000000       9.388562344715974E-003
  0.721760000000000       9.388803894131111E-003
  0.721840000000000       9.389045450353246E-003
  0.721920000000000       9.389287013339749E-003
  0.722000000000000       9.389528582692715E-003
  0.722080000000000       9.389770158852680E-003
  0.722160000000000       9.390011741435951E-003
  0.722240000000000       9.390253330826222E-003
  0.722320000000000       9.390494926881383E-003
  0.722400000000000       9.390736529175110E-003
  0.722480000000000       9.390978138361102E-003
  0.722560000000000       9.391219754013032E-003
  0.722640000000000       9.391461376329853E-003
  0.722720000000000       9.391703005155246E-003
  0.722800000000000       9.391944640546053E-003
  0.722880000000000       9.392186282516486E-003
  0.722960000000000       9.392427930952858E-003
  0.723040000000000       9.392669586196230E-003
  0.723120000000000       9.392911248090281E-003
  0.723200000000000       9.393152916322374E-003
  0.723280000000000       9.393394591176725E-003
  0.723360000000000       9.393636272497015E-003
  0.723440000000000       9.393877960595882E-003
  0.723520000000000       9.394119655189111E-003
  0.723600000000000       9.394361356262489E-003
  0.723680000000000       9.394603063844438E-003
  0.723760000000000       9.394844778020224E-003
  0.723840000000000       9.395086498761425E-003
  0.723920000000000       9.395328226224360E-003
  0.724000000000000       9.395569959883228E-003
  0.724080000000000       9.395811700505415E-003
  0.724160000000000       9.396053447636173E-003
  0.724240000000000       9.396295200920231E-003
  0.724320000000000       9.396536961167608E-003
  0.724400000000000       9.396778727696183E-003
  0.724480000000000       9.397020500761750E-003
  0.724560000000000       9.397262280279046E-003
  0.724640000000000       9.397504066631764E-003
  0.724720000000000       9.397745859208835E-003
  0.724800000000000       9.397987658592906E-003
  0.724880000000000       9.398229464215542E-003
  0.724960000000000       9.398471276389382E-003
  0.725040000000000       9.398713095213902E-003
  0.725120000000000       9.398954920262777E-003
  0.725200000000000       9.399196752388657E-003
  0.725280000000000       9.399438590696259E-003
  0.725360000000000       9.399680435569276E-003
  0.725440000000000       9.399922286794545E-003
  0.725520000000000       9.400164144499963E-003
  0.725600000000000       9.400406009040803E-003
  0.725680000000000       9.400647879749154E-003
  0.725760000000000       9.400889757008708E-003
  0.725840000000000       9.401131640776834E-003
  0.725920000000000       9.401373531167219E-003
  0.726000000000000       9.401615428208283E-003
  0.726080000000000       9.401857331217907E-003
  0.726160000000000       9.402099241091373E-003
  0.726240000000000       9.402341157416567E-003
  0.726320000000000       9.402583080022960E-003
  0.726400000000000       9.402825009223188E-003
  0.726480000000000       9.403066944846723E-003
  0.726560000000000       9.403308886921986E-003
  0.726640000000000       9.403550835761616E-003
  0.726720000000000       9.403792790683492E-003
  0.726800000000000       9.404034752128150E-003
  0.726880000000000       9.404276720166645E-003
  0.726960000000000       9.404518694756343E-003
  0.727040000000000       9.404760675527764E-003
  0.727120000000000       9.405002663006708E-003
  0.727200000000000       9.405244656809482E-003
  0.727280000000000       9.405486657135038E-003
  0.727360000000000       9.405728663798636E-003
  0.727440000000000       9.405970676899751E-003
  0.727520000000000       9.406212696523648E-003
  0.727600000000000       9.406454722613485E-003
  0.727680000000000       9.406696754899253E-003
  0.727760000000000       9.406938793920967E-003
  0.727840000000000       9.407180839323355E-003
  0.727920000000000       9.407422891319579E-003
  0.728000000000000       9.407664949312784E-003
  0.728080000000000       9.407907013928248E-003
  0.728160000000000       9.408149085123337E-003
  0.728240000000000       9.408391162798575E-003
  0.728320000000000       9.408633246314475E-003
  0.728400000000000       9.408875336694218E-003
  0.728480000000000       9.409117433454635E-003
  0.728560000000000       9.409359536723623E-003
  0.728640000000000       9.409601646131700E-003
  0.728720000000000       9.409843762133614E-003
  0.728800000000000       9.410085884530413E-003
  0.728880000000000       9.410328013137355E-003
  0.728960000000000       9.410570148167603E-003
  0.729040000000000       9.410812290047484E-003
  0.729120000000000       9.411054437824869E-003
  0.729200000000000       9.411296592380831E-003
  0.729280000000000       9.411538753061673E-003
  0.729360000000000       9.411780919938446E-003
  0.729440000000000       9.412023093593798E-003
  0.729520000000000       9.412265273658245E-003
  0.729600000000000       9.412507459875992E-003
  0.729680000000000       9.412749652488624E-003
  0.729760000000000       9.412991851496140E-003
  0.729840000000000       9.413234056827487E-003
  0.729920000000000       9.413476268553718E-003
  0.730000000000000       9.413718486831153E-003
  0.730080000000000       9.413960711176624E-003
  0.730160000000000       9.414202941973822E-003
  0.730240000000000       9.414445179194326E-003
  0.730320000000000       9.414687422838137E-003
  0.730400000000000       9.414929672805779E-003
  0.730480000000000       9.415171929154094E-003
  0.730560000000000       9.415414191740974E-003
  0.730640000000000       9.415656460808004E-003
  0.730720000000000       9.415898735999913E-003
  0.730800000000000       9.416141017799869E-003
  0.730880000000000       9.416383305767335E-003
  0.730960000000000       9.416625600257585E-003
  0.731040000000000       9.416867900773236E-003
  0.731120000000000       9.417110207811670E-003
  0.731200000000000       9.417352521316043E-003
  0.731280000000000       9.417594840973716E-003
  0.731360000000000       9.417837167012062E-003
  0.731440000000000       9.418079499146866E-003
  0.731520000000000       9.418321837903927E-003
  0.731600000000000       9.418564182927976E-003
  0.731680000000000       9.418806534361120E-003
  0.731760000000000       9.419048891848088E-003
  0.731840000000000       9.419291255843627E-003
  0.731920000000000       9.419533626248262E-003
  0.732000000000000       9.419776002564613E-003
  0.732080000000000       9.420018385361113E-003
  0.732160000000000       9.420260774580920E-003
  0.732240000000000       9.420503170152979E-003
  0.732320000000000       9.420745571849916E-003
  0.732400000000000       9.420987979799629E-003
  0.732480000000000       9.421230394300546E-003
  0.732560000000000       9.421472814997396E-003
  0.732640000000000       9.421715241648594E-003
  0.732720000000000       9.421957674978894E-003
  0.732800000000000       9.422200114277753E-003
  0.732880000000000       9.422442560483087E-003
  0.732960000000000       9.422685012244865E-003
  0.733040000000000       9.422927470870486E-003
  0.733120000000000       9.423169935208871E-003
  0.733200000000000       9.423412406197935E-003
  0.733280000000000       9.423654883255035E-003
  0.733360000000000       9.423897366905971E-003
  0.733440000000000       9.424139856340726E-003
  0.733520000000000       9.424382352340895E-003
  0.733600000000000       9.424624854536996E-003
  0.733680000000000       9.424867362900609E-003
  0.733760000000000       9.425109877730160E-003
  0.733840000000000       9.425352398528271E-003
  0.733920000000000       9.425594925834953E-003
  0.734000000000000       9.425837459351778E-003
  0.734080000000000       9.426079999121380E-003
  0.734160000000000       9.426322544944805E-003
  0.734240000000000       9.426565097262592E-003
  0.734320000000000       9.426807655506304E-003
  0.734400000000000       9.427050220102269E-003
  0.734480000000000       9.427292791107329E-003
  0.734560000000000       9.427535368052527E-003
  0.734640000000000       9.427777951676826E-003
  0.734720000000000       9.428020541113365E-003
  0.734800000000000       9.428263136987421E-003
  0.734880000000000       9.428505738858457E-003
  0.734960000000000       9.428748347081746E-003
  0.735040000000000       9.428990961728341E-003
  0.735120000000000       9.429233582329284E-003
  0.735200000000000       9.429476209282479E-003
  0.735280000000000       9.429718842118968E-003
  0.735360000000000       9.429961481734035E-003
  0.735440000000000       9.430204127076076E-003
  0.735520000000000       9.430446778813002E-003
  0.735600000000000       9.430689436632174E-003
  0.735680000000000       9.430932100803598E-003
  0.735760000000000       9.431174770943580E-003
  0.735840000000000       9.431417447421604E-003
  0.735920000000000       9.431660130081350E-003
  0.736000000000000       9.431902818993872E-003
  0.736080000000000       9.432145514017061E-003
  0.736160000000000       9.432388215193550E-003
  0.736240000000000       9.432630922537551E-003
  0.736320000000000       9.432873636248014E-003
  0.736400000000000       9.433116355742295E-003
  0.736480000000000       9.433359081887256E-003
  0.736560000000000       9.433601813872879E-003
  0.736640000000000       9.433844552395494E-003
  0.736720000000000       9.434087296616663E-003
  0.736800000000000       9.434330047005342E-003
  0.736880000000000       9.434572803817327E-003
  0.736960000000000       9.434815566725770E-003
  0.737040000000000       9.435058335943831E-003
  0.737120000000000       9.435301111116241E-003
  0.737200000000000       9.435543892214578E-003
  0.737280000000000       9.435786679764642E-003
  0.737360000000000       9.436029473382741E-003
  0.737440000000000       9.436272273338882E-003
  0.737520000000000       9.436515079093051E-003
  0.737600000000000       9.436757891341581E-003
  0.737680000000000       9.437000709459194E-003
  0.737760000000000       9.437243533730107E-003
  0.737840000000000       9.437486364154320E-003
  0.737920000000000       9.437729200802887E-003
  0.738000000000000       9.437972043547911E-003
  0.738080000000000       9.438214892432024E-003
  0.738160000000000       9.438457747114166E-003
  0.738240000000000       9.438700608603308E-003
  0.738320000000000       9.438943475620472E-003
  0.738400000000000       9.439186348918834E-003
  0.738480000000000       9.439429228327863E-003
  0.738560000000000       9.439672113790716E-003
  0.738640000000000       9.439915005449502E-003
  0.738720000000000       9.440157902977371E-003
  0.738800000000000       9.440400806956968E-003
  0.738880000000000       9.440643716862492E-003
  0.738960000000000       9.440886633020791E-003
  0.739040000000000       9.441129554991330E-003
  0.739120000000000       9.441372483257278E-003
  0.739200000000000       9.441615417392309E-003
  0.739280000000000       9.441858357879591E-003
  0.739360000000000       9.442101304463331E-003
  0.739440000000000       9.442344256972997E-003
  0.739520000000000       9.442587215834915E-003
  0.739600000000000       9.442830180253277E-003
  0.739680000000000       9.443073151038102E-003
  0.739760000000000       9.443316127919384E-003
  0.739840000000000       9.443559110826068E-003
  0.739920000000000       9.443802099814998E-003
