  0.660000000000000       5.324076219408067E-003
  0.660080000000000       5.324110715709438E-003
  0.660160000000000       5.324145260007082E-003
  0.660240000000000       5.324179852213070E-003
  0.660320000000000       5.324214491979015E-003
  0.660400000000000       5.324249180070747E-003
  0.660480000000000       5.324283915722879E-003
  0.660560000000000       5.324318699135252E-003
  0.660640000000000       5.324353530948019E-003
  0.660720000000000       5.324388410139332E-003
  0.660800000000000       5.324423337475909E-003
  0.660880000000000       5.324458312633345E-003
  0.660960000000000       5.324493335498620E-003
  0.661040000000000       5.324528406474077E-003
  0.661120000000000       5.324563525008159E-003
  0.661200000000000       5.324598691706823E-003
  0.661280000000000       5.324633906273641E-003
  0.661360000000000       5.324669168407076E-003
  0.661440000000000       5.324704478873404E-003
  0.661520000000000       5.324739836872377E-003
  0.661600000000000       5.324775242750384E-003
  0.661680000000000       5.324810696637100E-003
  0.661760000000000       5.324846198451033E-003
  0.661840000000000       5.324881747851789E-003
  0.661920000000000       5.324917345394036E-003
  0.662000000000000       5.324952990542867E-003
  0.662080000000000       5.324988683724611E-003
  0.662160000000000       5.325024424911509E-003
  0.662240000000000       5.325060213876635E-003
  0.662320000000000       5.325096050695702E-003
  0.662400000000000       5.325131935322083E-003
  0.662480000000000       5.325167867942961E-003
  0.662560000000000       5.325203848108475E-003
  0.662640000000000       5.325239876476763E-003
  0.662720000000000       5.325275952627941E-003
  0.662800000000000       5.325312076676360E-003
  0.662880000000000       5.325348248461705E-003
  0.662960000000000       5.325384468310825E-003
  0.663040000000000       5.325420735829147E-003
  0.663120000000000       5.325457051508277E-003
  0.663200000000000       5.325493414763129E-003
  0.663280000000000       5.325529825976728E-003
  0.663360000000000       5.325566285038497E-003
  0.663440000000000       5.325602791945551E-003
  0.663520000000000       5.325639346776491E-003
  0.663600000000000       5.325675949472698E-003
  0.663680000000000       5.325712600091236E-003
  0.663760000000000       5.325749298617010E-003
  0.663840000000000       5.325786044741820E-003
  0.663920000000000       5.325822838912641E-003
  0.664000000000000       5.325859681029776E-003
  0.664080000000000       5.325896570884946E-003
  0.664160000000000       5.325933508557422E-003
  0.664240000000000       5.325970494282128E-003
  0.664320000000000       5.326007527775955E-003
  0.664400000000000       5.326044609144375E-003
  0.664480000000000       5.326081738257048E-003
  0.664560000000000       5.326118915317811E-003
  0.664640000000000       5.326156140315562E-003
  0.664720000000000       5.326193413111300E-003
  0.664800000000000       5.326230733804724E-003
  0.664880000000000       5.326268102266826E-003
  0.664960000000000       5.326305518914162E-003
  0.665040000000000       5.326342983093032E-003
  0.665120000000000       5.326380495189351E-003
  0.665200000000000       5.326418055235090E-003
  0.665280000000000       5.326455663108128E-003
  0.665360000000000       5.326493318861977E-003
  0.665440000000000       5.326531022275701E-003
  0.665520000000000       5.326568773797610E-003
  0.665600000000000       5.326606573145039E-003
  0.665680000000000       5.326644420301337E-003
  0.665760000000000       5.326682315202998E-003
  0.665840000000000       5.326720258239490E-003
  0.665920000000000       5.326758248933414E-003
  0.666000000000000       5.326796287515474E-003
  0.666080000000000       5.326834374063834E-003
  0.666160000000000       5.326872508354448E-003
  0.666240000000000       5.326910690671312E-003
  0.666320000000000       5.326948920697567E-003
  0.666400000000000       5.326987198486284E-003
  0.666480000000000       5.327025524205548E-003
  0.666560000000000       5.327063897868683E-003
  0.666640000000000       5.327102319588266E-003
  0.666720000000000       5.327140788798305E-003
  0.666800000000000       5.327179306134959E-003
  0.666880000000000       5.327217871102845E-003
  0.666960000000000       5.327256484026148E-003
  0.667040000000000       5.327295145012561E-003
  0.667120000000000       5.327333853466781E-003
  0.667200000000000       5.327372610078478E-003
  0.667280000000000       5.327411414400011E-003
  0.667360000000000       5.327450266756233E-003
  0.667440000000000       5.327489166860037E-003
  0.667520000000000       5.327528114656580E-003
  0.667600000000000       5.327567110479595E-003
  0.667680000000000       5.327606154070622E-003
  0.667760000000000       5.327645245682792E-003
  0.667840000000000       5.327684385043211E-003
  0.667920000000000       5.327723572334845E-003
  0.668000000000000       5.327762807453998E-003
  0.668080000000000       5.327802090206604E-003
  0.668160000000000       5.327841421172421E-003
  0.668240000000000       5.327880799842744E-003
  0.668320000000000       5.327920226162066E-003
  0.668400000000000       5.327959700481434E-003
  0.668480000000000       5.327999222634317E-003
  0.668560000000000       5.328038792892276E-003
  0.668640000000000       5.328078410737725E-003
  0.668720000000000       5.328118076580114E-003
  0.668800000000000       5.328157790222710E-003
  0.668880000000000       5.328197551719915E-003
  0.668960000000000       5.328237361059074E-003
  0.669040000000000       5.328277218227306E-003
  0.669120000000000       5.328317123314541E-003
  0.669200000000000       5.328357076061429E-003
  0.669280000000000       5.328397076981339E-003
  0.669360000000000       5.328437125395480E-003
  0.669440000000000       5.328477222059913E-003
  0.669520000000000       5.328517366207475E-003
  0.669600000000000       5.328557558305347E-003
  0.669680000000000       5.328597798334655E-003
  0.669760000000000       5.328638086230341E-003
  0.669840000000000       5.328678421970422E-003
  0.669920000000000       5.328718805555787E-003
  0.670000000000000       5.328759236914936E-003
  0.670080000000000       5.328799716088061E-003
  0.670160000000000       5.328840243128894E-003
  0.670240000000000       5.328880818139579E-003
  0.670320000000000       5.328921440893628E-003
  0.670400000000000       5.328962111621080E-003
  0.670480000000000       5.329002830158289E-003
  0.670560000000000       5.329043596457292E-003
  0.670640000000000       5.329084410788762E-003
  0.670720000000000       5.329125272754351E-003
  0.670800000000000       5.329166182611630E-003
  0.670880000000000       5.329207140351054E-003
  0.670960000000000       5.329248145943752E-003
  0.671040000000000       5.329289199340212E-003
  0.671120000000000       5.329330300573518E-003
  0.671200000000000       5.329371449707174E-003
  0.671280000000000       5.329412646708095E-003
  0.671360000000000       5.329453891357345E-003
  0.671440000000000       5.329495184177397E-003
  0.671520000000000       5.329536524703511E-003
  0.671600000000000       5.329577913089118E-003
  0.671680000000000       5.329619349335108E-003
  0.671760000000000       5.329660833306700E-003
  0.671840000000000       5.329702365309648E-003
  0.671920000000000       5.329743944835469E-003
  0.672000000000000       5.329785572441276E-003
  0.672080000000000       5.329827247774682E-003
  0.672160000000000       5.329868971183187E-003
  0.672240000000000       5.329910742349492E-003
  0.672320000000000       5.329952561193434E-003
  0.672400000000000       5.329994428123357E-003
  0.672480000000000       5.330036342685401E-003
  0.672560000000000       5.330078305154900E-003
  0.672640000000000       5.330120315491443E-003
  0.672720000000000       5.330162373473873E-003
  0.672800000000000       5.330204479512084E-003
  0.672880000000000       5.330246633387586E-003
  0.672960000000000       5.330288835156331E-003
  0.673040000000000       5.330331084509457E-003
  0.673120000000000       5.330373382026280E-003
  0.673200000000000       5.330415727164564E-003
  0.673280000000000       5.330458120244500E-003
  0.673360000000000       5.330500561077570E-003
  0.673440000000000       5.330543049939998E-003
  0.673520000000000       5.330585586386808E-003
  0.673600000000000       5.330628170725085E-003
  0.673680000000000       5.330670803042761E-003
  0.673760000000000       5.330713483018537E-003
  0.673840000000000       5.330756210890666E-003
  0.673920000000000       5.330798986827015E-003
  0.674000000000000       5.330841810261147E-003
  0.674080000000000       5.330884681651362E-003
  0.674160000000000       5.330927600895298E-003
  0.674240000000000       5.330970567962535E-003
  0.674320000000000       5.331013582869727E-003
  0.674400000000000       5.331056645683264E-003
  0.674480000000000       5.331099756251047E-003
  0.674560000000000       5.331142914696975E-003
  0.674640000000000       5.331186120973309E-003
  0.674720000000000       5.331229375224378E-003
  0.674800000000000       5.331272677104459E-003
  0.674880000000000       5.331316026728794E-003
  0.674960000000000       5.331359424508164E-003
  0.675040000000000       5.331402869764667E-003
  0.675120000000000       5.331446363143343E-003
  0.675200000000000       5.331489904198326E-003
  0.675280000000000       5.331533493021988E-003
  0.675360000000000       5.331577130013342E-003
  0.675440000000000       5.331620814442971E-003
  0.675520000000000       5.331664546915725E-003
  0.675600000000000       5.331708327105421E-003
  0.675680000000000       5.331752155291168E-003
  0.675760000000000       5.331796031095491E-003
  0.675840000000000       5.331839955000671E-003
  0.675920000000000       5.331883926375213E-003
  0.676000000000000       5.331927945952529E-003
  0.676080000000000       5.331972013120666E-003
  0.676160000000000       5.332016128181604E-003
  0.676240000000000       5.332060290991236E-003
  0.676320000000000       5.332104501765831E-003
  0.676400000000000       5.332148760283349E-003
  0.676480000000000       5.332193066663691E-003
  0.676560000000000       5.332237421016103E-003
  0.676640000000000       5.332281823042825E-003
  0.676720000000000       5.332326272817353E-003
  0.676800000000000       5.332370770609248E-003
  0.676880000000000       5.332415316011059E-003
  0.676960000000000       5.332459909418915E-003
  0.677040000000000       5.332504550533941E-003
  0.677120000000000       5.332549239436298E-003
  0.677200000000000       5.332593976459051E-003
  0.677280000000000       5.332638761095717E-003
  0.677360000000000       5.332683593413575E-003
  0.677440000000000       5.332728473709943E-003
  0.677520000000000       5.332773401865139E-003
  0.677600000000000       5.332818377886047E-003
  0.677680000000000       5.332863401479345E-003
  0.677760000000000       5.332908473175941E-003
  0.677840000000000       5.332953592392305E-003
  0.677920000000000       5.332998759684434E-003
  0.678000000000000       5.333043974902892E-003
  0.678080000000000       5.333089237658213E-003
  0.678160000000000       5.333134548310111E-003
  0.678240000000000       5.333179906905657E-003
  0.678320000000000       5.333225313217256E-003
  0.678400000000000       5.333270767411664E-003
  0.678480000000000       5.333316269297700E-003
  0.678560000000000       5.333361819170462E-003
  0.678640000000000       5.333407416787254E-003
  0.678720000000000       5.333453062184938E-003
  0.678800000000000       5.333498755539815E-003
  0.678880000000000       5.333544496647162E-003
  0.678960000000000       5.333590285454352E-003
  0.679040000000000       5.333636122100386E-003
  0.679120000000000       5.333682006633226E-003
  0.679200000000000       5.333727939047764E-003
  0.679280000000000       5.333773919140387E-003
  0.679360000000000       5.333819947076294E-003
  0.679440000000000       5.333866022888127E-003
  0.679520000000000       5.333912146588541E-003
  0.679600000000000       5.333958317879998E-003
  0.679680000000000       5.334004537206364E-003
  0.679760000000000       5.334050804233907E-003
  0.679840000000000       5.334097119080975E-003
  0.679920000000000       5.334143481731805E-003
  0.680000000000000       5.334189892268774E-003
  0.680080000000000       5.334236350511804E-003
  0.680160000000000       5.334282856612775E-003
  0.680240000000000       5.334329410634523E-003
  0.680320000000000       5.334376012361221E-003
  0.680400000000000       5.334422661941641E-003
  0.680480000000000       5.334469359240336E-003
  0.680560000000000       5.334516104433386E-003
  0.680640000000000       5.334562897577190E-003
  0.680720000000000       5.334609738262963E-003
  0.680800000000000       5.334656626717195E-003
  0.680880000000000       5.334703563281608E-003
  0.680960000000000       5.334750547483026E-003
  0.681040000000000       5.334797579516182E-003
  0.681120000000000       5.334844659209659E-003
  0.681200000000000       5.334891787038188E-003
  0.681280000000000       5.334938962322090E-003
  0.681360000000000       5.334986185715730E-003
  0.681440000000000       5.335033456858064E-003
  0.681520000000000       5.335080775747315E-003
  0.681600000000000       5.335128142526703E-003
  0.681680000000000       5.335175556932882E-003
  0.681760000000000       5.335223019108405E-003
  0.681840000000000       5.335270529394333E-003
  0.681920000000000       5.335318087251763E-003
  0.682000000000000       5.335365692869211E-003
  0.682080000000000       5.335413346543773E-003
  0.682160000000000       5.335461047914182E-003
  0.682240000000000       5.335508796985544E-003
  0.682320000000000       5.335556593908851E-003
  0.682400000000000       5.335604438660123E-003
  0.682480000000000       5.335652331180294E-003
  0.682560000000000       5.335700271360120E-003
  0.682640000000000       5.335748259561754E-003
  0.682720000000000       5.335796295682613E-003
  0.682800000000000       5.335844379268393E-003
  0.682880000000000       5.335892510809590E-003
  0.682960000000000       5.335940690285332E-003
  0.683040000000000       5.335988917376986E-003
  0.683120000000000       5.336037192498664E-003
  0.683200000000000       5.336085515211606E-003
  0.683280000000000       5.336133885730085E-003
  0.683360000000000       5.336182303984158E-003
  0.683440000000000       5.336230770288683E-003
  0.683520000000000       5.336279284095433E-003
  0.683600000000000       5.336327845832509E-003
  0.683680000000000       5.336376455539879E-003
  0.683760000000000       5.336425112675755E-003
  0.683840000000000       5.336473817956007E-003
  0.683920000000000       5.336522570717391E-003
  0.684000000000000       5.336571371559648E-003
  0.684080000000000       5.336620220115515E-003
  0.684160000000000       5.336669116430733E-003
  0.684240000000000       5.336718060552155E-003
  0.684320000000000       5.336767052381859E-003
  0.684400000000000       5.336816092165205E-003
  0.684480000000000       5.336865179706569E-003
  0.684560000000000       5.336914314987302E-003
  0.684640000000000       5.336963498032493E-003
  0.684720000000000       5.337012728921858E-003
  0.684800000000000       5.337062007662724E-003
  0.684880000000000       5.337111333995520E-003
  0.684960000000000       5.337160708351235E-003
  0.685040000000000       5.337210130389031E-003
  0.685120000000000       5.337259600162419E-003
  0.685200000000000       5.337309117823058E-003
  0.685280000000000       5.337358682990806E-003
  0.685360000000000       5.337408296398854E-003
  0.685440000000000       5.337457957387952E-003
  0.685520000000000       5.337507666143730E-003
  0.685600000000000       5.337557422755006E-003
  0.685680000000000       5.337607226977309E-003
  0.685760000000000       5.337657079385510E-003
  0.685840000000000       5.337706979138951E-003
  0.685920000000000       5.337756926850917E-003
  0.686000000000000       5.337806922383520E-003
  0.686080000000000       5.337856965685689E-003
  0.686160000000000       5.337907056819596E-003
  0.686240000000000       5.337957195583847E-003
  0.686320000000000       5.338007382311065E-003
  0.686400000000000       5.338057616691943E-003
  0.686480000000000       5.338107898820625E-003
  0.686560000000000       5.338158228934258E-003
  0.686640000000000       5.338208606521692E-003
  0.686720000000000       5.338259032119611E-003
  0.686800000000000       5.338309505466224E-003
  0.686880000000000       5.338360026702085E-003
  0.686960000000000       5.338410595674871E-003
  0.687040000000000       5.338461212174752E-003
  0.687120000000000       5.338511876678454E-003
  0.687200000000000       5.338562589025665E-003
  0.687280000000000       5.338613349123568E-003
  0.687360000000000       5.338664156731244E-003
  0.687440000000000       5.338715012333419E-003
  0.687520000000000       5.338765915674517E-003
  0.687600000000000       5.338816866790732E-003
  0.687680000000000       5.338867865875243E-003
  0.687760000000000       5.338918912531256E-003
  0.687840000000000       5.338970007033442E-003
  0.687920000000000       5.339021149403114E-003
  0.688000000000000       5.339072339326303E-003
  0.688080000000000       5.339123577230001E-003
  0.688160000000000       5.339174862779142E-003
  0.688240000000000       5.339226196065874E-003
  0.688320000000000       5.339277577166582E-003
  0.688400000000000       5.339329006087703E-003
  0.688480000000000       5.339380482794378E-003
  0.688560000000000       5.339432007182689E-003
  0.688640000000000       5.339483579508655E-003
  0.688720000000000       5.339535199510927E-003
  0.688800000000000       5.339586867252790E-003
  0.688880000000000       5.339638582662298E-003
  0.688960000000000       5.339690345940185E-003
  0.689040000000000       5.339742157066019E-003
  0.689120000000000       5.339794015943877E-003
  0.689200000000000       5.339845922651032E-003
  0.689280000000000       5.339897877158173E-003
  0.689360000000000       5.339949879195293E-003
  0.689440000000000       5.340001929065485E-003
  0.689520000000000       5.340054026872442E-003
  0.689600000000000       5.340106172164082E-003
  0.689680000000000       5.340158365385383E-003
  0.689760000000000       5.340210606569428E-003
  0.689840000000000       5.340262895303659E-003
  0.689920000000000       5.340315231767044E-003
  0.690000000000000       5.340367616057505E-003
  0.690080000000000       5.340420048160164E-003
  0.690160000000000       5.340472527910932E-003
  0.690240000000000       5.340525055617783E-003
  0.690320000000000       5.340577630881703E-003
  0.690400000000000       5.340630253961374E-003
  0.690480000000000       5.340682924934291E-003
  0.690560000000000       5.340735643524673E-003
  0.690640000000000       5.340788410052707E-003
  0.690720000000000       5.340841224142919E-003
  0.690800000000000       5.340894086014244E-003
  0.690880000000000       5.340946995761938E-003
  0.690960000000000       5.340999953168842E-003
  0.691040000000000       5.341052958546929E-003
  0.691120000000000       5.341106011486305E-003
  0.691200000000000       5.341159112111313E-003
  0.691280000000000       5.341212260623349E-003
  0.691360000000000       5.341265456988884E-003
  0.691440000000000       5.341318701028950E-003
  0.691520000000000       5.341371992680930E-003
  0.691600000000000       5.341425332201730E-003
  0.691680000000000       5.341478719275825E-003
  0.691760000000000       5.341532154609982E-003
  0.691840000000000       5.341585637252075E-003
  0.691920000000000       5.341639167799847E-003
  0.692000000000000       5.341692746134503E-003
  0.692080000000000       5.341746372234731E-003
  0.692160000000000       5.341800045994834E-003
  0.692240000000000       5.341853767482981E-003
  0.692320000000000       5.341907536894570E-003
  0.692400000000000       5.341961353933619E-003
  0.692480000000000       5.342015218783310E-003
  0.692560000000000       5.342069131301759E-003
  0.692640000000000       5.342123091649283E-003
  0.692720000000000       5.342177099740393E-003
  0.692800000000000       5.342231155568429E-003
  0.692880000000000       5.342285259058784E-003
  0.692960000000000       5.342339410375326E-003
  0.693040000000000       5.342393609546255E-003
  0.693120000000000       5.342447856479200E-003
  0.693200000000000       5.342502150839541E-003
  0.693280000000000       5.342556493362245E-003
  0.693360000000000       5.342610883258610E-003
  0.693440000000000       5.342665321053992E-003
  0.693520000000000       5.342719806510360E-003
  0.693600000000000       5.342774339776929E-003
  0.693680000000000       5.342828920806847E-003
  0.693760000000000       5.342883549830596E-003
  0.693840000000000       5.342938226320820E-003
  0.693920000000000       5.342992950438724E-003
  0.694000000000000       5.343047722615518E-003
  0.694080000000000       5.343102542436867E-003
  0.694160000000000       5.343157409759330E-003
  0.694240000000000       5.343212325023888E-003
  0.694320000000000       5.343267288003167E-003
  0.694400000000000       5.343322298676517E-003
  0.694480000000000       5.343377357263539E-003
  0.694560000000000       5.343432463460256E-003
  0.694640000000000       5.343487617348601E-003
  0.694720000000000       5.343542819038043E-003
  0.694800000000000       5.343598068620729E-003
  0.694880000000000       5.343653365756044E-003
  0.694960000000000       5.343708710521036E-003
  0.695040000000000       5.343764103133311E-003
  0.695120000000000       5.343819543486953E-003
  0.695200000000000       5.343875031679216E-003
  0.695280000000000       5.343930567389247E-003
  0.695360000000000       5.343986151173711E-003
  0.695440000000000       5.344041782443080E-003
  0.695520000000000       5.344097461423172E-003
  0.695600000000000       5.344153188231451E-003
  0.695680000000000       5.344208962773991E-003
  0.695760000000000       5.344264785065446E-003
  0.695840000000000       5.344320654964820E-003
  0.695920000000000       5.344376572616218E-003
  0.696000000000000       5.344432538082035E-003
  0.696080000000000       5.344488551216611E-003
  0.696160000000000       5.344544612168048E-003
  0.696240000000000       5.344600720872397E-003
  0.696320000000000       5.344656877245948E-003
  0.696400000000000       5.344713081335775E-003
  0.696480000000000       5.344769333059276E-003
  0.696560000000000       5.344825632700891E-003
  0.696640000000000       5.344881979904905E-003
  0.696720000000000       5.344938374913568E-003
  0.696800000000000       5.344994817615857E-003
  0.696880000000000       5.345051308106365E-003
  0.696960000000000       5.345107846261190E-003
  0.697040000000000       5.345164432287277E-003
  0.697120000000000       5.345221065861329E-003
  0.697200000000000       5.345277747238032E-003
  0.697280000000000       5.345334476300591E-003
  0.697360000000000       5.345391252989053E-003
  0.697440000000000       5.345448077603844E-003
  0.697520000000000       5.345504949752835E-003
  0.697600000000000       5.345561869957162E-003
  0.697680000000000       5.345618837534262E-003
  0.697760000000000       5.345675852896472E-003
  0.697840000000000       5.345732916049563E-003
  0.697920000000000       5.345790026920707E-003
  0.698000000000000       5.345847185488362E-003
  0.698080000000000       5.345904391732771E-003
  0.698160000000000       5.345961645763397E-003
  0.698240000000000       5.346018947445240E-003
  0.698320000000000       5.346076296950829E-003
  0.698400000000000       5.346133693982845E-003
  0.698480000000000       5.346191138904998E-003
  0.698560000000000       5.346248631561189E-003
  0.698640000000000       5.346306171747582E-003
  0.698720000000000       5.346363759830550E-003
  0.698800000000000       5.346421395553855E-003
  0.698880000000000       5.346479078974340E-003
  0.698960000000000       5.346536810166833E-003
  0.699040000000000       5.346594588964357E-003
  0.699120000000000       5.346652415514794E-003
  0.699200000000000       5.346710289859000E-003
  0.699280000000000       5.346768211917261E-003
  0.699360000000000       5.346826181570339E-003
  0.699440000000000       5.346884198852873E-003
  0.699520000000000       5.346942264158992E-003
  0.699600000000000       5.347000376934695E-003
  0.699680000000000       5.347058537380488E-003
  0.699760000000000       5.347116745706869E-003
  0.699840000000000       5.347175001658932E-003
  0.699920000000000       5.347233305280640E-003
  0.700000000000000       5.347291656661034E-003
  0.700080000000000       5.347350055727506E-003
  0.700160000000000       5.347408502496930E-003
  0.700240000000000       5.347466997055016E-003
  0.700320000000000       5.347525539244557E-003
  0.700400000000000       5.347584129208326E-003
  0.700480000000000       5.347642766694525E-003
  0.700560000000000       5.347701451926088E-003
  0.700640000000000       5.347760184955861E-003
  0.700720000000000       5.347818965669935E-003
  0.700800000000000       5.347877794147136E-003
  0.700880000000000       5.347936670144103E-003
  0.700960000000000       5.347995593915075E-003
  0.701040000000000       5.348054565493141E-003
  0.701120000000000       5.348113584697109E-003
  0.701200000000000       5.348172651476577E-003
  0.701280000000000       5.348231766199915E-003
  0.701360000000000       5.348290928557817E-003
  0.701440000000000       5.348350138424826E-003
  0.701520000000000       5.348409396216611E-003
  0.701600000000000       5.348468701492190E-003
  0.701680000000000       5.348528054622157E-003
  0.701760000000000       5.348587455400008E-003
  0.701840000000000       5.348646903804207E-003
  0.701920000000000       5.348706399862286E-003
  0.702000000000000       5.348765943725460E-003
  0.702080000000000       5.348825535306018E-003
  0.702160000000000       5.348885174579982E-003
  0.702240000000000       5.348944861476075E-003
  0.702320000000000       5.349004596121083E-003
  0.702400000000000       5.349064378374231E-003
  0.702480000000000       5.349124208506191E-003
  0.702560000000000       5.349184086054888E-003
  0.702640000000000       5.349244011462413E-003
  0.702720000000000       5.349303984527372E-003
  0.702800000000000       5.349364005210684E-003
  0.702880000000000       5.349424073565641E-003
  0.702960000000000       5.349484189698823E-003
  0.703040000000000       5.349544353613562E-003
  0.703120000000000       5.349604565159534E-003
  0.703200000000000       5.349664824244145E-003
  0.703280000000000       5.349725131164713E-003
  0.703360000000000       5.349785485651454E-003
  0.703440000000000       5.349845887864684E-003
  0.703520000000000       5.349906337823945E-003
  0.703600000000000       5.349966835312075E-003
  0.703680000000000       5.350027380720762E-003
  0.703760000000000       5.350087973563061E-003
  0.703840000000000       5.350148614081445E-003
  0.703920000000000       5.350209302365621E-003
  0.704000000000000       5.350270038547261E-003
  0.704080000000000       5.350330822076582E-003
  0.704160000000000       5.350391653499370E-003
  0.704240000000000       5.350452532366206E-003
  0.704320000000000       5.350513459244859E-003
  0.704400000000000       5.350574433558458E-003
  0.704480000000000       5.350635455521052E-003
  0.704560000000000       5.350696525200587E-003
  0.704640000000000       5.350757642793130E-003
  0.704720000000000       5.350818807831719E-003
  0.704800000000000       5.350880020584808E-003
  0.704880000000000       5.350941280906069E-003
  0.704960000000000       5.351002589010440E-003
  0.705040000000000       5.351063944798446E-003
  0.705120000000000       5.351125348244551E-003
  0.705200000000000       5.351186799285918E-003
  0.705280000000000       5.351248298072203E-003
  0.705360000000000       5.351309844570546E-003
  0.705440000000000       5.351371438451874E-003
  0.705520000000000       5.351433080272411E-003
  0.705600000000000       5.351494769761706E-003
  0.705680000000000       5.351556506915761E-003
  0.705760000000000       5.351618291821397E-003
  0.705840000000000       5.351680124105800E-003
  0.705920000000000       5.351742004098486E-003
  0.706000000000000       5.351803932017500E-003
  0.706080000000000       5.351865907426082E-003
  0.706160000000000       5.351927930617998E-003
  0.706240000000000       5.351990001433152E-003
  0.706320000000000       5.352052119810704E-003
  0.706400000000000       5.352114285730005E-003
  0.706480000000000       5.352176499502139E-003
  0.706560000000000       5.352238761005203E-003
  0.706640000000000       5.352301070108412E-003
  0.706720000000000       5.352363426653451E-003
  0.706800000000000       5.352425831141251E-003
  0.706880000000000       5.352488283126611E-003
  0.706960000000000       5.352550782858890E-003
  0.707040000000000       5.352613330284129E-003
  0.707120000000000       5.352675925270656E-003
  0.707200000000000       5.352738567959692E-003
  0.707280000000000       5.352801258317930E-003
  0.707360000000000       5.352863996217917E-003
  0.707440000000000       5.352926781876368E-003
  0.707520000000000       5.352989615067240E-003
  0.707600000000000       5.353052496120272E-003
  0.707680000000000       5.353115424660873E-003
  0.707760000000000       5.353178400883998E-003
  0.707840000000000       5.353241424657087E-003
  0.707920000000000       5.353304496275904E-003
  0.708000000000000       5.353367615504858E-003
  0.708080000000000       5.353430782354831E-003
  0.708160000000000       5.353493996899985E-003
  0.708240000000000       5.353557259089694E-003
  0.708320000000000       5.353620568691477E-003
  0.708400000000000       5.353683926295752E-003
  0.708480000000000       5.353747331389371E-003
  0.708560000000000       5.353810784159298E-003
  0.708640000000000       5.353874284378381E-003
  0.708720000000000       5.353937832273993E-003
  0.708800000000000       5.354001428089718E-003
  0.708880000000000       5.354065071424986E-003
  0.708960000000000       5.354128762186761E-003
  0.709040000000000       5.354192500922828E-003
  0.709120000000000       5.354256287190429E-003
  0.709200000000000       5.354320121089263E-003
  0.709280000000000       5.354384002441249E-003
  0.709360000000000       5.354447931831253E-003
  0.709440000000000       5.354511908551175E-003
  0.709520000000000       5.354575932948070E-003
  0.709600000000000       5.354640004926016E-003
  0.709680000000000       5.354704124730149E-003
  0.709760000000000       5.354768292132652E-003
  0.709840000000000       5.354832506893938E-003
  0.709920000000000       5.354896769665042E-003
  0.710000000000000       5.354961079879973E-003
  0.710080000000000       5.355025437690610E-003
  0.710160000000000       5.355089843159124E-003
  0.710240000000000       5.355154296256871E-003
  0.710320000000000       5.355218797177031E-003
  0.710400000000000       5.355283345647821E-003
  0.710480000000000       5.355347941672572E-003
  0.710560000000000       5.355412585233077E-003
  0.710640000000000       5.355477276654852E-003
  0.710720000000000       5.355542015454283E-003
  0.710800000000000       5.355606802069024E-003
  0.710880000000000       5.355671636246162E-003
  0.710960000000000       5.355736518071852E-003
  0.711040000000000       5.355801447490582E-003
  0.711120000000000       5.355866424550537E-003
  0.711200000000000       5.355931449278139E-003
  0.711280000000000       5.355996521547490E-003
  0.711360000000000       5.356061641545995E-003
  0.711440000000000       5.356126809155970E-003
  0.711520000000000       5.356192024255957E-003
  0.711600000000000       5.356257287032251E-003
  0.711680000000000       5.356322597380714E-003
  0.711760000000000       5.356387955487640E-003
  0.711840000000000       5.356453361190495E-003
  0.711920000000000       5.356518814388912E-003
  0.712000000000000       5.356584315349789E-003
  0.712080000000000       5.356649863876840E-003
  0.712160000000000       5.356715460136153E-003
  0.712240000000000       5.356781103715835E-003
  0.712320000000000       5.356846795155678E-003
  0.712400000000000       5.356912534115954E-003
  0.712480000000000       5.356978320873107E-003
  0.712560000000000       5.357044155028345E-003
  0.712640000000000       5.357110036803936E-003
  0.712720000000000       5.357175966335992E-003
  0.712800000000000       5.357241943464419E-003
  0.712880000000000       5.357307967960288E-003
  0.712960000000000       5.357374040376937E-003
  0.713040000000000       5.357440160195667E-003
  0.713120000000000       5.357506327739112E-003
  0.713200000000000       5.357572542790109E-003
  0.713280000000000       5.357638805528295E-003
  0.713360000000000       5.357705115827102E-003
  0.713440000000000       5.357771473798886E-003
  0.713520000000000       5.357837879363489E-003
  0.713600000000000       5.357904332503590E-003
  0.713680000000000       5.357970833195654E-003
  0.713760000000000       5.358037381592003E-003
  0.713840000000000       5.358103977790782E-003
  0.713920000000000       5.358170621041922E-003
  0.714000000000000       5.358237312421674E-003
  0.714080000000000       5.358304051249249E-003
  0.714160000000000       5.358370837382317E-003
  0.714240000000000       5.358437671496782E-003
  0.714320000000000       5.358504553102370E-003
  0.714400000000000       5.358571482172211E-003
  0.714480000000000       5.358638459025830E-003
  0.714560000000000       5.358705483332602E-003
  0.714640000000000       5.358772555283707E-003
  0.714720000000000       5.358839674927327E-003
  0.714800000000000       5.358906842025877E-003
  0.714880000000000       5.358974056814945E-003
  0.714960000000000       5.359041319279209E-003
  0.715040000000000       5.359108629222606E-003
  0.715120000000000       5.359175986781914E-003
  0.715200000000000       5.359243391889187E-003
  0.715280000000000       5.359310844469820E-003
  0.715360000000000       5.359378344760954E-003
  0.715440000000000       5.359445892818546E-003
  0.715520000000000       5.359513488390130E-003
  0.715600000000000       5.359581131325161E-003
  0.715680000000000       5.359648822104587E-003
  0.715760000000000       5.359716560379577E-003
  0.715840000000000       5.359784346220074E-003
  0.715920000000000       5.359852179712896E-003
  0.716000000000000       5.359920060687293E-003
  0.716080000000000       5.359987989222756E-003
  0.716160000000000       5.360055965412322E-003
  0.716240000000000       5.360123989371898E-003
  0.716320000000000       5.360192060635413E-003
  0.716400000000000       5.360260179514617E-003
  0.716480000000000       5.360328346082562E-003
  0.716560000000000       5.360396560124755E-003
  0.716640000000000       5.360464821964047E-003
  0.716720000000000       5.360533131237174E-003
  0.716800000000000       5.360601488068257E-003
  0.716880000000000       5.360669892517695E-003
  0.716960000000000       5.360738344589483E-003
  0.717040000000000       5.360806844032268E-003
  0.717120000000000       5.360875391230852E-003
  0.717200000000000       5.360943985996053E-003
  0.717280000000000       5.361012628308776E-003
  0.717360000000000       5.361081318174793E-003
  0.717440000000000       5.361150055757086E-003
  0.717520000000000       5.361218840882681E-003
  0.717600000000000       5.361287673320209E-003
  0.717680000000000       5.361356553595693E-003
  0.717760000000000       5.361425481254163E-003
  0.717840000000000       5.361494456392430E-003
  0.717920000000000       5.361563479649318E-003
  0.718000000000000       5.361632549881075E-003
  0.718080000000000       5.361701668030945E-003
  0.718160000000000       5.361770833518726E-003
  0.718240000000000       5.361840046769635E-003
  0.718320000000000       5.361909307565622E-003
  0.718400000000000       5.361978615763248E-003
  0.718480000000000       5.362047971618307E-003
  0.718560000000000       5.362117375081727E-003
  0.718640000000000       5.362186826036936E-003
  0.718720000000000       5.362256324476606E-003
  0.718800000000000       5.362325870821067E-003
  0.718880000000000       5.362395464451925E-003
  0.718960000000000       5.362465105686037E-003
  0.719040000000000       5.362534794445245E-003
  0.719120000000000       5.362604530862998E-003
  0.719200000000000       5.362674314740340E-003
  0.719280000000000       5.362744146202286E-003
  0.719360000000000       5.362814025311008E-003
  0.719440000000000       5.362883951977687E-003
  0.719520000000000       5.362953925960963E-003
  0.719600000000000       5.363023947746666E-003
  0.719680000000000       5.363094016944887E-003
  0.719760000000000       5.363164133743032E-003
  0.719840000000000       5.363234298183068E-003
  0.719920000000000       5.363304510010309E-003
  0.720000000000000       5.363374769452351E-003
  0.720080000000000       5.363445076525848E-003
  0.720160000000000       5.363515431055161E-003
  0.720240000000000       5.363585833179958E-003
  0.720320000000000       5.363656282894464E-003
  0.720400000000000       5.363726780130735E-003
  0.720480000000000       5.363797324756432E-003
  0.720560000000000       5.363867917240955E-003
  0.720640000000000       5.363938557130670E-003
  0.720720000000000       5.364009244484862E-003
  0.720800000000000       5.364079979492713E-003
  0.720880000000000       5.364150761923963E-003
  0.720960000000000       5.364221591946033E-003
  0.721040000000000       5.364292469495196E-003
  0.721120000000000       5.364363394684029E-003
  0.721200000000000       5.364434367284049E-003
  0.721280000000000       5.364505387396951E-003
  0.721360000000000       5.364576455164622E-003
  0.721440000000000       5.364647570566189E-003
  0.721520000000000       5.364718733283908E-003
  0.721600000000000       5.364789943654174E-003
  0.721680000000000       5.364861201511344E-003
  0.721760000000000       5.364932506899605E-003
  0.721840000000000       5.365003859836053E-003
  0.721920000000000       5.365075260337564E-003
  0.722000000000000       5.365146708282902E-003
  0.722080000000000       5.365218203868576E-003
  0.722160000000000       5.365289747018869E-003
  0.722240000000000       5.365361337699142E-003
  0.722320000000000       5.365432975847221E-003
  0.722400000000000       5.365504661490199E-003
  0.722480000000000       5.365576394604092E-003
  0.722560000000000       5.365648175501318E-003
  0.722640000000000       5.365720003617218E-003
  0.722720000000000       5.365791879524888E-003
  0.722800000000000       5.365863802944552E-003
  0.722880000000000       5.365935773724555E-003
  0.722960000000000       5.366007791977472E-003
  0.723040000000000       5.366079857988409E-003
  0.723120000000000       5.366151971283300E-003
  0.723200000000000       5.366224132322666E-003
  0.723280000000000       5.366296340777659E-003
  0.723360000000000       5.366368596728659E-003
  0.723440000000000       5.366440900348417E-003
  0.723520000000000       5.366513251244581E-003
  0.723600000000000       5.366585649914751E-003
  0.723680000000000       5.366658095826465E-003
  0.723760000000000       5.366730589549045E-003
  0.723840000000000       5.366803130619973E-003
  0.723920000000000       5.366875719280388E-003
  0.724000000000000       5.366948355276051E-003
  0.724080000000000       5.367021039038615E-003
  0.724160000000000       5.367093770187052E-003
  0.724240000000000       5.367166548821726E-003
  0.724320000000000       5.367239375044334E-003
  0.724400000000000       5.367312248754734E-003
  0.724480000000000       5.367385169962029E-003
  0.724560000000000       5.367458138725283E-003
  0.724640000000000       5.367531154906385E-003
  0.724720000000000       5.367604218531757E-003
  0.724800000000000       5.367677329926917E-003
  0.724880000000000       5.367750488674199E-003
  0.724960000000000       5.367823694789147E-003
  0.725040000000000       5.367896948614819E-003
  0.725120000000000       5.367970249823700E-003
  0.725200000000000       5.368043598611854E-003
  0.725280000000000       5.368116994967958E-003
  0.725360000000000       5.368190438665970E-003
  0.725440000000000       5.368263929954802E-003
  0.725520000000000       5.368337468689238E-003
  0.725600000000000       5.368411054949433E-003
  0.725680000000000       5.368484688767366E-003
  0.725760000000000       5.368558370188774E-003
  0.725840000000000       5.368632098774011E-003
  0.725920000000000       5.368705875026230E-003
  0.726000000000000       5.368779698898134E-003
  0.726080000000000       5.368853570110837E-003
  0.726160000000000       5.368927488955882E-003
  0.726240000000000       5.369001455005833E-003
  0.726320000000000       5.369075468767397E-003
  0.726400000000000       5.369149530068933E-003
  0.726480000000000       5.369223638846937E-003
  0.726560000000000       5.369297795101851E-003
  0.726640000000000       5.369371998669364E-003
  0.726720000000000       5.369446249904524E-003
  0.726800000000000       5.369520548555533E-003
  0.726880000000000       5.369594894681012E-003
  0.726960000000000       5.369669288444161E-003
  0.727040000000000       5.369743729642255E-003
  0.727120000000000       5.369818218268189E-003
  0.727200000000000       5.369892754415887E-003
  0.727280000000000       5.369967338082685E-003
  0.727360000000000       5.370041969007902E-003
  0.727440000000000       5.370116647688475E-003
  0.727520000000000       5.370191373676761E-003
  0.727600000000000       5.370266147337581E-003
  0.727680000000000       5.370340968247271E-003
  0.727760000000000       5.370415836735791E-003
  0.727840000000000       5.370490752530248E-003
  0.727920000000000       5.370565716068291E-003
  0.728000000000000       5.370640726901836E-003
  0.728080000000000       5.370715785494510E-003
  0.728160000000000       5.370790891205493E-003
  0.728240000000000       5.370866044565695E-003
  0.728320000000000       5.370941245469421E-003
  0.728400000000000       5.371016493777895E-003
  0.728480000000000       5.371091789469576E-003
  0.728560000000000       5.371167132817359E-003
  0.728640000000000       5.371242523555012E-003
  0.728720000000000       5.371317961510005E-003
  0.728800000000000       5.371393447340036E-003
  0.728880000000000       5.371468980503094E-003
  0.728960000000000       5.371544561038479E-003
  0.729040000000000       5.371620189073425E-003
  0.729120000000000       5.371695864585949E-003
  0.729200000000000       5.371771587439936E-003
  0.729280000000000       5.371847357893625E-003
  0.729360000000000       5.371923175946794E-003
  0.729440000000000       5.371999041197098E-003
  0.729520000000000       5.372074954095732E-003
  0.729600000000000       5.372150914479049E-003
  0.729680000000000       5.372226922122783E-003
  0.729760000000000       5.372302977298718E-003
  0.729840000000000       5.372379080077242E-003
  0.729920000000000       5.372455230224097E-003
  0.730000000000000       5.372531427804342E-003
  0.730080000000000       5.372607672828857E-003
  0.730160000000000       5.372683965296756E-003
  0.730240000000000       5.372760305179393E-003
  0.730320000000000       5.372836692615991E-003
  0.730400000000000       5.372913127614544E-003
  0.730480000000000       5.372989609785585E-003
  0.730560000000000       5.373066139631380E-003
  0.730640000000000       5.373142716938542E-003
  0.730720000000000       5.373219341437288E-003
  0.730800000000000       5.373296013563714E-003
  0.730880000000000       5.373372733138407E-003
  0.730960000000000       5.373449500058117E-003
  0.731040000000000       5.373526314567759E-003
  0.731120000000000       5.373603176463718E-003
  0.731200000000000       5.373680085755098E-003
  0.731280000000000       5.373757042691255E-003
  0.731360000000000       5.373834046840534E-003
  0.731440000000000       5.373911098614162E-003
  0.731520000000000       5.373988197564053E-003
  0.731600000000000       5.374065344216897E-003
  0.731680000000000       5.374142538320228E-003
  0.731760000000000       5.374219779723057E-003
  0.731840000000000       5.374297068570157E-003
  0.731920000000000       5.374374404879957E-003
  0.732000000000000       5.374451788527226E-003
  0.732080000000000       5.374529219744664E-003
  0.732160000000000       5.374606698337983E-003
  0.732240000000000       5.374684224522567E-003
  0.732320000000000       5.374761797901621E-003
  0.732400000000000       5.374839418897696E-003
  0.732480000000000       5.374917087232571E-003
  0.732560000000000       5.374994802945103E-003
  0.732640000000000       5.375072566263998E-003
  0.732720000000000       5.375150377002961E-003
  0.732800000000000       5.375228235038758E-003
  0.732880000000000       5.375306140449103E-003
  0.732960000000000       5.375384093437167E-003
  0.733040000000000       5.375462093745602E-003
  0.733120000000000       5.375540141636640E-003
  0.733200000000000       5.375618236692395E-003
  0.733280000000000       5.375696379291675E-003
  0.733360000000000       5.375774569386520E-003
  0.733440000000000       5.375852806849472E-003
  0.733520000000000       5.375931091852619E-003
  0.733600000000000       5.376009424058896E-003
  0.733680000000000       5.376087803671474E-003
  0.733760000000000       5.376166230941263E-003
  0.733840000000000       5.376244705588043E-003
  0.733920000000000       5.376323227492133E-003
  0.734000000000000       5.376401796946853E-003
  0.734080000000000       5.376480413696852E-003
  0.734160000000000       5.376559077977053E-003
  0.734240000000000       5.376637789600939E-003
  0.734320000000000       5.376716548729713E-003
  0.734400000000000       5.376795355096478E-003
  0.734480000000000       5.376874209014539E-003
  0.734560000000000       5.376953110332241E-003
  0.734640000000000       5.377032058994515E-003
  0.734720000000000       5.377111055155018E-003
  0.734800000000000       5.377190098781551E-003
  0.734880000000000       5.377269189639414E-003
  0.734960000000000       5.377348327891366E-003
  0.735040000000000       5.377427513666414E-003
  0.735120000000000       5.377506746753617E-003
  0.735200000000000       5.377586027301299E-003
  0.735280000000000       5.377665355324561E-003
  0.735360000000000       5.377744730524973E-003
  0.735440000000000       5.377824153322201E-003
  0.735520000000000       5.377903623570804E-003
  0.735600000000000       5.377983141036971E-003
  0.735680000000000       5.378062706060652E-003
  0.735760000000000       5.378142318386051E-003
  0.735840000000000       5.378221978132849E-003
  0.735920000000000       5.378301685202682E-003
  0.736000000000000       5.378381439690585E-003
  0.736080000000000       5.378461241715797E-003
  0.736160000000000       5.378541090880633E-003
  0.736240000000000       5.378620987674036E-003
  0.736320000000000       5.378700931787143E-003
  0.736400000000000       5.378780923221953E-003
  0.736480000000000       5.378860962163205E-003
  0.736560000000000       5.378941048531409E-003
  0.736640000000000       5.379021182035463E-003
  0.736720000000000       5.379101363117682E-003
  0.736800000000000       5.379181591535147E-003
  0.736880000000000       5.379261867317390E-003
  0.736960000000000       5.379342190490614E-003
  0.737040000000000       5.379422561022844E-003
  0.737120000000000       5.379502979184307E-003
  0.737200000000000       5.379583444333294E-003
  0.737280000000000       5.379663957088201E-003
  0.737360000000000       5.379744517230093E-003
  0.737440000000000       5.379825124732765E-003
  0.737520000000000       5.379905779454333E-003
  0.737600000000000       5.379986481931701E-003
  0.737680000000000       5.380067231438116E-003
  0.737760000000000       5.380148028649926E-003
  0.737840000000000       5.380228872754892E-003
  0.737920000000000       5.380309764660066E-003
  0.738000000000000       5.380390703751051E-003
  0.738080000000000       5.380471690133318E-003
  0.738160000000000       5.380552724158808E-003
  0.738240000000000       5.380633805075899E-003
  0.738320000000000       5.380714933853373E-003
  0.738400000000000       5.380796109834865E-003
  0.738480000000000       5.380877333142944E-003
  0.738560000000000       5.380958603674360E-003
  0.738640000000000       5.381039921944478E-003
  0.738720000000000       5.381121287387529E-003
  0.738800000000000       5.381202700175150E-003
  0.738880000000000       5.381284160317117E-003
  0.738960000000000       5.381365667823417E-003
  0.739040000000000       5.381447222727580E-003
  0.739120000000000       5.381528825096221E-003
  0.739200000000000       5.381610474437065E-003
  0.739280000000000       5.381692171453328E-003
  0.739360000000000       5.381773915758208E-003
  0.739440000000000       5.381855707467392E-003
  0.739520000000000       5.381937546461418E-003
  0.739600000000000       5.382019432901935E-003
  0.739680000000000       5.382101366583108E-003
  0.739760000000000       5.382183347836448E-003
  0.739840000000000       5.382265376116173E-003
  0.739920000000000       5.382347452034458E-003
