  0.660000000000000       9.640892616691567E-002
  0.660080000000000       9.641146194033447E-002
  0.660160000000000       9.641399767058069E-002
  0.660240000000000       9.641653335747670E-002
  0.660320000000000       9.641906900086618E-002
  0.660400000000000       9.642160460054307E-002
  0.660480000000000       9.642414015660684E-002
  0.660560000000000       9.642667566943409E-002
  0.660640000000000       9.642921113836402E-002
  0.660720000000000       9.643174656415689E-002
  0.660800000000000       9.643428194578242E-002
  0.660880000000000       9.643681728404353E-002
  0.660960000000000       9.643935257854232E-002
  0.661040000000000       9.644188782953457E-002
  0.661120000000000       9.644442303646607E-002
  0.661200000000000       9.644695820004025E-002
  0.661280000000000       9.644949331954657E-002
  0.661360000000000       9.645202839568846E-002
  0.661440000000000       9.645456342760618E-002
  0.661520000000000       9.645709841556972E-002
  0.661600000000000       9.645963335996989E-002
  0.661680000000000       9.646216826032351E-002
  0.661760000000000       9.646470311681533E-002
  0.661840000000000       9.646723792936009E-002
  0.661920000000000       9.646977269757408E-002
  0.662000000000000       9.647230742208969E-002
  0.662080000000000       9.647484210255876E-002
  0.662160000000000       9.647737673926550E-002
  0.662240000000000       9.647991133156332E-002
  0.662320000000000       9.648244587975065E-002
  0.662400000000000       9.648498038408328E-002
  0.662480000000000       9.648751484400699E-002
  0.662560000000000       9.649004925971362E-002
  0.662640000000000       9.649258363148029E-002
  0.662720000000000       9.649511795902278E-002
  0.662800000000000       9.649765224209240E-002
  0.662880000000000       9.650018648105864E-002
  0.662960000000000       9.650272067555200E-002
  0.663040000000000       9.650525482584961E-002
  0.663120000000000       9.650778893176672E-002
  0.663200000000000       9.651032299355201E-002
  0.663280000000000       9.651285701074365E-002
  0.663360000000000       9.651539098334873E-002
  0.663440000000000       9.651792491176515E-002
  0.663520000000000       9.652045879541739E-002
  0.663600000000000       9.652299263493781E-002
  0.663680000000000       9.652552642981484E-002
  0.663760000000000       9.652806018014794E-002
  0.663840000000000       9.653059388627107E-002
  0.663920000000000       9.653312754706157E-002
  0.664000000000000       9.653566116359237E-002
  0.664080000000000       9.653819473567872E-002
  0.664160000000000       9.654072826302930E-002
  0.664240000000000       9.654326174554463E-002
  0.664320000000000       9.654579518328867E-002
  0.664400000000000       9.654832857633246E-002
  0.664480000000000       9.655086192471153E-002
  0.664560000000000       9.655339522819141E-002
  0.664640000000000       9.655592848691420E-002
  0.664720000000000       9.655846170108597E-002
  0.664800000000000       9.656099487010984E-002
  0.664880000000000       9.656352799406399E-002
  0.664960000000000       9.656606107348133E-002
  0.665040000000000       9.656859410766551E-002
  0.665120000000000       9.657112709711392E-002
  0.665200000000000       9.657366004149971E-002
  0.665280000000000       9.657619294051735E-002
  0.665360000000000       9.657872579510475E-002
  0.665440000000000       9.658125860438795E-002
  0.665520000000000       9.658379136854457E-002
  0.665600000000000       9.658632408758173E-002
  0.665680000000000       9.658885676163444E-002
  0.665760000000000       9.659138939031899E-002
  0.665840000000000       9.659392197409013E-002
  0.665920000000000       9.659645451247890E-002
  0.666000000000000       9.659898700564164E-002
  0.666080000000000       9.660151945340069E-002
  0.666160000000000       9.660405185629607E-002
  0.666240000000000       9.660658421357461E-002
  0.666320000000000       9.660911652547789E-002
  0.666400000000000       9.661164879205565E-002
  0.666480000000000       9.661418101337894E-002
  0.666560000000000       9.661671318928435E-002
  0.666640000000000       9.661924531962975E-002
  0.666720000000000       9.662177740486279E-002
  0.666800000000000       9.662430944420188E-002
  0.666880000000000       9.662684143837176E-002
  0.666960000000000       9.662937338652690E-002
  0.667040000000000       9.663190528966915E-002
  0.667120000000000       9.663443714683219E-002
  0.667200000000000       9.663696895873365E-002
  0.667280000000000       9.663950072481221E-002
  0.667360000000000       9.664203244528814E-002
  0.667440000000000       9.664456412010460E-002
  0.667520000000000       9.664709574934684E-002
  0.667600000000000       9.664962733292250E-002
  0.667680000000000       9.665215887039814E-002
  0.667760000000000       9.665469036224274E-002
  0.667840000000000       9.665722180832127E-002
  0.667920000000000       9.665975320846322E-002
  0.668000000000000       9.666228456291016E-002
  0.668080000000000       9.666481587129262E-002
  0.668160000000000       9.666734713402982E-002
  0.668240000000000       9.666987835072384E-002
  0.668320000000000       9.667240952153101E-002
  0.668400000000000       9.667494064617423E-002
  0.668480000000000       9.667747172515086E-002
  0.668560000000000       9.668000275780010E-002
  0.668640000000000       9.668253374477566E-002
  0.668720000000000       9.668506468510409E-002
  0.668800000000000       9.668759557958830E-002
  0.668880000000000       9.669012642812881E-002
  0.668960000000000       9.669265723062616E-002
  0.669040000000000       9.669518798651190E-002
  0.669120000000000       9.669771869649658E-002
  0.669200000000000       9.670024936045231E-002
  0.669280000000000       9.670277997794564E-002
  0.669360000000000       9.670531054873500E-002
  0.669440000000000       9.670784107415621E-002
  0.669520000000000       9.671037155284502E-002
  0.669600000000000       9.671290198523487E-002
  0.669680000000000       9.671543237119785E-002
  0.669760000000000       9.671796271064161E-002
  0.669840000000000       9.672049300367981E-002
  0.669920000000000       9.672302325034800E-002
  0.670000000000000       9.672555345053248E-002
  0.670080000000000       9.672808360438957E-002
  0.670160000000000       9.673061371155690E-002
  0.670240000000000       9.673314377221211E-002
  0.670320000000000       9.673567378660387E-002
  0.670400000000000       9.673820375391508E-002
  0.670480000000000       9.674073367492732E-002
  0.670560000000000       9.674326354906505E-002
  0.670640000000000       9.674579337686830E-002
  0.670720000000000       9.674832315788941E-002
  0.670800000000000       9.675085289189390E-002
  0.670880000000000       9.675338257981260E-002
  0.670960000000000       9.675591222055836E-002
  0.671040000000000       9.675844181457884E-002
  0.671120000000000       9.676097136145480E-002
  0.671200000000000       9.676350086197495E-002
  0.671280000000000       9.676603031546428E-002
  0.671360000000000       9.676855972207911E-002
  0.671440000000000       9.677108908162048E-002
  0.671520000000000       9.677361839437261E-002
  0.671600000000000       9.677614766048472E-002
  0.671680000000000       9.677867687933152E-002
  0.671760000000000       9.678120605097697E-002
  0.671840000000000       9.678373517598239E-002
  0.671920000000000       9.678626425355198E-002
  0.672000000000000       9.678879328439628E-002
  0.672080000000000       9.679132226784738E-002
  0.672160000000000       9.679385120432450E-002
  0.672240000000000       9.679638009371395E-002
  0.672320000000000       9.679890893595890E-002
  0.672400000000000       9.680143773071827E-002
  0.672480000000000       9.680396647832602E-002
  0.672560000000000       9.680649517900243E-002
  0.672640000000000       9.680902383217906E-002
  0.672720000000000       9.681155243786300E-002
  0.672800000000000       9.681408099675771E-002
  0.672880000000000       9.681660950781158E-002
  0.672960000000000       9.681913797164278E-002
  0.673040000000000       9.682166638819446E-002
  0.673120000000000       9.682419475720373E-002
  0.673200000000000       9.682672307895480E-002
  0.673280000000000       9.682925135296451E-002
  0.673360000000000       9.683177957949575E-002
  0.673440000000000       9.683430775858405E-002
  0.673520000000000       9.683683589012283E-002
  0.673600000000000       9.683936397428973E-002
  0.673680000000000       9.684189201070105E-002
  0.673760000000000       9.684441999942074E-002
  0.673840000000000       9.684694794049854E-002
  0.673920000000000       9.684947583404814E-002
  0.674000000000000       9.685200367999137E-002
  0.674080000000000       9.685453147785218E-002
  0.674160000000000       9.685705922831979E-002
  0.674240000000000       9.685958693108866E-002
  0.674320000000000       9.686211458586748E-002
  0.674400000000000       9.686464219276993E-002
  0.674480000000000       9.686716975177469E-002
  0.674560000000000       9.686969726308071E-002
  0.674640000000000       9.687222472664538E-002
  0.674720000000000       9.687475214190734E-002
  0.674800000000000       9.687727950952031E-002
  0.674880000000000       9.687980682901533E-002
  0.674960000000000       9.688233410087556E-002
  0.675040000000000       9.688486132424835E-002
  0.675120000000000       9.688738849975188E-002
  0.675200000000000       9.688991562748563E-002
  0.675280000000000       9.689244270680299E-002
  0.675360000000000       9.689496973792423E-002
  0.675440000000000       9.689749672143912E-002
  0.675520000000000       9.690002365636709E-002
  0.675600000000000       9.690255054323395E-002
  0.675680000000000       9.690507738183364E-002
  0.675760000000000       9.690760417232959E-002
  0.675840000000000       9.691013091439495E-002
  0.675920000000000       9.691265760810787E-002
  0.676000000000000       9.691518425388047E-002
  0.676080000000000       9.691771085081748E-002
  0.676160000000000       9.692023739973600E-002
  0.676240000000000       9.692276390033051E-002
  0.676320000000000       9.692529035236654E-002
  0.676400000000000       9.692781675597907E-002
  0.676480000000000       9.693034311122496E-002
  0.676560000000000       9.693286941804026E-002
  0.676640000000000       9.693539567638944E-002
  0.676720000000000       9.693792188603091E-002
  0.676800000000000       9.694044804738390E-002
  0.676880000000000       9.694297415974497E-002
  0.676960000000000       9.694550022388861E-002
  0.677040000000000       9.694802623908295E-002
  0.677120000000000       9.695055220593908E-002
  0.677200000000000       9.695307812397382E-002
  0.677280000000000       9.695560399340032E-002
  0.677360000000000       9.695812981426834E-002
  0.677440000000000       9.696065558588153E-002
  0.677520000000000       9.696318130914940E-002
  0.677600000000000       9.696570698323349E-002
  0.677680000000000       9.696823260903621E-002
  0.677760000000000       9.697075818539226E-002
  0.677840000000000       9.697328371329640E-002
  0.677920000000000       9.697580919230810E-002
  0.678000000000000       9.697833462217866E-002
  0.678080000000000       9.698086000351204E-002
  0.678160000000000       9.698338533537033E-002
  0.678240000000000       9.698591061848540E-002
  0.678320000000000       9.698843585244511E-002
  0.678400000000000       9.699096103768291E-002
  0.678480000000000       9.699348617361615E-002
  0.678560000000000       9.699601126037984E-002
  0.678640000000000       9.699853629798107E-002
  0.678720000000000       9.700106128676091E-002
  0.678800000000000       9.700358622659856E-002
  0.678880000000000       9.700611111634296E-002
  0.678960000000000       9.700863595755017E-002
  0.679040000000000       9.701116074966600E-002
  0.679120000000000       9.701368549217172E-002
  0.679200000000000       9.701621018542263E-002
  0.679280000000000       9.701873482929792E-002
  0.679360000000000       9.702125942416708E-002
  0.679440000000000       9.702378396954693E-002
  0.679520000000000       9.702630846498984E-002
  0.679600000000000       9.702883291185295E-002
  0.679680000000000       9.703135730869385E-002
  0.679760000000000       9.703388165655703E-002
  0.679840000000000       9.703640595453301E-002
  0.679920000000000       9.703893020316180E-002
  0.680000000000000       9.704145440229418E-002
  0.680080000000000       9.704397855199411E-002
  0.680160000000000       9.704650265214078E-002
  0.680240000000000       9.704902670245709E-002
  0.680320000000000       9.705155070290751E-002
  0.680400000000000       9.705407465425943E-002
  0.680480000000000       9.705659855562467E-002
  0.680560000000000       9.705912240727323E-002
  0.680640000000000       9.706164620956749E-002
  0.680720000000000       9.706416996151980E-002
  0.680800000000000       9.706669366405386E-002
  0.680880000000000       9.706921731664388E-002
  0.680960000000000       9.707174091947458E-002
  0.681040000000000       9.707426447246072E-002
  0.681120000000000       9.707678797591492E-002
  0.681200000000000       9.707931142882111E-002
  0.681280000000000       9.708183483206036E-002
  0.681360000000000       9.708435818568241E-002
  0.681440000000000       9.708688148871382E-002
  0.681520000000000       9.708940474245488E-002
  0.681600000000000       9.709192794583978E-002
  0.681680000000000       9.709445109945826E-002
  0.681760000000000       9.709697420257137E-002
  0.681840000000000       9.709949725569779E-002
  0.681920000000000       9.710202025853200E-002
  0.682000000000000       9.710454321155006E-002
  0.682080000000000       9.710706611439669E-002
  0.682160000000000       9.710958896697243E-002
  0.682240000000000       9.711211176930569E-002
  0.682320000000000       9.711463452134673E-002
  0.682400000000000       9.711715722362137E-002
  0.682480000000000       9.711967987507088E-002
  0.682560000000000       9.712220247634186E-002
  0.682640000000000       9.712472502693693E-002
  0.682720000000000       9.712724752768033E-002
  0.682800000000000       9.712976997765545E-002
  0.682880000000000       9.713229237751599E-002
  0.682960000000000       9.713481472673614E-002
  0.683040000000000       9.713733702569961E-002
  0.683120000000000       9.713985927397296E-002
  0.683200000000000       9.714238147173383E-002
  0.683280000000000       9.714490361935881E-002
  0.683360000000000       9.714742571588154E-002
  0.683440000000000       9.714994776241760E-002
  0.683520000000000       9.715246975777327E-002
  0.683600000000000       9.715499170280119E-002
  0.683680000000000       9.715751359717452E-002
  0.683760000000000       9.716003544097852E-002
  0.683840000000000       9.716255723385793E-002
  0.683920000000000       9.716507897611117E-002
  0.684000000000000       9.716760066735454E-002
  0.684080000000000       9.717012230833412E-002
  0.684160000000000       9.717264389820436E-002
  0.684240000000000       9.717516543715000E-002
  0.684320000000000       9.717768692548369E-002
  0.684400000000000       9.718020836280751E-002
  0.684480000000000       9.718272974912147E-002
  0.684560000000000       9.718525108495847E-002
  0.684640000000000       9.718777236899691E-002
  0.684720000000000       9.719029360261523E-002
  0.684800000000000       9.719281478513843E-002
  0.684880000000000       9.719533591704256E-002
  0.684960000000000       9.719785699740392E-002
  0.685040000000000       9.720037802664884E-002
  0.685120000000000       9.720289900506153E-002
  0.685200000000000       9.720541993268463E-002
  0.685280000000000       9.720794080875074E-002
  0.685360000000000       9.721046163337356E-002
  0.685440000000000       9.721298240735600E-002
  0.685520000000000       9.721550312963935E-002
  0.685600000000000       9.721802380116153E-002
  0.685680000000000       9.722054442113383E-002
  0.685760000000000       9.722306498993284E-002
  0.685840000000000       9.722558550744488E-002
  0.685920000000000       9.722810597323651E-002
  0.686000000000000       9.723062638796855E-002
  0.686080000000000       9.723314675114360E-002
  0.686160000000000       9.723566706330168E-002
  0.686240000000000       9.723818732373936E-002
  0.686320000000000       9.724070753284032E-002
  0.686400000000000       9.724322769022088E-002
  0.686480000000000       9.724574779632157E-002
  0.686560000000000       9.724826785078002E-002
  0.686640000000000       9.725078785385201E-002
  0.686720000000000       9.725330780489096E-002
  0.686800000000000       9.725582770472109E-002
  0.686880000000000       9.725834755287345E-002
  0.686960000000000       9.726086734938356E-002
  0.687040000000000       9.726338709405959E-002
  0.687120000000000       9.726590678739179E-002
  0.687200000000000       9.726842642865542E-002
  0.687280000000000       9.727094601820575E-002
  0.687360000000000       9.727346555612094E-002
  0.687440000000000       9.727598504210967E-002
  0.687520000000000       9.727850447609378E-002
  0.687600000000000       9.728102385864880E-002
  0.687680000000000       9.728354318913525E-002
  0.687760000000000       9.728606246763839E-002
  0.687840000000000       9.728858169424350E-002
  0.687920000000000       9.729110086923477E-002
  0.688000000000000       9.729361999168142E-002
  0.688080000000000       9.729613906247160E-002
  0.688160000000000       9.729865808140638E-002
  0.688240000000000       9.730117704783205E-002
  0.688320000000000       9.730369596250889E-002
  0.688400000000000       9.730621482484005E-002
  0.688480000000000       9.730873363523053E-002
  0.688560000000000       9.731125239348849E-002
  0.688640000000000       9.731377109959262E-002
  0.688720000000000       9.731628975354291E-002
  0.688800000000000       9.731880835521146E-002
  0.688880000000000       9.732132690432828E-002
  0.688960000000000       9.732384540172469E-002
  0.689040000000000       9.732636384669015E-002
  0.689120000000000       9.732888223890492E-002
  0.689200000000000       9.733140057916480E-002
  0.689280000000000       9.733391886746980E-002
  0.689360000000000       9.733643710275409E-002
  0.689440000000000       9.733895528585614E-002
  0.689520000000000       9.734147341641354E-002
  0.689600000000000       9.734399149440499E-002
  0.689680000000000       9.734650952014313E-002
  0.689760000000000       9.734902749332953E-002
  0.689840000000000       9.735154541405656E-002
  0.689920000000000       9.735406328208264E-002
  0.690000000000000       9.735658109738644E-002
  0.690080000000000       9.735909886027351E-002
  0.690160000000000       9.736161657055910E-002
  0.690240000000000       9.736413422800873E-002
  0.690320000000000       9.736665183299188E-002
  0.690400000000000       9.736916938514618E-002
  0.690480000000000       9.737168688464927E-002
  0.690560000000000       9.737420433162904E-002
  0.690640000000000       9.737672172543889E-002
  0.690720000000000       9.737923906684622E-002
  0.690800000000000       9.738175635500547E-002
  0.690880000000000       9.738427359076930E-002
  0.690960000000000       9.738679077297242E-002
  0.691040000000000       9.738930790280144E-002
  0.691120000000000       9.739182497943212E-002
  0.691200000000000       9.739434200344001E-002
  0.691280000000000       9.739685897425666E-002
  0.691360000000000       9.739937589220184E-002
  0.691440000000000       9.740189275704815E-002
  0.691520000000000       9.740440956900877E-002
  0.691600000000000       9.740692632750815E-002
  0.691680000000000       9.740944303345579E-002
  0.691760000000000       9.741195968581430E-002
  0.691840000000000       9.741447628495316E-002
  0.691920000000000       9.741699283132711E-002
  0.692000000000000       9.741950932463063E-002
  0.692080000000000       9.742202576422422E-002
  0.692160000000000       9.742454215077580E-002
  0.692240000000000       9.742705848403667E-002
  0.692320000000000       9.742957476401394E-002
  0.692400000000000       9.743209099084262E-002
  0.692480000000000       9.743460716420295E-002
  0.692560000000000       9.743712328406652E-002
  0.692640000000000       9.743963935073886E-002
  0.692720000000000       9.744215536419155E-002
  0.692800000000000       9.744467132357194E-002
  0.692880000000000       9.744718723002400E-002
  0.692960000000000       9.744970308305036E-002
  0.693040000000000       9.745221888223178E-002
  0.693120000000000       9.745473462824329E-002
  0.693200000000000       9.745725032038145E-002
  0.693280000000000       9.745976595898732E-002
  0.693360000000000       9.746228154412485E-002
  0.693440000000000       9.746479707565904E-002
  0.693520000000000       9.746731255304276E-002
  0.693600000000000       9.746982797756211E-002
  0.693680000000000       9.747234334780309E-002
  0.693760000000000       9.747485866449758E-002
  0.693840000000000       9.747737392756740E-002
  0.693920000000000       9.747988913675677E-002
  0.694000000000000       9.748240429186673E-002
  0.694080000000000       9.748491939340888E-002
  0.694160000000000       9.748743444129794E-002
  0.694240000000000       9.748994943508628E-002
  0.694320000000000       9.749246437476679E-002
  0.694400000000000       9.749497926080843E-002
  0.694480000000000       9.749749409290566E-002
  0.694560000000000       9.750000887103007E-002
  0.694640000000000       9.750252359523849E-002
  0.694720000000000       9.750503826519698E-002
  0.694800000000000       9.750755288124659E-002
  0.694880000000000       9.751006744328074E-002
  0.694960000000000       9.751258195124259E-002
  0.695040000000000       9.751509640479107E-002
  0.695120000000000       9.751761080460832E-002
  0.695200000000000       9.752012515000509E-002
  0.695280000000000       9.752263944120877E-002
  0.695360000000000       9.752515367825489E-002
  0.695440000000000       9.752766786139923E-002
  0.695520000000000       9.753018198956888E-002
  0.695600000000000       9.753269606400018E-002
  0.695680000000000       9.753521008384049E-002
  0.695760000000000       9.753772404995666E-002
  0.695840000000000       9.754023796104840E-002
  0.695920000000000       9.754275181788309E-002
  0.696000000000000       9.754526562026890E-002
  0.696080000000000       9.754777936849003E-002
  0.696160000000000       9.755029306200648E-002
  0.696240000000000       9.755280670128010E-002
  0.696320000000000       9.755532028583482E-002
  0.696400000000000       9.755783381600459E-002
  0.696480000000000       9.756034729148390E-002
  0.696560000000000       9.756286071239352E-002
  0.696640000000000       9.756537407859135E-002
  0.696720000000000       9.756788739056767E-002
  0.696800000000000       9.757040064769719E-002
  0.696880000000000       9.757291384997992E-002
  0.696960000000000       9.757542699765744E-002
  0.697040000000000       9.757794009080080E-002
  0.697120000000000       9.758045312912579E-002
  0.697200000000000       9.758296611265373E-002
  0.697280000000000       9.758547904136329E-002
  0.697360000000000       9.758799191525448E-002
  0.697440000000000       9.759050473426335E-002
  0.697520000000000       9.759301749830464E-002
  0.697600000000000       9.759553020747071E-002
  0.697680000000000       9.759804286199604E-002
  0.697760000000000       9.760055546153958E-002
  0.697840000000000       9.760306800552578E-002
  0.697920000000000       9.760558049541125E-002
  0.698000000000000       9.760809292989571E-002
  0.698080000000000       9.761060530907863E-002
  0.698160000000000       9.761311763359949E-002
  0.698240000000000       9.761562990293250E-002
  0.698320000000000       9.761814211702792E-002
  0.698400000000000       9.762065427592838E-002
  0.698480000000000       9.762316638008152E-002
  0.698560000000000       9.762567842837890E-002
  0.698640000000000       9.762819042228423E-002
  0.698720000000000       9.763070236036221E-002
  0.698800000000000       9.763321424331629E-002
  0.698880000000000       9.763572607118200E-002
  0.698960000000000       9.763823784332694E-002
  0.699040000000000       9.764074956039771E-002
  0.699120000000000       9.764326122217405E-002
  0.699200000000000       9.764577282832200E-002
  0.699280000000000       9.764828437963737E-002
  0.699360000000000       9.765079587513249E-002
  0.699440000000000       9.765330731512713E-002
  0.699520000000000       9.765581869954311E-002
  0.699600000000000       9.765833002855807E-002
  0.699680000000000       9.766084130247756E-002
  0.699760000000000       9.766335252034232E-002
  0.699840000000000       9.766586368291975E-002
  0.699920000000000       9.766837478981906E-002
  0.700000000000000       9.767088584084128E-002
  0.700080000000000       9.767339683681066E-002
  0.700160000000000       9.767590777654768E-002
  0.700240000000000       9.767841866083395E-002
  0.700320000000000       9.768092948922892E-002
  0.700400000000000       9.768344026245025E-002
  0.700480000000000       9.768595097915501E-002
  0.700560000000000       9.768846164058666E-002
  0.700640000000000       9.769097224592806E-002
  0.700720000000000       9.769348279536395E-002
  0.700800000000000       9.769599328924251E-002
  0.700880000000000       9.769850372694557E-002
  0.700960000000000       9.770101410905575E-002
  0.701040000000000       9.770352443511833E-002
  0.701120000000000       9.770603470502671E-002
  0.701200000000000       9.770854491917881E-002
  0.701280000000000       9.771105507707724E-002
  0.701360000000000       9.771356517912701E-002
  0.701440000000000       9.771607522502969E-002
  0.701520000000000       9.771858521511213E-002
  0.701600000000000       9.772109514891249E-002
  0.701680000000000       9.772360502647338E-002
  0.701760000000000       9.772611484817141E-002
  0.701840000000000       9.772862461339550E-002
  0.701920000000000       9.773113432255777E-002
  0.702000000000000       9.773364397523900E-002
  0.702080000000000       9.773615357200051E-002
  0.702160000000000       9.773866311260072E-002
  0.702240000000000       9.774117259652094E-002
  0.702320000000000       9.774368202437934E-002
  0.702400000000000       9.774619139566433E-002
  0.702480000000000       9.774870071075249E-002
  0.702560000000000       9.775120996928856E-002
  0.702640000000000       9.775371917157806E-002
  0.702720000000000       9.775622831732257E-002
  0.702800000000000       9.775873740671394E-002
  0.702880000000000       9.776124643975927E-002
  0.702960000000000       9.776375541590433E-002
  0.703040000000000       9.776626433576731E-002
  0.703120000000000       9.776877319929135E-002
  0.703200000000000       9.777128200565934E-002
  0.703280000000000       9.777379075566707E-002
  0.703360000000000       9.777629944895218E-002
  0.703440000000000       9.777880808570651E-002
  0.703520000000000       9.778131666600821E-002
  0.703600000000000       9.778382518917518E-002
  0.703680000000000       9.778633365597479E-002
  0.703760000000000       9.778884206544071E-002
  0.703840000000000       9.779135041863164E-002
  0.703920000000000       9.779385871476599E-002
  0.704000000000000       9.779636695428430E-002
  0.704080000000000       9.779887513699471E-002
  0.704160000000000       9.780138326258460E-002
  0.704240000000000       9.780389133112501E-002
  0.704320000000000       9.780639934321279E-002
  0.704400000000000       9.780890729818716E-002
  0.704480000000000       9.781141519610494E-002
  0.704560000000000       9.781392303714377E-002
  0.704640000000000       9.781643082110471E-002
  0.704720000000000       9.781893854790959E-002
  0.704800000000000       9.782144621781420E-002
  0.704880000000000       9.782395383046329E-002
  0.704960000000000       9.782646138610553E-002
  0.705040000000000       9.782896888454197E-002
  0.705120000000000       9.783147632560209E-002
  0.705200000000000       9.783398370972642E-002
  0.705280000000000       9.783649103687943E-002
  0.705360000000000       9.783899830653532E-002
  0.705440000000000       9.784150551874383E-002
  0.705520000000000       9.784401267373945E-002
  0.705600000000000       9.784651977155769E-002
  0.705680000000000       9.784902681219144E-002
  0.705760000000000       9.785153379499413E-002
  0.705840000000000       9.785404072064786E-002
  0.705920000000000       9.785654758875474E-002
  0.706000000000000       9.785905439977662E-002
  0.706080000000000       9.786156115319479E-002
  0.706160000000000       9.786406784888847E-002
  0.706240000000000       9.786657448734794E-002
  0.706320000000000       9.786908106828186E-002
  0.706400000000000       9.787158759154103E-002
  0.706480000000000       9.787409405752336E-002
  0.706560000000000       9.787660046550407E-002
  0.706640000000000       9.787910681610847E-002
  0.706720000000000       9.788161310893863E-002
  0.706800000000000       9.788411934405140E-002
  0.706880000000000       9.788662552158890E-002
  0.706960000000000       9.788913164110348E-002
  0.707040000000000       9.789163770309252E-002
  0.707120000000000       9.789414370744233E-002
  0.707200000000000       9.789664965391844E-002
  0.707280000000000       9.789915554266294E-002
  0.707360000000000       9.790166137323532E-002
  0.707440000000000       9.790416714634610E-002
  0.707520000000000       9.790667286120659E-002
  0.707600000000000       9.790917851828575E-002
  0.707680000000000       9.791168411745567E-002
  0.707760000000000       9.791418965866662E-002
  0.707840000000000       9.791669514211045E-002
  0.707920000000000       9.791920056723293E-002
  0.708000000000000       9.792170593438933E-002
  0.708080000000000       9.792421124343755E-002
  0.708160000000000       9.792671649449837E-002
  0.708240000000000       9.792922168729469E-002
  0.708320000000000       9.793172682214625E-002
  0.708400000000000       9.793423189862673E-002
  0.708480000000000       9.793673691714112E-002
  0.708560000000000       9.793924187763971E-002
  0.708640000000000       9.794174677938351E-002
  0.708720000000000       9.794425162314703E-002
  0.708800000000000       9.794675640843288E-002
  0.708880000000000       9.794926113546133E-002
  0.708960000000000       9.795176580424660E-002
  0.709040000000000       9.795427041493789E-002
  0.709120000000000       9.795677496717993E-002
  0.709200000000000       9.795927946066009E-002
  0.709280000000000       9.796178389603206E-002
  0.709360000000000       9.796428827284821E-002
  0.709440000000000       9.796679259128617E-002
  0.709520000000000       9.796929685116830E-002
  0.709600000000000       9.797180105248750E-002
  0.709680000000000       9.797430519544982E-002
  0.709760000000000       9.797680927961473E-002
  0.709840000000000       9.797931330520250E-002
  0.709920000000000       9.798181727207812E-002
  0.710000000000000       9.798432118046897E-002
  0.710080000000000       9.798682503024005E-002
  0.710160000000000       9.798932882148371E-002
  0.710240000000000       9.799183255378076E-002
  0.710320000000000       9.799433622720934E-002
  0.710400000000000       9.799683984199682E-002
  0.710480000000000       9.799934339822138E-002
  0.710560000000000       9.800184689539272E-002
  0.710640000000000       9.800435033397982E-002
  0.710720000000000       9.800685371351371E-002
  0.710800000000000       9.800935703416493E-002
  0.710880000000000       9.801186029584109E-002
  0.710960000000000       9.801436349847116E-002
  0.711040000000000       9.801686664249566E-002
  0.711120000000000       9.801936972753801E-002
  0.711200000000000       9.802187275347031E-002
  0.711280000000000       9.802437572025703E-002
  0.711360000000000       9.802687862815397E-002
  0.711440000000000       9.802938147689823E-002
  0.711520000000000       9.803188426634059E-002
  0.711600000000000       9.803438699717738E-002
  0.711680000000000       9.803688966815806E-002
  0.711760000000000       9.803939228072502E-002
  0.711840000000000       9.804189483334348E-002
  0.711920000000000       9.804439732734928E-002
  0.712000000000000       9.804689976183291E-002
  0.712080000000000       9.804940213718517E-002
  0.712160000000000       9.805190445329239E-002
  0.712240000000000       9.805440670992717E-002
  0.712320000000000       9.805690890732401E-002
  0.712400000000000       9.805941104529105E-002
  0.712480000000000       9.806191312439673E-002
  0.712560000000000       9.806441514318444E-002
  0.712640000000000       9.806691710282657E-002
  0.712720000000000       9.806941900330181E-002
  0.712800000000000       9.807192084405593E-002
  0.712880000000000       9.807442262530210E-002
  0.712960000000000       9.807692434720373E-002
  0.713040000000000       9.807942600927767E-002
  0.713120000000000       9.808192761212788E-002
  0.713200000000000       9.808442915502959E-002
  0.713280000000000       9.808693063848729E-002
  0.713360000000000       9.808943206229494E-002
  0.713440000000000       9.809193342632462E-002
  0.713520000000000       9.809443473066161E-002
  0.713600000000000       9.809693597560433E-002
  0.713680000000000       9.809943716025750E-002
  0.713760000000000       9.810193828539561E-002
  0.713840000000000       9.810443935063497E-002
  0.713920000000000       9.810694035635927E-002
  0.714000000000000       9.810944130187217E-002
  0.714080000000000       9.811194218794818E-002
  0.714160000000000       9.811444301377016E-002
  0.714240000000000       9.811694377999182E-002
  0.714320000000000       9.811944448571787E-002
  0.714400000000000       9.812194513212781E-002
  0.714480000000000       9.812444571839742E-002
  0.714560000000000       9.812694624434194E-002
  0.714640000000000       9.812944671040903E-002
  0.714720000000000       9.813194711637842E-002
  0.714800000000000       9.813444746237089E-002
  0.714880000000000       9.813694774823724E-002
  0.714960000000000       9.813944797375719E-002
  0.715040000000000       9.814194813952760E-002
  0.715120000000000       9.814444824468162E-002
  0.715200000000000       9.814694829000083E-002
  0.715280000000000       9.814944827472495E-002
  0.715360000000000       9.815194819945085E-002
  0.715440000000000       9.815444806397956E-002
  0.715520000000000       9.815694786810504E-002
  0.715600000000000       9.815944761182017E-002
  0.715680000000000       9.816194729526707E-002
  0.715760000000000       9.816444691829652E-002
  0.715840000000000       9.816694648072379E-002
  0.715920000000000       9.816944598296097E-002
  0.716000000000000       9.817194542486597E-002
  0.716080000000000       9.817444480614747E-002
  0.716160000000000       9.817694412722468E-002
  0.716240000000000       9.817944338740127E-002
  0.716320000000000       9.818194258703251E-002
  0.716400000000000       9.818444172621789E-002
  0.716480000000000       9.818694080513503E-002
  0.716560000000000       9.818943982309471E-002
  0.716640000000000       9.819193878036693E-002
  0.716720000000000       9.819443767711512E-002
  0.716800000000000       9.819693651311902E-002
  0.716880000000000       9.819943528842835E-002
  0.716960000000000       9.820193400313550E-002
  0.717040000000000       9.820443265705571E-002
  0.717120000000000       9.820693124986214E-002
  0.717200000000000       9.820942978215165E-002
  0.717280000000000       9.821192825366133E-002
  0.717360000000000       9.821442666426329E-002
  0.717440000000000       9.821692501378700E-002
  0.717520000000000       9.821942330260904E-002
  0.717600000000000       9.822192153077915E-002
  0.717680000000000       9.822441969745178E-002
  0.717760000000000       9.822691780338723E-002
  0.717840000000000       9.822941584819468E-002
  0.717920000000000       9.823191383215125E-002
  0.718000000000000       9.823441175519300E-002
  0.718080000000000       9.823690961700017E-002
  0.718160000000000       9.823940741774330E-002
  0.718240000000000       9.824190515729449E-002
  0.718320000000000       9.824440283585269E-002
  0.718400000000000       9.824690045295605E-002
  0.718480000000000       9.824939800922274E-002
  0.718560000000000       9.825189550404169E-002
  0.718640000000000       9.825439293792450E-002
  0.718720000000000       9.825689031010378E-002
  0.718800000000000       9.825938762106980E-002
  0.718880000000000       9.826188487117783E-002
  0.718960000000000       9.826438205961076E-002
  0.719040000000000       9.826687918677358E-002
  0.719120000000000       9.826937625221156E-002
  0.719200000000000       9.827187325677024E-002
  0.719280000000000       9.827437019964670E-002
  0.719360000000000       9.827686708099727E-002
  0.719440000000000       9.827936390115589E-002
  0.719520000000000       9.828186065935519E-002
  0.719600000000000       9.828435735663966E-002
  0.719680000000000       9.828685399204297E-002
  0.719760000000000       9.828935056611222E-002
  0.719840000000000       9.829184707798767E-002
  0.719920000000000       9.829434352854328E-002
  0.720000000000000       9.829683991768669E-002
  0.720080000000000       9.829933624470734E-002
  0.720160000000000       9.830183251079185E-002
  0.720240000000000       9.830432871477492E-002
  0.720320000000000       9.830682485684840E-002
  0.720400000000000       9.830932093705493E-002
  0.720480000000000       9.831181695557924E-002
  0.720560000000000       9.831431291257765E-002
  0.720640000000000       9.831680880739647E-002
  0.720720000000000       9.831930464065387E-002
  0.720800000000000       9.832180041183115E-002
  0.720880000000000       9.832429612120543E-002
  0.720960000000000       9.832679176859906E-002
  0.721040000000000       9.832928735390546E-002
  0.721120000000000       9.833178287728096E-002
  0.721200000000000       9.833427833878951E-002
  0.721280000000000       9.833677373843110E-002
  0.721360000000000       9.833926907581493E-002
  0.721440000000000       9.834176435089838E-002
  0.721520000000000       9.834425956430672E-002
  0.721600000000000       9.834675471498124E-002
  0.721680000000000       9.834924980398775E-002
  0.721760000000000       9.835174483075783E-002
  0.721840000000000       9.835423979559700E-002
  0.721920000000000       9.835673469784446E-002
  0.722000000000000       9.835922953804734E-002
  0.722080000000000       9.836172431580771E-002
  0.722160000000000       9.836421903130323E-002
  0.722240000000000       9.836671368446283E-002
  0.722320000000000       9.836920827557784E-002
  0.722400000000000       9.837170280411535E-002
  0.722480000000000       9.837419727028142E-002
  0.722560000000000       9.837669167399078E-002
  0.722640000000000       9.837918601508712E-002
  0.722720000000000       9.838168029394702E-002
  0.722800000000000       9.838417451051364E-002
  0.722880000000000       9.838666866394853E-002
  0.722960000000000       9.838916275580069E-002
  0.723040000000000       9.839165678422980E-002
  0.723120000000000       9.839415075064274E-002
  0.723200000000000       9.839664465417265E-002
  0.723280000000000       9.839913849527428E-002
  0.723360000000000       9.840163227350708E-002
  0.723440000000000       9.840412598904159E-002
  0.723520000000000       9.840661964216914E-002
  0.723600000000000       9.840911323221470E-002
  0.723680000000000       9.841160675974671E-002
  0.723760000000000       9.841410022452358E-002
  0.723840000000000       9.841659362666612E-002
  0.723920000000000       9.841908696540692E-002
  0.724000000000000       9.842158024185445E-002
  0.724080000000000       9.842407345506367E-002
  0.724160000000000       9.842656660565276E-002
  0.724240000000000       9.842905969331618E-002
  0.724320000000000       9.843155271798999E-002
  0.724400000000000       9.843404567977367E-002
  0.724480000000000       9.843653857839009E-002
  0.724560000000000       9.843903141401690E-002
  0.724640000000000       9.844152418678910E-002
  0.724720000000000       9.844401689643668E-002
  0.724800000000000       9.844650954280333E-002
  0.724880000000000       9.844900212651432E-002
  0.724960000000000       9.845149464649673E-002
  0.725040000000000       9.845398710393007E-002
  0.725120000000000       9.845647949786930E-002
  0.725200000000000       9.845897182876208E-002
  0.725280000000000       9.846146409613234E-002
  0.725360000000000       9.846395630035666E-002
  0.725440000000000       9.846644844166243E-002
  0.725520000000000       9.846894051962331E-002
  0.725600000000000       9.847143253383429E-002
  0.725680000000000       9.847392448500593E-002
  0.725760000000000       9.847641637271189E-002
  0.725840000000000       9.847890819693796E-002
  0.725920000000000       9.848139995819573E-002
  0.726000000000000       9.848389165560413E-002
  0.726080000000000       9.848638328965344E-002
  0.726160000000000       9.848887486004522E-002
  0.726240000000000       9.849136636697133E-002
  0.726320000000000       9.849385781066623E-002
  0.726400000000000       9.849634919068941E-002
  0.726480000000000       9.849884050683479E-002
  0.726560000000000       9.850133175957844E-002
  0.726640000000000       9.850382294858641E-002
  0.726720000000000       9.850631407418554E-002
  0.726800000000000       9.850880513596373E-002
  0.726880000000000       9.851129613404887E-002
  0.726960000000000       9.851378706878912E-002
  0.727040000000000       9.851627793903341E-002
  0.727120000000000       9.851876874589728E-002
  0.727200000000000       9.852125948919600E-002
  0.727280000000000       9.852375016816219E-002
  0.727360000000000       9.852624078366980E-002
  0.727440000000000       9.852873133532804E-002
  0.727520000000000       9.853122182300901E-002
  0.727600000000000       9.853371224642850E-002
  0.727680000000000       9.853620260647468E-002
  0.727760000000000       9.853869290221674E-002
  0.727840000000000       9.854118313400285E-002
  0.727920000000000       9.854367330162696E-002
  0.728000000000000       9.854616340559354E-002
  0.728080000000000       9.854865344532705E-002
  0.728160000000000       9.855114342104067E-002
  0.728240000000000       9.855363333249990E-002
  0.728320000000000       9.855612318010266E-002
  0.728400000000000       9.855861296321657E-002
  0.728480000000000       9.856110268236741E-002
  0.728560000000000       9.856359233717861E-002
  0.728640000000000       9.856608192796280E-002
  0.728720000000000       9.856857145436472E-002
  0.728800000000000       9.857106091640568E-002
  0.728880000000000       9.857355031446226E-002
  0.728960000000000       9.857603964793051E-002
  0.729040000000000       9.857852891696674E-002
  0.729120000000000       9.858101812186938E-002
  0.729200000000000       9.858350726222632E-002
  0.729280000000000       9.858599633842836E-002
  0.729360000000000       9.858848534989285E-002
  0.729440000000000       9.859097429702481E-002
  0.729520000000000       9.859346317945474E-002
  0.729600000000000       9.859595199770134E-002
  0.729680000000000       9.859844075120329E-002
  0.729760000000000       9.860092944011691E-002
  0.729840000000000       9.860341806496799E-002
  0.729920000000000       9.860590662464098E-002
  0.730000000000000       9.860839511978960E-002
  0.730080000000000       9.861088355052751E-002
  0.730160000000000       9.861337191608734E-002
  0.730240000000000       9.861586021744963E-002
  0.730320000000000       9.861834845380436E-002
  0.730400000000000       9.862083662566314E-002
  0.730480000000000       9.862332473252146E-002
  0.730560000000000       9.862581277454986E-002
  0.730640000000000       9.862830075169150E-002
  0.730720000000000       9.863078866450060E-002
  0.730800000000000       9.863327651190425E-002
  0.730880000000000       9.863576429459876E-002
  0.730960000000000       9.863825201239231E-002
  0.731040000000000       9.864073966533461E-002
  0.731120000000000       9.864322725292120E-002
  0.731200000000000       9.864571477591945E-002
  0.731280000000000       9.864820223357619E-002
  0.731360000000000       9.865068962672986E-002
  0.731440000000000       9.865317695444255E-002
  0.731520000000000       9.865566421712636E-002
  0.731600000000000       9.865815141498736E-002
  0.731680000000000       9.866063854745712E-002
  0.731760000000000       9.866312561457825E-002
  0.731840000000000       9.866561261677000E-002
  0.731920000000000       9.866809955376944E-002
  0.732000000000000       9.867058642531369E-002
  0.732080000000000       9.867307323170117E-002
  0.732160000000000       9.867555997307399E-002
  0.732240000000000       9.867804664889925E-002
  0.732320000000000       9.868053325943983E-002
  0.732400000000000       9.868301980455364E-002
  0.732480000000000       9.868550628459595E-002
  0.732560000000000       9.868799269895569E-002
  0.732640000000000       9.869047904839313E-002
  0.732720000000000       9.869296533182827E-002
  0.732800000000000       9.869545154994321E-002
  0.732880000000000       9.869793770257453E-002
  0.732960000000000       9.870042378987144E-002
  0.733040000000000       9.870290981111630E-002
  0.733120000000000       9.870539576746019E-002
  0.733200000000000       9.870788165810730E-002
  0.733280000000000       9.871036748284447E-002
  0.733360000000000       9.871285324214064E-002
  0.733440000000000       9.871533893571872E-002
  0.733520000000000       9.871782456373503E-002
  0.733600000000000       9.872031012594086E-002
  0.733680000000000       9.872279562230070E-002
  0.733760000000000       9.872528105301349E-002
  0.733840000000000       9.872776641788029E-002
  0.733920000000000       9.873025171719242E-002
  0.734000000000000       9.873273695081487E-002
  0.734080000000000       9.873522211817211E-002
  0.734160000000000       9.873770721980414E-002
  0.734240000000000       9.874019225564702E-002
  0.734320000000000       9.874267722531706E-002
  0.734400000000000       9.874516212909136E-002
  0.734480000000000       9.874764696726125E-002
  0.734560000000000       9.875013173924409E-002
  0.734640000000000       9.875261644523171E-002
  0.734720000000000       9.875510108518150E-002
  0.734800000000000       9.875758565885186E-002
  0.734880000000000       9.876007016678280E-002
  0.734960000000000       9.876255460837037E-002
  0.735040000000000       9.876503898396984E-002
  0.735120000000000       9.876752329343909E-002
  0.735200000000000       9.877000753667865E-002
  0.735280000000000       9.877249171376669E-002
  0.735360000000000       9.877497582423424E-002
  0.735440000000000       9.877745986886290E-002
  0.735520000000000       9.877994384737555E-002
  0.735600000000000       9.878242775921799E-002
  0.735680000000000       9.878491160509363E-002
  0.735760000000000       9.878739538423510E-002
  0.735840000000000       9.878987909746663E-002
  0.735920000000000       9.879236274384319E-002
  0.736000000000000       9.879484632399717E-002
  0.736080000000000       9.879732983753776E-002
  0.736160000000000       9.879981328506894E-002
  0.736240000000000       9.880229666597963E-002
  0.736320000000000       9.880477997981509E-002
  0.736400000000000       9.880726322761980E-002
  0.736480000000000       9.880974640902430E-002
  0.736560000000000       9.881222952369463E-002
  0.736640000000000       9.881471257160236E-002
  0.736720000000000       9.881719555291803E-002
  0.736800000000000       9.881967846779084E-002
  0.736880000000000       9.882216131585843E-002
  0.736960000000000       9.882464409719184E-002
  0.737040000000000       9.882712681187635E-002
  0.737120000000000       9.882960945963483E-002
  0.737200000000000       9.883209204109257E-002
  0.737280000000000       9.883457455519086E-002
  0.737360000000000       9.883705700268287E-002
  0.737440000000000       9.883953938339808E-002
  0.737520000000000       9.884202169709490E-002
  0.737600000000000       9.884450394415702E-002
  0.737680000000000       9.884698612412969E-002
  0.737760000000000       9.884946823729714E-002
  0.737840000000000       9.885195028333961E-002
  0.737920000000000       9.885443226245606E-002
  0.738000000000000       9.885691417458965E-002
  0.738080000000000       9.885939601976880E-002
  0.738160000000000       9.886187779791535E-002
  0.738240000000000       9.886435950883744E-002
  0.738320000000000       9.886684115260615E-002
  0.738400000000000       9.886932272940620E-002
  0.738480000000000       9.887180423895338E-002
  0.738560000000000       9.887428568163849E-002
  0.738640000000000       9.887676705677230E-002
  0.738720000000000       9.887924836487351E-002
  0.738800000000000       9.888172960530973E-002
  0.738880000000000       9.888421077929600E-002
  0.738960000000000       9.888669188519807E-002
  0.739040000000000       9.888917292445833E-002
  0.739120000000000       9.889165389570544E-002
  0.739200000000000       9.889413480003363E-002
  0.739280000000000       9.889661563706632E-002
  0.739360000000000       9.889909640623508E-002
  0.739440000000000       9.890157710807281E-002
  0.739520000000000       9.890405774293477E-002
  0.739600000000000       9.890653830985464E-002
  0.739680000000000       9.890901880936533E-002
  0.739760000000000       9.891149924132471E-002
  0.739840000000000       9.891397960602412E-002
  0.739920000000000       9.891645990293065E-002
