  0.660000000000000       0.101386462348272     
  0.660080000000000       0.101387635734340     
  0.660160000000000       0.101388809291037     
  0.660240000000000       0.101389983018932     
  0.660320000000000       0.101391156917543     
  0.660400000000000       0.101392330987010     
  0.660480000000000       0.101393505227917     
  0.660560000000000       0.101394679639085     
  0.660640000000000       0.101395854221337     
  0.660720000000000       0.101397028974716     
  0.660800000000000       0.101398203898611     
  0.660880000000000       0.101399378993349     
  0.660960000000000       0.101400554258972     
  0.661040000000000       0.101401729695879     
  0.661120000000000       0.101402905303046     
  0.661200000000000       0.101404081081383     
  0.661280000000000       0.101405257030364     
  0.661360000000000       0.101406433149818     
  0.661440000000000       0.101407609440272     
  0.661520000000000       0.101408785901525     
  0.661600000000000       0.101409962533849     
  0.661680000000000       0.101411139336135     
  0.661760000000000       0.101412316309847     
  0.661840000000000       0.101413493454103     
  0.661920000000000       0.101414670768988     
  0.662000000000000       0.101415848254617     
  0.662080000000000       0.101417025910705     
  0.662160000000000       0.101418203737779     
  0.662240000000000       0.101419381735439     
  0.662320000000000       0.101420559903615     
  0.662400000000000       0.101421738242663     
  0.662480000000000       0.101422916752028     
  0.662560000000000       0.101424095432093     
  0.662640000000000       0.101425274282760     
  0.662720000000000       0.101426453304298     
  0.662800000000000       0.101427632496381     
  0.662880000000000       0.101428811858695     
  0.662960000000000       0.101429991391796     
  0.663040000000000       0.101431171095398     
  0.663120000000000       0.101432350969488     
  0.663200000000000       0.101433531014350     
  0.663280000000000       0.101434711229884     
  0.663360000000000       0.101435891615465     
  0.663440000000000       0.101437072171861     
  0.663520000000000       0.101438252898645     
  0.663600000000000       0.101439433795760     
  0.663680000000000       0.101440614863392     
  0.663760000000000       0.101441796101667     
  0.663840000000000       0.101442977510273     
  0.663920000000000       0.101444159089041     
  0.664000000000000       0.101445340838935     
  0.664080000000000       0.101446522758749     
  0.664160000000000       0.101447704848766     
  0.664240000000000       0.101448887109569     
  0.664320000000000       0.101450069540547     
  0.664400000000000       0.101451252141756     
  0.664480000000000       0.101452434913980     
  0.664560000000000       0.101453617855909     
  0.664640000000000       0.101454800968454     
  0.664720000000000       0.101455984251188     
  0.664800000000000       0.101457167704566     
  0.664880000000000       0.101458351327920     
  0.664960000000000       0.101459535121520     
  0.665040000000000       0.101460719085309     
  0.665120000000000       0.101461903219899     
  0.665200000000000       0.101463087524393     
  0.665280000000000       0.101464271999389     
  0.665360000000000       0.101465456644376     
  0.665440000000000       0.101466641459708     
  0.665520000000000       0.101467826445101     
  0.665600000000000       0.101469011600755     
  0.665680000000000       0.101470196926953     
  0.665760000000000       0.101471382422559     
  0.665840000000000       0.101472568089064     
  0.665920000000000       0.101473753925716     
  0.666000000000000       0.101474939931960     
  0.666080000000000       0.101476126109076     
  0.666160000000000       0.101477312455940     
  0.666240000000000       0.101478498972695     
  0.666320000000000       0.101479685660052     
  0.666400000000000       0.101480872517143     
  0.666480000000000       0.101482059544551     
  0.666560000000000       0.101483246741608     
  0.666640000000000       0.101484434109081     
  0.666720000000000       0.101485621646446     
  0.666800000000000       0.101486809354198     
  0.666880000000000       0.101487997231984     
  0.666960000000000       0.101489185279077     
  0.667040000000000       0.101490373496943     
  0.667120000000000       0.101491561884415     
  0.667200000000000       0.101492750441934     
  0.667280000000000       0.101493939169912     
  0.667360000000000       0.101495128067355     
  0.667440000000000       0.101496317134774     
  0.667520000000000       0.101497506372083     
  0.667600000000000       0.101498695779468     
  0.667680000000000       0.101499885356744     
  0.667760000000000       0.101501075104024     
  0.667840000000000       0.101502265021053     
  0.667920000000000       0.101503455108143     
  0.668000000000000       0.101504645365082     
  0.668080000000000       0.101505835791996     
  0.668160000000000       0.101507026388574     
  0.668240000000000       0.101508217154943     
  0.668320000000000       0.101509408091203     
  0.668400000000000       0.101510599197211     
  0.668480000000000       0.101511790473452     
  0.668560000000000       0.101512981919043     
  0.668640000000000       0.101514173534624     
  0.668720000000000       0.101515365320224     
  0.668800000000000       0.101516557274890     
  0.668880000000000       0.101517749400144     
  0.668960000000000       0.101518941694578     
  0.669040000000000       0.101520134158945     
  0.669120000000000       0.101521326792919     
  0.669200000000000       0.101522519596869     
  0.669280000000000       0.101523712570240     
  0.669360000000000       0.101524905713489     
  0.669440000000000       0.101526099026329     
  0.669520000000000       0.101527292508933     
  0.669600000000000       0.101528486161072     
  0.669680000000000       0.101529679982945     
  0.669760000000000       0.101530873974610     
  0.669840000000000       0.101532068135767     
  0.669920000000000       0.101533262466119     
  0.670000000000000       0.101534456966873     
  0.670080000000000       0.101535651636495     
  0.670160000000000       0.101536846475951     
  0.670240000000000       0.101538041485340     
  0.670320000000000       0.101539236663938     
  0.670400000000000       0.101540432012171     
  0.670480000000000       0.101541627529755     
  0.670560000000000       0.101542823217144     
  0.670640000000000       0.101544019074168     
  0.670720000000000       0.101545215100429     
  0.670800000000000       0.101546411295856     
  0.670880000000000       0.101547607661316     
  0.670960000000000       0.101548804195786     
  0.671040000000000       0.101550000900445     
  0.671120000000000       0.101551197774199     
  0.671200000000000       0.101552394817076     
  0.671280000000000       0.101553592029517     
  0.671360000000000       0.101554789411636     
  0.671440000000000       0.101555986962878     
  0.671520000000000       0.101557184683485     
  0.671600000000000       0.101558382573827     
  0.671680000000000       0.101559580633491     
  0.671760000000000       0.101560778862122     
  0.671840000000000       0.101561977260302     
  0.671920000000000       0.101563175827905     
  0.672000000000000       0.101564374565029     
  0.672080000000000       0.101565573471503     
  0.672160000000000       0.101566772546618     
  0.672240000000000       0.101567971791410     
  0.672320000000000       0.101569171205582     
  0.672400000000000       0.101570370788848     
  0.672480000000000       0.101571570541593     
  0.672560000000000       0.101572770463661     
  0.672640000000000       0.101573970554880     
  0.672720000000000       0.101575170815209     
  0.672800000000000       0.101576371244817     
  0.672880000000000       0.101577571843435     
  0.672960000000000       0.101578772611432     
  0.673040000000000       0.101579973548652     
  0.673120000000000       0.101581174655080     
  0.673200000000000       0.101582375930504     
  0.673280000000000       0.101583577375236     
  0.673360000000000       0.101584778989007     
  0.673440000000000       0.101585980771986     
  0.673520000000000       0.101587182724159     
  0.673600000000000       0.101588384844930     
  0.673680000000000       0.101589587135378     
  0.673760000000000       0.101590789594737     
  0.673840000000000       0.101591992223091     
  0.673920000000000       0.101593195020455     
  0.674000000000000       0.101594397987525     
  0.674080000000000       0.101595601122582     
  0.674160000000000       0.101596804427230     
  0.674240000000000       0.101598007900960     
  0.674320000000000       0.101599211543330     
  0.674400000000000       0.101600415355107     
  0.674480000000000       0.101601619335610     
  0.674560000000000       0.101602823485208     
  0.674640000000000       0.101604027803787     
  0.674720000000000       0.101605232291248     
  0.674800000000000       0.101606436947605     
  0.674880000000000       0.101607641772957     
  0.674960000000000       0.101608846767220     
  0.675040000000000       0.101610051930023     
  0.675120000000000       0.101611257262447     
  0.675200000000000       0.101612462763440     
  0.675280000000000       0.101613668432932     
  0.675360000000000       0.101614874271873     
  0.675440000000000       0.101616080279341     
  0.675520000000000       0.101617286455492     
  0.675600000000000       0.101618492800625     
  0.675680000000000       0.101619699314894     
  0.675760000000000       0.101620905997506     
  0.675840000000000       0.101622112849269     
  0.675920000000000       0.101623319869630     
  0.676000000000000       0.101624527058688     
  0.676080000000000       0.101625734416685     
  0.676160000000000       0.101626941943166     
  0.676240000000000       0.101628149638400     
  0.676320000000000       0.101629357502843     
  0.676400000000000       0.101630565535330     
  0.676480000000000       0.101631773736883     
  0.676560000000000       0.101632982107375     
  0.676640000000000       0.101634190646066     
  0.676720000000000       0.101635399353710     
  0.676800000000000       0.101636608230094     
  0.676880000000000       0.101637817275090     
  0.676960000000000       0.101639026488285     
  0.677040000000000       0.101640235870604     
  0.677120000000000       0.101641445421350     
  0.677200000000000       0.101642655140693     
  0.677280000000000       0.101643865028662     
  0.677360000000000       0.101645075085030     
  0.677440000000000       0.101646285310308     
  0.677520000000000       0.101647495703630     
  0.677600000000000       0.101648706266146     
  0.677680000000000       0.101649916996791     
  0.677760000000000       0.101651127896132     
  0.677840000000000       0.101652338963930     
  0.677920000000000       0.101653550200054     
  0.678000000000000       0.101654761604706     
  0.678080000000000       0.101655973178182     
  0.678160000000000       0.101657184919801     
  0.678240000000000       0.101658396829932     
  0.678320000000000       0.101659608908462     
  0.678400000000000       0.101660821155405     
  0.678480000000000       0.101662033570690     
  0.678560000000000       0.101663246154643     
  0.678640000000000       0.101664458906668     
  0.678720000000000       0.101665671827816     
  0.678800000000000       0.101666884916738     
  0.678880000000000       0.101668098173888     
  0.678960000000000       0.101669311599891     
  0.679040000000000       0.101670525193696     
  0.679120000000000       0.101671738955957     
  0.679200000000000       0.101672952886999     
  0.679280000000000       0.101674166985915     
  0.679360000000000       0.101675381253045     
  0.679440000000000       0.101676595688587     
  0.679520000000000       0.101677810292954     
  0.679600000000000       0.101679025064782     
  0.679680000000000       0.101680240005293     
  0.679760000000000       0.101681455113663     
  0.679840000000000       0.101682670390573     
  0.679920000000000       0.101683885835711     
  0.680000000000000       0.101685101449305     
  0.680080000000000       0.101686317230345     
  0.680160000000000       0.101687533180111     
  0.680240000000000       0.101688749298247     
  0.680320000000000       0.101689965583801     
  0.680400000000000       0.101691182038152     
  0.680480000000000       0.101692398660389     
  0.680560000000000       0.101693615450713     
  0.680640000000000       0.101694832409151     
  0.680720000000000       0.101696049535646     
  0.680800000000000       0.101697266830398     
  0.680880000000000       0.101698484293137     
  0.680960000000000       0.101699701924175     
  0.681040000000000       0.101700919723029     
  0.681120000000000       0.101702137689840     
  0.681200000000000       0.101703355824582     
  0.681280000000000       0.101704574127651     
  0.681360000000000       0.101705792598778     
  0.681440000000000       0.101707011237862     
  0.681520000000000       0.101708230044792     
  0.681600000000000       0.101709449019480     
  0.681680000000000       0.101710668162709     
  0.681760000000000       0.101711887473910     
  0.681840000000000       0.101713106952487     
  0.681920000000000       0.101714326599150     
  0.682000000000000       0.101715546414027     
  0.682080000000000       0.101716766396577     
  0.682160000000000       0.101717986547114     
  0.682240000000000       0.101719206865083     
  0.682320000000000       0.101720427351707     
  0.682400000000000       0.101721648005664     
  0.682480000000000       0.101722868827635     
  0.682560000000000       0.101724089817508     
  0.682640000000000       0.101725310974913     
  0.682720000000000       0.101726532300332     
  0.682800000000000       0.101727753793880     
  0.682880000000000       0.101728975454647     
  0.682960000000000       0.101730197283572     
  0.683040000000000       0.101731419279829     
  0.683120000000000       0.101732641444641     
  0.683200000000000       0.101733863776729     
  0.683280000000000       0.101735086276334     
  0.683360000000000       0.101736308943699     
  0.683440000000000       0.101737531779164     
  0.683520000000000       0.101738754782388     
  0.683600000000000       0.101739977952703     
  0.683680000000000       0.101741201291019     
  0.683760000000000       0.101742424797378     
  0.683840000000000       0.101743648470843     
  0.683920000000000       0.101744872312309     
  0.684000000000000       0.101746096321022     
  0.684080000000000       0.101747320497593     
  0.684160000000000       0.101748544841626     
  0.684240000000000       0.101749769353744     
  0.684320000000000       0.101750994032726     
  0.684400000000000       0.101752218879908     
  0.684480000000000       0.101753443894451     
  0.684560000000000       0.101754669076057     
  0.684640000000000       0.101755894425607     
  0.684720000000000       0.101757119942774     
  0.684800000000000       0.101758345627444     
  0.684880000000000       0.101759571479831     
  0.684960000000000       0.101760797499124     
  0.685040000000000       0.101762023686802     
  0.685120000000000       0.101763250040818     
  0.685200000000000       0.101764476562663     
  0.685280000000000       0.101765703252553     
  0.685360000000000       0.101766930109135     
  0.685440000000000       0.101768157133662     
  0.685520000000000       0.101769384325379     
  0.685600000000000       0.101770611684557     
  0.685680000000000       0.101771839211408     
  0.685760000000000       0.101773066904925     
  0.685840000000000       0.101774294766428     
  0.685920000000000       0.101775522795093     
  0.686000000000000       0.101776750990637     
  0.686080000000000       0.101777979354394     
  0.686160000000000       0.101779207884930     
  0.686240000000000       0.101780436582899     
  0.686320000000000       0.101781665447844     
  0.686400000000000       0.101782894480919     
  0.686480000000000       0.101784123680516     
  0.686560000000000       0.101785353047290     
  0.686640000000000       0.101786582581780     
  0.686720000000000       0.101787812283305     
  0.686800000000000       0.101789042151949     
  0.686880000000000       0.101790272187855     
  0.686960000000000       0.101791502391222     
  0.687040000000000       0.101792732761594     
  0.687120000000000       0.101793963299229     
  0.687200000000000       0.101795194004097     
  0.687280000000000       0.101796424875601     
  0.687360000000000       0.101797655915077     
  0.687440000000000       0.101798887120935     
  0.687520000000000       0.101800118494366     
  0.687600000000000       0.101801350034847     
  0.687680000000000       0.101802581742262     
  0.687760000000000       0.101803813616811     
  0.687840000000000       0.101805045658593     
  0.687920000000000       0.101806277867325     
  0.688000000000000       0.101807510242948     
  0.688080000000000       0.101808742786132     
  0.688160000000000       0.101809975495669     
  0.688240000000000       0.101811208372353     
  0.688320000000000       0.101812441416327     
  0.688400000000000       0.101813674627421     
  0.688480000000000       0.101814908005081     
  0.688560000000000       0.101816141549889     
  0.688640000000000       0.101817375261958     
  0.688720000000000       0.101818609140451     
  0.688800000000000       0.101819843186347     
  0.688880000000000       0.101821077398895     
  0.688960000000000       0.101822311778221     
  0.689040000000000       0.101823546324808     
  0.689120000000000       0.101824781037748     
  0.689200000000000       0.101826015918163     
  0.689280000000000       0.101827250965100     
  0.689360000000000       0.101828486179072     
  0.689440000000000       0.101829721559567     
  0.689520000000000       0.101830957107466     
  0.689600000000000       0.101832192822058     
  0.689680000000000       0.101833428702974     
  0.689760000000000       0.101834664750867     
  0.689840000000000       0.101835900965852     
  0.689920000000000       0.101837137346933     
  0.690000000000000       0.101838373895560     
  0.690080000000000       0.101839610610369     
  0.690160000000000       0.101840847492524     
  0.690240000000000       0.101842084540777     
  0.690320000000000       0.101843321755907     
  0.690400000000000       0.101844559138129     
  0.690480000000000       0.101845796686646     
  0.690560000000000       0.101847034401700     
  0.690640000000000       0.101848272283745     
  0.690720000000000       0.101849510332115     
  0.690800000000000       0.101850748547704     
  0.690880000000000       0.101851986929602     
  0.690960000000000       0.101853225478137     
  0.691040000000000       0.101854464193266     
  0.691120000000000       0.101855703074988     
  0.691200000000000       0.101856942123035     
  0.691280000000000       0.101858181338286     
  0.691360000000000       0.101859420719619     
  0.691440000000000       0.101860660267604     
  0.691520000000000       0.101861899981812     
  0.691600000000000       0.101863139862885     
  0.691680000000000       0.101864379910352     
  0.691760000000000       0.101865620124555     
  0.691840000000000       0.101866860505282     
  0.691920000000000       0.101868101052417     
  0.692000000000000       0.101869341765577     
  0.692080000000000       0.101870582645687     
  0.692160000000000       0.101871823692007     
  0.692240000000000       0.101873064904750     
  0.692320000000000       0.101874306284002     
  0.692400000000000       0.101875547829478     
  0.692480000000000       0.101876789541620     
  0.692560000000000       0.101878031420085     
  0.692640000000000       0.101879273464816     
  0.692720000000000       0.101880515675801     
  0.692800000000000       0.101881758053707     
  0.692880000000000       0.101883000597439     
  0.692960000000000       0.101884243307636     
  0.693040000000000       0.101885486183973     
  0.693120000000000       0.101886729226592     
  0.693200000000000       0.101887972435534     
  0.693280000000000       0.101889215811084     
  0.693360000000000       0.101890459352801     
  0.693440000000000       0.101891703060516     
  0.693520000000000       0.101892946934654     
  0.693600000000000       0.101894190975201     
  0.693680000000000       0.101895435181532     
  0.693760000000000       0.101896679554172     
  0.693840000000000       0.101897924093406     
  0.693920000000000       0.101899168798211     
  0.694000000000000       0.101900413669511     
  0.694080000000000       0.101901658706878     
  0.694160000000000       0.101902903910598     
  0.694240000000000       0.101904149280258     
  0.694320000000000       0.101905394815986     
  0.694400000000000       0.101906640518037     
  0.694480000000000       0.101907886386072     
  0.694560000000000       0.101909132420430     
  0.694640000000000       0.101910378620459     
  0.694720000000000       0.101911624986840     
  0.694800000000000       0.101912871519317     
  0.694880000000000       0.101914118217493     
  0.694960000000000       0.101915365082092     
  0.695040000000000       0.101916612112389     
  0.695120000000000       0.101917859308840     
  0.695200000000000       0.101919106670947     
  0.695280000000000       0.101920354199577     
  0.695360000000000       0.101921601894204     
  0.695440000000000       0.101922849754444     
  0.695520000000000       0.101924097780695     
  0.695600000000000       0.101925345972759     
  0.695680000000000       0.101926594330847     
  0.695760000000000       0.101927842854805     
  0.695840000000000       0.101929091544505     
  0.695920000000000       0.101930340400741     
  0.696000000000000       0.101931589422363     
  0.696080000000000       0.101932838609684     
  0.696160000000000       0.101934087963158     
  0.696240000000000       0.101935337482330     
  0.696320000000000       0.101936587167557     
  0.696400000000000       0.101937837018126     
  0.696480000000000       0.101939087035063     
  0.696560000000000       0.101940337217569     
  0.696640000000000       0.101941587565576     
  0.696720000000000       0.101942838079750     
  0.696800000000000       0.101944088759608     
  0.696880000000000       0.101945339604852     
  0.696960000000000       0.101946590616378     
  0.697040000000000       0.101947841793176     
  0.697120000000000       0.101949093135885     
  0.697200000000000       0.101950344644194     
  0.697280000000000       0.101951596318087     
  0.697360000000000       0.101952848157878     
  0.697440000000000       0.101954100163169     
  0.697520000000000       0.101955352334087     
  0.697600000000000       0.101956604670746     
  0.697680000000000       0.101957857173019     
  0.697760000000000       0.101959109840791     
  0.697840000000000       0.101960362674389     
  0.697920000000000       0.101961615673473     
  0.698000000000000       0.101962868838299     
  0.698080000000000       0.101964122168282     
  0.698160000000000       0.101965375664107     
  0.698240000000000       0.101966629325161     
  0.698320000000000       0.101967883151644     
  0.698400000000000       0.101969137144109     
  0.698480000000000       0.101970391302060     
  0.698560000000000       0.101971645625354     
  0.698640000000000       0.101972900113892     
  0.698720000000000       0.101974154768214     
  0.698800000000000       0.101975409588007     
  0.698880000000000       0.101976664572830     
  0.698960000000000       0.101977919723466     
  0.699040000000000       0.101979175039701     
  0.699120000000000       0.101980430521038     
  0.699200000000000       0.101981686167704     
  0.699280000000000       0.101982941979968     
  0.699360000000000       0.101984197957406     
  0.699440000000000       0.101985454100329     
  0.699520000000000       0.101986710408581     
  0.699600000000000       0.101987966881878     
  0.699680000000000       0.101989223521058     
  0.699760000000000       0.101990480325468     
  0.699840000000000       0.101991737294781     
  0.699920000000000       0.101992994429437     
  0.700000000000000       0.101994251729408     
  0.700080000000000       0.101995509194807     
  0.700160000000000       0.101996766825265     
  0.700240000000000       0.101998024621024     
  0.700320000000000       0.101999282582283     
  0.700400000000000       0.102000540708317     
  0.700480000000000       0.102001798999893     
  0.700560000000000       0.102003057456471     
  0.700640000000000       0.102004316077951     
  0.700720000000000       0.102005574865358     
  0.700800000000000       0.102006833816986     
  0.700880000000000       0.102008092934567     
  0.700960000000000       0.102009352216611     
  0.701040000000000       0.102010611664354     
  0.701120000000000       0.102011871276829     
  0.701200000000000       0.102013131054220     
  0.701280000000000       0.102014390997339     
  0.701360000000000       0.102015651105247     
  0.701440000000000       0.102016911378015     
  0.701520000000000       0.102018171815870     
  0.701600000000000       0.102019432418955     
  0.701680000000000       0.102020693186773     
  0.701760000000000       0.102021954119535     
  0.701840000000000       0.102023215217670     
  0.701920000000000       0.102024476480621     
  0.702000000000000       0.102025737908533     
  0.702080000000000       0.102026999501674     
  0.702160000000000       0.102028261259235     
  0.702240000000000       0.102029523181996     
  0.702320000000000       0.102030785269789     
  0.702400000000000       0.102032047522172     
  0.702480000000000       0.102033309939940     
  0.702560000000000       0.102034572522455     
  0.702640000000000       0.102035835269375     
  0.702720000000000       0.102037098181483     
  0.702800000000000       0.102038361258436     
  0.702880000000000       0.102039624500434     
  0.702960000000000       0.102040887906724     
  0.703040000000000       0.102042151478300     
  0.703120000000000       0.102043415214310     
  0.703200000000000       0.102044679115422     
  0.703280000000000       0.102045943181380     
  0.703360000000000       0.102047207411757     
  0.703440000000000       0.102048471807037     
  0.703520000000000       0.102049736366992     
  0.703600000000000       0.102051001091794     
  0.703680000000000       0.102052265981526     
  0.703760000000000       0.102053531035678     
  0.703840000000000       0.102054796254392     
  0.703920000000000       0.102056061637952     
  0.704000000000000       0.102057327186301     
  0.704080000000000       0.102058592899325     
  0.704160000000000       0.102059858776626     
  0.704240000000000       0.102061124818646     
  0.704320000000000       0.102062391025497     
  0.704400000000000       0.102063657396740     
  0.704480000000000       0.102064923932644     
  0.704560000000000       0.102066190633095     
  0.704640000000000       0.102067457498193     
  0.704720000000000       0.102068724528123     
  0.704800000000000       0.102069991722174     
  0.704880000000000       0.102071259081142     
  0.704960000000000       0.102072526604132     
  0.705040000000000       0.102073794291868     
  0.705120000000000       0.102075062144237     
  0.705200000000000       0.102076330160997     
  0.705280000000000       0.102077598341935     
  0.705360000000000       0.102078866687676     
  0.705440000000000       0.102080135197951     
  0.705520000000000       0.102081403872489     
  0.705600000000000       0.102082672711403     
  0.705680000000000       0.102083941714652     
  0.705760000000000       0.102085210882335     
  0.705840000000000       0.102086480214694     
  0.705920000000000       0.102087749711003     
  0.706000000000000       0.102089019371760     
  0.706080000000000       0.102090289197476     
  0.706160000000000       0.102091559186945     
  0.706240000000000       0.102092829340491     
  0.706320000000000       0.102094099658927     
  0.706400000000000       0.102095370141242     
  0.706480000000000       0.102096640787962     
  0.706560000000000       0.102097911599329     
  0.706640000000000       0.102099182574292     
  0.706720000000000       0.102100453714029     
  0.706800000000000       0.102101725017945     
  0.706880000000000       0.102102996485953     
  0.706960000000000       0.102104268118153     
  0.707040000000000       0.102105539914375     
  0.707120000000000       0.102106811875117     
  0.707200000000000       0.102108083999837     
  0.707280000000000       0.102109356288934     
  0.707360000000000       0.102110628741882     
  0.707440000000000       0.102111901358952     
  0.707520000000000       0.102113174140739     
  0.707600000000000       0.102114447085952     
  0.707680000000000       0.102115720195527     
  0.707760000000000       0.102116993469408     
  0.707840000000000       0.102118266906884     
  0.707920000000000       0.102119540508851     
  0.708000000000000       0.102120814274641     
  0.708080000000000       0.102122088204694     
  0.708160000000000       0.102123362298683     
  0.708240000000000       0.102124636556524     
  0.708320000000000       0.102125910978201     
  0.708400000000000       0.102127185564299     
  0.708480000000000       0.102128460314289     
  0.708560000000000       0.102129735228203     
  0.708640000000000       0.102131010305867     
  0.708720000000000       0.102132285547653     
  0.708800000000000       0.102133560953759     
  0.708880000000000       0.102134836523162     
  0.708960000000000       0.102136112256658     
  0.709040000000000       0.102137388153920     
  0.709120000000000       0.102138664215388     
  0.709200000000000       0.102139940440437     
  0.709280000000000       0.102141216829380     
  0.709360000000000       0.102142493382387     
  0.709440000000000       0.102143770099018     
  0.709520000000000       0.102145046979373     
  0.709600000000000       0.102146324023734     
  0.709680000000000       0.102147601232075     
  0.709760000000000       0.102148878603798     
  0.709840000000000       0.102150156139415     
  0.709920000000000       0.102151433838912     
  0.710000000000000       0.102152711701947     
  0.710080000000000       0.102153989728762     
  0.710160000000000       0.102155267919485     
  0.710240000000000       0.102156546273505     
  0.710320000000000       0.102157824791489     
  0.710400000000000       0.102159103473226     
  0.710480000000000       0.102160382318600     
  0.710560000000000       0.102161661327570     
  0.710640000000000       0.102162940500207     
  0.710720000000000       0.102164219836197     
  0.710800000000000       0.102165499336379     
  0.710880000000000       0.102166778999929     
  0.710960000000000       0.102168058826705     
  0.711040000000000       0.102169338817688     
  0.711120000000000       0.102170618971910     
  0.711200000000000       0.102171899289814     
  0.711280000000000       0.102173179770914     
  0.711360000000000       0.102174460415625     
  0.711440000000000       0.102175741224001     
  0.711520000000000       0.102177022195931     
  0.711600000000000       0.102178303331470     
  0.711680000000000       0.102179584630192     
  0.711760000000000       0.102180866092794     
  0.711840000000000       0.102182147718522     
  0.711920000000000       0.102183429507689     
  0.712000000000000       0.102184711460182     
  0.712080000000000       0.102185993576298     
  0.712160000000000       0.102187275855868     
  0.712240000000000       0.102188558298862     
  0.712320000000000       0.102189840904713     
  0.712400000000000       0.102191123674458     
  0.712480000000000       0.102192406607357     
  0.712560000000000       0.102193689703682     
  0.712640000000000       0.102194972963473     
  0.712720000000000       0.102196256386448     
  0.712800000000000       0.102197539972464     
  0.712880000000000       0.102198823722531     
  0.712960000000000       0.102200107634984     
  0.713040000000000       0.102201391711247     
  0.713120000000000       0.102202675950507     
  0.713200000000000       0.102203960353349     
  0.713280000000000       0.102205244919104     
  0.713360000000000       0.102206529648256     
  0.713440000000000       0.102207814540292     
  0.713520000000000       0.102209099595995     
  0.713600000000000       0.102210384814526     
  0.713680000000000       0.102211670196112     
  0.713760000000000       0.102212955741364     
  0.713840000000000       0.102214241449373     
  0.713920000000000       0.102215527320836     
  0.714000000000000       0.102216813354970     
  0.714080000000000       0.102218099552373     
  0.714160000000000       0.102219385913087     
  0.714240000000000       0.102220672436643     
  0.714320000000000       0.102221959123326     
  0.714400000000000       0.102223245972907     
  0.714480000000000       0.102224532985956     
  0.714560000000000       0.102225820162146     
  0.714640000000000       0.102227107500794     
  0.714720000000000       0.102228395002341     
  0.714800000000000       0.102229682667299     
  0.714880000000000       0.102230970495028     
  0.714960000000000       0.102232258485926     
  0.715040000000000       0.102233546639922     
  0.715120000000000       0.102234834956462     
  0.715200000000000       0.102236123436184     
  0.715280000000000       0.102237412078707     
  0.715360000000000       0.102238700884342     
  0.715440000000000       0.102239989852619     
  0.715520000000000       0.102241278983953     
  0.715600000000000       0.102242568278086     
  0.715680000000000       0.102243857734890     
  0.715760000000000       0.102245147354664     
  0.715840000000000       0.102246437137082     
  0.715920000000000       0.102247727082641     
  0.716000000000000       0.102249017190757     
  0.716080000000000       0.102250307461872     
  0.716160000000000       0.102251597895715     
  0.716240000000000       0.102252888492330     
  0.716320000000000       0.102254179251530     
  0.716400000000000       0.102255470173474     
  0.716480000000000       0.102256761258359     
  0.716560000000000       0.102258052505731     
  0.716640000000000       0.102259343916344     
  0.716720000000000       0.102260635488917     
  0.716800000000000       0.102261927224887     
  0.716880000000000       0.102263219122732     
  0.716960000000000       0.102264511183761     
  0.717040000000000       0.102265803407391     
  0.717120000000000       0.102267095793592     
  0.717200000000000       0.102268388342423     
  0.717280000000000       0.102269681053612     
  0.717360000000000       0.102270973927815     
  0.717440000000000       0.102272266964291     
  0.717520000000000       0.102273560163197     
  0.717600000000000       0.102274853524931     
  0.717680000000000       0.102276147049181     
  0.717760000000000       0.102277440735917     
  0.717840000000000       0.102278734585126     
  0.717920000000000       0.102280028596836     
  0.718000000000000       0.102281322771005     
  0.718080000000000       0.102282617107789     
  0.718160000000000       0.102283911606874     
  0.718240000000000       0.102285206268603     
  0.718320000000000       0.102286501092663     
  0.718400000000000       0.102287796079209     
  0.718480000000000       0.102289091227887     
  0.718560000000000       0.102290386539294     
  0.718640000000000       0.102291682012761     
  0.718720000000000       0.102292977648800     
  0.718800000000000       0.102294273447284     
  0.718880000000000       0.102295569408169     
  0.718960000000000       0.102296865531357     
  0.719040000000000       0.102298161816619     
  0.719120000000000       0.102299458264354     
  0.719200000000000       0.102300754874093     
  0.719280000000000       0.102302051646588     
  0.719360000000000       0.102303348581017     
  0.719440000000000       0.102304645677662     
  0.719520000000000       0.102305942936993     
  0.719600000000000       0.102307240358242     
  0.719680000000000       0.102308537941851     
  0.719760000000000       0.102309835687705     
  0.719840000000000       0.102311133595761     
  0.719920000000000       0.102312431665722     
  0.720000000000000       0.102313729898113     
  0.720080000000000       0.102315028292437     
  0.720160000000000       0.102316326849034     
  0.720240000000000       0.102317625567806     
  0.720320000000000       0.102318924448269     
  0.720400000000000       0.102320223491502     
  0.720480000000000       0.102321522696655     
  0.720560000000000       0.102322822063797     
  0.720640000000000       0.102324121592800     
  0.720720000000000       0.102325421284191     
  0.720800000000000       0.102326721137557     
  0.720880000000000       0.102328021152800     
  0.720960000000000       0.102329321330031     
  0.721040000000000       0.102330621669437     
  0.721120000000000       0.102331922170705     
  0.721200000000000       0.102333222834019     
  0.721280000000000       0.102334523659393     
  0.721360000000000       0.102335824646516     
  0.721440000000000       0.102337125795557     
  0.721520000000000       0.102338427106928     
  0.721600000000000       0.102339728579749     
  0.721680000000000       0.102341030214702     
  0.721760000000000       0.102342332011616     
  0.721840000000000       0.102343633970306     
  0.721920000000000       0.102344936090773     
  0.722000000000000       0.102346238372831     
  0.722080000000000       0.102347540817134     
  0.722160000000000       0.102348843423314     
  0.722240000000000       0.102350146191141     
  0.722320000000000       0.102351449121030     
  0.722400000000000       0.102352752211970     
  0.722480000000000       0.102354055465368     
  0.722560000000000       0.102355358880373     
  0.722640000000000       0.102356662456898     
  0.722720000000000       0.102357966195540     
  0.722800000000000       0.102359270095760     
  0.722880000000000       0.102360574157827     
  0.722960000000000       0.102361878381159     
  0.723040000000000       0.102363182766594     
  0.723120000000000       0.102364487313479     
  0.723200000000000       0.102365792021998     
  0.723280000000000       0.102367096892379     
  0.723360000000000       0.102368401923967     
  0.723440000000000       0.102369707117830     
  0.723520000000000       0.102371012472886     
  0.723600000000000       0.102372317989519     
  0.723680000000000       0.102373623667673     
  0.723760000000000       0.102374929507547     
  0.723840000000000       0.102376235508969     
  0.723920000000000       0.102377541671941     
  0.724000000000000       0.102378847996092     
  0.724080000000000       0.102380154482446     
  0.724160000000000       0.102381461129595     
  0.724240000000000       0.102382767938635     
  0.724320000000000       0.102384074909096     
  0.724400000000000       0.102385382041432     
  0.724480000000000       0.102386689334551     
  0.724560000000000       0.102387996789360     
  0.724640000000000       0.102389304405633     
  0.724720000000000       0.102390612183142     
  0.724800000000000       0.102391920122044     
  0.724880000000000       0.102393228222908     
  0.724960000000000       0.102394536484765     
  0.725040000000000       0.102395844907519     
  0.725120000000000       0.102397153491864     
  0.725200000000000       0.102398462238013     
  0.725280000000000       0.102399771145328     
  0.725360000000000       0.102401080213794     
  0.725440000000000       0.102402389443525     
  0.725520000000000       0.102403698834606     
  0.725600000000000       0.102405008386824     
  0.725680000000000       0.102406318100221     
  0.725760000000000       0.102407627975452     
  0.725840000000000       0.102408938011265     
  0.725920000000000       0.102410248208982     
  0.726000000000000       0.102411558567083     
  0.726080000000000       0.102412869086776     
  0.726160000000000       0.102414179767933     
  0.726240000000000       0.102415490609430     
  0.726320000000000       0.102416801612860     
  0.726400000000000       0.102418112777229     
  0.726480000000000       0.102419424102990     
  0.726560000000000       0.102420735589134     
  0.726640000000000       0.102422047237112     
  0.726720000000000       0.102423359045829     
  0.726800000000000       0.102424671015370     
  0.726880000000000       0.102425983146502     
  0.726960000000000       0.102427295438317     
  0.727040000000000       0.102428607891510     
  0.727120000000000       0.102429920505471     
  0.727200000000000       0.102431233280412     
  0.727280000000000       0.102432546216448     
  0.727360000000000       0.102433859313805     
  0.727440000000000       0.102435172571531     
  0.727520000000000       0.102436485990409     
  0.727600000000000       0.102437799570395     
  0.727680000000000       0.102439113311276     
  0.727760000000000       0.102440427212968     
  0.727840000000000       0.102441741275441     
  0.727920000000000       0.102443055499264     
  0.728000000000000       0.102444369883769     
  0.728080000000000       0.102445684428900     
  0.728160000000000       0.102446999135025     
  0.728240000000000       0.102448314001875     
  0.728320000000000       0.102449629029876     
  0.728400000000000       0.102450944218531     
  0.728480000000000       0.102452259567840     
  0.728560000000000       0.102453575078257     
  0.728640000000000       0.102454890749200     
  0.728720000000000       0.102456206581208     
  0.728800000000000       0.102457522573544     
  0.728880000000000       0.102458838726604     
  0.728960000000000       0.102460155040702     
  0.729040000000000       0.102461471515482     
  0.729120000000000       0.102462788150844     
  0.729200000000000       0.102464104946889     
  0.729280000000000       0.102465421903815     
  0.729360000000000       0.102466739021181     
  0.729440000000000       0.102468056299201     
  0.729520000000000       0.102469373738003     
  0.729600000000000       0.102470691337216     
  0.729680000000000       0.102472009097254     
  0.729760000000000       0.102473327017818     
  0.729840000000000       0.102474645098609     
  0.729920000000000       0.102475963340495     
  0.730000000000000       0.102477281742721     
  0.730080000000000       0.102478600305672     
  0.730160000000000       0.102479919028823     
  0.730240000000000       0.102481237912840     
  0.730320000000000       0.102482556956885     
  0.730400000000000       0.102483876161741     
  0.730480000000000       0.102485195526966     
  0.730560000000000       0.102486515052660     
  0.730640000000000       0.102487834739121     
  0.730720000000000       0.102489154585768     
  0.730800000000000       0.102490474592869     
  0.730880000000000       0.102491794759899     
  0.730960000000000       0.102493115088236     
  0.731040000000000       0.102494435576786     
  0.731120000000000       0.102495756225067     
  0.731200000000000       0.102497077034086     
  0.731280000000000       0.102498398003447     
  0.731360000000000       0.102499719132978     
  0.731440000000000       0.102501040422964     
  0.731520000000000       0.102502361873461     
  0.731600000000000       0.102503683484087     
  0.731680000000000       0.102505005254883     
  0.731760000000000       0.102506327185963     
  0.731840000000000       0.102507649277370     
  0.731920000000000       0.102508971528848     
  0.732000000000000       0.102510293940923     
  0.732080000000000       0.102511616513112     
  0.732160000000000       0.102512939245528     
  0.732240000000000       0.102514262137901     
  0.732320000000000       0.102515585190360     
  0.732400000000000       0.102516908403188     
  0.732480000000000       0.102518231776244     
  0.732560000000000       0.102519555309185     
  0.732640000000000       0.102520879002156     
  0.732720000000000       0.102522202855609     
  0.732800000000000       0.102523526869063     
  0.732880000000000       0.102524851042701     
  0.732960000000000       0.102526175376041     
  0.733040000000000       0.102527499869850     
  0.733120000000000       0.102528824523545     
  0.733200000000000       0.102530149337354     
  0.733280000000000       0.102531474311063     
  0.733360000000000       0.102532799444631     
  0.733440000000000       0.102534124738269     
  0.733520000000000       0.102535450191978     
  0.733600000000000       0.102536775805532     
  0.733680000000000       0.102538101579113     
  0.733760000000000       0.102539427512837     
  0.733840000000000       0.102540753605978     
  0.733920000000000       0.102542079859531     
  0.734000000000000       0.102543406272829     
  0.734080000000000       0.102544732846012     
  0.734160000000000       0.102546059578955     
  0.734240000000000       0.102547386471954     
  0.734320000000000       0.102548713524711     
  0.734400000000000       0.102550040737227     
  0.734480000000000       0.102551368109288     
  0.734560000000000       0.102552695641747     
  0.734640000000000       0.102554023333723     
  0.734720000000000       0.102555351185415     
  0.734800000000000       0.102556679197377     
  0.734880000000000       0.102558007368415     
  0.734960000000000       0.102559335699168     
  0.735040000000000       0.102560664190050     
  0.735120000000000       0.102561992840676     
  0.735200000000000       0.102563321650847     
  0.735280000000000       0.102564650620564     
  0.735360000000000       0.102565979750167     
  0.735440000000000       0.102567309039031     
  0.735520000000000       0.102568638488250     
  0.735600000000000       0.102569968096233     
  0.735680000000000       0.102571297864798     
  0.735760000000000       0.102572627792241     
  0.735840000000000       0.102573957879485     
  0.735920000000000       0.102575288126245     
  0.736000000000000       0.102576618532765     
  0.736080000000000       0.102577949098744     
  0.736160000000000       0.102579279824382     
  0.736240000000000       0.102580610708968     
  0.736320000000000       0.102581941753583     
  0.736400000000000       0.102583272957971     
  0.736480000000000       0.102584604321392     
  0.736560000000000       0.102585935844501     
  0.736640000000000       0.102587267526942     
  0.736720000000000       0.102588599368914     
  0.736800000000000       0.102589931370118     
  0.736880000000000       0.102591263530939     
  0.736960000000000       0.102592595851291     
  0.737040000000000       0.102593928330605     
  0.737120000000000       0.102595260969635     
  0.737200000000000       0.102596593768040     
  0.737280000000000       0.102597926725692     
  0.737360000000000       0.102599259842733     
  0.737440000000000       0.102600593119120     
  0.737520000000000       0.102601926554626     
  0.737600000000000       0.102603260149791     
  0.737680000000000       0.102604593904146     
  0.737760000000000       0.102605927817208     
  0.737840000000000       0.102607261890269     
  0.737920000000000       0.102608596122450     
  0.738000000000000       0.102609930513579     
  0.738080000000000       0.102611265064126     
  0.738160000000000       0.102612599773607     
  0.738240000000000       0.102613934643002     
  0.738320000000000       0.102615269670749     
  0.738400000000000       0.102616604858098     
  0.738480000000000       0.102617940204382     
  0.738560000000000       0.102619275709869     
  0.738640000000000       0.102620611374859     
  0.738720000000000       0.102621947198201     
  0.738800000000000       0.102623283181116     
  0.738880000000000       0.102624619323193     
  0.738960000000000       0.102625955624304     
  0.739040000000000       0.102627292084448     
  0.739120000000000       0.102628628703569     
  0.739200000000000       0.102629965481497     
  0.739280000000000       0.102631302418799     
  0.739360000000000       0.102632639515078     
  0.739440000000000       0.102633976770391     
  0.739520000000000       0.102635314184396     
  0.739600000000000       0.102636651757734     
  0.739680000000000       0.102637989489536     
  0.739760000000000       0.102639327380671     
  0.739840000000000       0.102640665430669     
  0.739920000000000       0.102642003639672     
