  0.660000000000000       0.960505978107446     
  0.660080000000000       0.960596356598313     
  0.660160000000000       0.960686736638490     
  0.660240000000000       0.960777118227352     
  0.660320000000000       0.960867501363990     
  0.660400000000000       0.960957886047734     
  0.660480000000000       0.961048272277392     
  0.660560000000000       0.961138660051998     
  0.660640000000000       0.961229049371209     
  0.660720000000000       0.961319440233549     
  0.660800000000000       0.961409832638904     
  0.660880000000000       0.961500226585952     
  0.660960000000000       0.961590622074067     
  0.661040000000000       0.961681019101999     
  0.661120000000000       0.961771417669053     
  0.661200000000000       0.961861817774829     
  0.661280000000000       0.961952219417722     
  0.661360000000000       0.962042622597292     
  0.661440000000000       0.962133027312075     
  0.661520000000000       0.962223433562383     
  0.661600000000000       0.962313841346412     
  0.661680000000000       0.962404250663764     
  0.661760000000000       0.962494661513358     
  0.661840000000000       0.962585073894243     
  0.661920000000000       0.962675487805694     
  0.662000000000000       0.962765903246674     
  0.662080000000000       0.962856320217210     
  0.662160000000000       0.962946738714746     
  0.662240000000000       0.963037158739991     
  0.662320000000000       0.963127580291723     
  0.662400000000000       0.963218003368308     
  0.662480000000000       0.963308427969648     
  0.662560000000000       0.963398854094802     
  0.662640000000000       0.963489281742508     
  0.662720000000000       0.963579710912481     
  0.662800000000000       0.963670141603328     
  0.662880000000000       0.963760573814196     
  0.662960000000000       0.963851007544801     
  0.663040000000000       0.963941442793737     
  0.663120000000000       0.964031879560477     
  0.663200000000000       0.964122317843572     
  0.663280000000000       0.964212757642767     
  0.663360000000000       0.964303198957180     
  0.663440000000000       0.964393641785759     
  0.663520000000000       0.964484086127155     
  0.663600000000000       0.964574531981779     
  0.663680000000000       0.964664979347529     
  0.663760000000000       0.964755428224362     
  0.663840000000000       0.964845878610899     
  0.663920000000000       0.964936330506188     
  0.664000000000000       0.965026783909789     
  0.664080000000000       0.965117238820977     
  0.664160000000000       0.965207695238288     
  0.664240000000000       0.965298153161183     
  0.664320000000000       0.965388612588808     
  0.664400000000000       0.965479073520325     
  0.664480000000000       0.965569535954967     
  0.664560000000000       0.965659999891454     
  0.664640000000000       0.965750465329106     
  0.664720000000000       0.965840932267508     
  0.664800000000000       0.965931400705483     
  0.664880000000000       0.966021870641538     
  0.664960000000000       0.966112342076283     
  0.665040000000000       0.966202815007674     
  0.665120000000000       0.966293289434927     
  0.665200000000000       0.966383765357148     
  0.665280000000000       0.966474242774024     
  0.665360000000000       0.966564721684318     
  0.665440000000000       0.966655202087449     
  0.665520000000000       0.966745683981995     
  0.665600000000000       0.966836167367700     
  0.665680000000000       0.966926652243441     
  0.665760000000000       0.967017138608494     
  0.665840000000000       0.967107626461836     
  0.665920000000000       0.967198115802415     
  0.666000000000000       0.967288606629620     
  0.666080000000000       0.967379098942399     
  0.666160000000000       0.967469592740454     
  0.666240000000000       0.967560088022407     
  0.666320000000000       0.967650584787418     
  0.666400000000000       0.967741083034494     
  0.666480000000000       0.967831582763137     
  0.666560000000000       0.967922083972451     
  0.666640000000000       0.968012586661442     
  0.666720000000000       0.968103090829342     
  0.666800000000000       0.968193596474973     
  0.666880000000000       0.968284103597836     
  0.666960000000000       0.968374612196538     
  0.667040000000000       0.968465122271252     
  0.667120000000000       0.968555633820185     
  0.667200000000000       0.968646146842684     
  0.667280000000000       0.968736661338238     
  0.667360000000000       0.968827177305454     
  0.667440000000000       0.968917694743834     
  0.667520000000000       0.969008213651844     
  0.667600000000000       0.969098734029939     
  0.667680000000000       0.969189255876469     
  0.667760000000000       0.969279779190242     
  0.667840000000000       0.969370303970930     
  0.667920000000000       0.969460830217682     
  0.668000000000000       0.969551357929217     
  0.668080000000000       0.969641887104825     
  0.668160000000000       0.969732417743782     
  0.668240000000000       0.969822949845320     
  0.668320000000000       0.969913483408175     
  0.668400000000000       0.970004018431692     
  0.668480000000000       0.970094554915516     
  0.668560000000000       0.970185092857730     
  0.668640000000000       0.970275632258475     
  0.668720000000000       0.970366173116244     
  0.668800000000000       0.970456715430470     
  0.668880000000000       0.970547259200484     
  0.668960000000000       0.970637804424425     
  0.669040000000000       0.970728351102605     
  0.669120000000000       0.970818899233703     
  0.669200000000000       0.970909448816937     
  0.669280000000000       0.970999999850829     
  0.669360000000000       0.971090552335977     
  0.669440000000000       0.971181106270035     
  0.669520000000000       0.971271661652378     
  0.669600000000000       0.971362218483020     
  0.669680000000000       0.971452776760498     
  0.669760000000000       0.971543336483717     
  0.669840000000000       0.971633897652336     
  0.669920000000000       0.971724460264963     
  0.670000000000000       0.971815024320929     
  0.670080000000000       0.971905589819724     
  0.670160000000000       0.971996156760338     
  0.670240000000000       0.972086725141634     
  0.670320000000000       0.972177294962802     
  0.670400000000000       0.972267866223359     
  0.670480000000000       0.972358438921699     
  0.670560000000000       0.972449013057582     
  0.670640000000000       0.972539588629996     
  0.670720000000000       0.972630165637764     
  0.670800000000000       0.972720744080786     
  0.670880000000000       0.972811323957811     
  0.670960000000000       0.972901905267261     
  0.671040000000000       0.972992488009663     
  0.671120000000000       0.973083072182970     
  0.671200000000000       0.973173657786060     
  0.671280000000000       0.973264244820098     
  0.671360000000000       0.973354833281871     
  0.671440000000000       0.973445423172106     
  0.671520000000000       0.973536014488684     
  0.671600000000000       0.973626607231733     
  0.671680000000000       0.973717201400146     
  0.671760000000000       0.973807796992983     
  0.671840000000000       0.973898394008924     
  0.671920000000000       0.973988992447983     
  0.672000000000000       0.974079592308681     
  0.672080000000000       0.974170193590237     
  0.672160000000000       0.974260796292211     
  0.672240000000000       0.974351400413053     
  0.672320000000000       0.974442005952309     
  0.672400000000000       0.974532612908970     
  0.672480000000000       0.974623221282525     
  0.672560000000000       0.974713831071821     
  0.672640000000000       0.974804442275936     
  0.672720000000000       0.974895054893903     
  0.672800000000000       0.974985668925112     
  0.672880000000000       0.975076284368765     
  0.672960000000000       0.975166901223784     
  0.673040000000000       0.975257519489045     
  0.673120000000000       0.975348139164592     
  0.673200000000000       0.975438760248903     
  0.673280000000000       0.975529382740530     
  0.673360000000000       0.975620006639784     
  0.673440000000000       0.975710631945245     
  0.673520000000000       0.975801258655775     
  0.673600000000000       0.975891886771149     
  0.673680000000000       0.975982516290128     
  0.673760000000000       0.976073147211434     
  0.673840000000000       0.976163779535523     
  0.673920000000000       0.976254413259920     
  0.674000000000000       0.976345048384769     
  0.674080000000000       0.976435684908989     
  0.674160000000000       0.976526322831231     
  0.674240000000000       0.976616962151309     
  0.674320000000000       0.976707602868214     
  0.674400000000000       0.976798244981080     
  0.674480000000000       0.976888888488628     
  0.674560000000000       0.976979533390914     
  0.674640000000000       0.977070179685609     
  0.674720000000000       0.977160827373535     
  0.674800000000000       0.977251476452477     
  0.674880000000000       0.977342126921823     
  0.674960000000000       0.977432778781616     
  0.675040000000000       0.977523432030136     
  0.675120000000000       0.977614086666190     
  0.675200000000000       0.977704742689806     
  0.675280000000000       0.977795400100146     
  0.675360000000000       0.977886058895319     
  0.675440000000000       0.977976719075781     
  0.675520000000000       0.978067380639385     
  0.675600000000000       0.978158043585933     
  0.675680000000000       0.978248707915097     
  0.675760000000000       0.978339373624561     
  0.675840000000000       0.978430040714781     
  0.675920000000000       0.978520709184264     
  0.676000000000000       0.978611379031915     
  0.676080000000000       0.978702050257863     
  0.676160000000000       0.978792722860587     
  0.676240000000000       0.978883396838964     
  0.676320000000000       0.978974072192568     
  0.676400000000000       0.979064748920405     
  0.676480000000000       0.979155427021678     
  0.676560000000000       0.979246106494838     
  0.676640000000000       0.979336787339943     
  0.676720000000000       0.979427469555941     
  0.676800000000000       0.979518153141552     
  0.676880000000000       0.979608838096706     
  0.676960000000000       0.979699524419314     
  0.677040000000000       0.979790212109773     
  0.677120000000000       0.979880901166379     
  0.677200000000000       0.979971591588421     
  0.677280000000000       0.980062283374988     
  0.677360000000000       0.980152976526068     
  0.677440000000000       0.980243671039926     
  0.677520000000000       0.980334366915497     
  0.677600000000000       0.980425064152268     
  0.677680000000000       0.980515762749530     
  0.677760000000000       0.980606462706729     
  0.677840000000000       0.980697164021845     
  0.677920000000000       0.980787866694879     
  0.678000000000000       0.980878570724894     
  0.678080000000000       0.980969276111051     
  0.678160000000000       0.981059982852071     
  0.678240000000000       0.981150690947825     
  0.678320000000000       0.981241400396581     
  0.678400000000000       0.981332111197727     
  0.678480000000000       0.981422823351235     
  0.678560000000000       0.981513536855158     
  0.678640000000000       0.981604251708927     
  0.678720000000000       0.981694967911761     
  0.678800000000000       0.981785685462736     
  0.678880000000000       0.981876404361569     
  0.678960000000000       0.981967124606524     
  0.679040000000000       0.982057846197290     
  0.679120000000000       0.982148569132559     
  0.679200000000000       0.982239293412033     
  0.679280000000000       0.982330019033935     
  0.679360000000000       0.982420745998579     
  0.679440000000000       0.982511474304471     
  0.679520000000000       0.982602203950361     
  0.679600000000000       0.982692934936108     
  0.679680000000000       0.982783667260105     
  0.679760000000000       0.982874400922736     
  0.679840000000000       0.982965135921515     
  0.679920000000000       0.983055872256540     
  0.680000000000000       0.983146609927471     
  0.680080000000000       0.983237348932346     
  0.680160000000000       0.983328089270540     
  0.680240000000000       0.983418830941045     
  0.680320000000000       0.983509573944215     
  0.680400000000000       0.983600318277095     
  0.680480000000000       0.983691063940410     
  0.680560000000000       0.983781810933362     
  0.680640000000000       0.983872559253808     
  0.680720000000000       0.983963308901974     
  0.680800000000000       0.984054059876894     
  0.680880000000000       0.984144812177445     
  0.680960000000000       0.984235565803357     
  0.681040000000000       0.984326320751902     
  0.681120000000000       0.984417077024102     
  0.681200000000000       0.984507834618807     
  0.681280000000000       0.984598593534497     
  0.681360000000000       0.984689353770943     
  0.681440000000000       0.984780115327024     
  0.681520000000000       0.984870878201161     
  0.681600000000000       0.984961642394123     
  0.681680000000000       0.985052407903123     
  0.681760000000000       0.985143174729100     
  0.681840000000000       0.985233942869866     
  0.681920000000000       0.985324712325391     
  0.682000000000000       0.985415483094184     
  0.682080000000000       0.985506255175250     
  0.682160000000000       0.985597028568205     
  0.682240000000000       0.985687803272893     
  0.682320000000000       0.985778579287026     
  0.682400000000000       0.985869356610192     
  0.682480000000000       0.985960135242092     
  0.682560000000000       0.986050915181377     
  0.682640000000000       0.986141696427322     
  0.682720000000000       0.986232478978434     
  0.682800000000000       0.986323262834685     
  0.682880000000000       0.986414047994981     
  0.682960000000000       0.986504834458398     
  0.683040000000000       0.986595622224539     
  0.683120000000000       0.986686411291271     
  0.683200000000000       0.986777201658609     
  0.683280000000000       0.986867993325700     
  0.683360000000000       0.986958786291592     
  0.683440000000000       0.987049580555674     
  0.683520000000000       0.987140376116383     
  0.683600000000000       0.987231172973350     
  0.683680000000000       0.987321971125706     
  0.683760000000000       0.987412770572402     
  0.683840000000000       0.987503571313010     
  0.683920000000000       0.987594373345840     
  0.684000000000000       0.987685176670948     
  0.684080000000000       0.987775981286501     
  0.684160000000000       0.987866787192556     
  0.684240000000000       0.987957594387322     
  0.684320000000000       0.988048402870643     
  0.684400000000000       0.988139212641909     
  0.684480000000000       0.988230023699228     
  0.684560000000000       0.988320836042672     
  0.684640000000000       0.988411649670792     
  0.684720000000000       0.988502464582962     
  0.684800000000000       0.988593280777832     
  0.684880000000000       0.988684098255658     
  0.684960000000000       0.988774917014805     
  0.685040000000000       0.988865737054451     
  0.685120000000000       0.988956558373385     
  0.685200000000000       0.989047380972008     
  0.685280000000000       0.989138204847390     
  0.685360000000000       0.989229030000655     
  0.685440000000000       0.989319856429827     
  0.685520000000000       0.989410684134040     
  0.685600000000000       0.989501513113137     
  0.685680000000000       0.989592343365797     
  0.685760000000000       0.989683174890655     
  0.685840000000000       0.989774007688194     
  0.685920000000000       0.989864841755943     
  0.686000000000000       0.989955677094028     
  0.686080000000000       0.990046513701569     
  0.686160000000000       0.990137351577243     
  0.686240000000000       0.990228190720597     
  0.686320000000000       0.990319031130480     
  0.686400000000000       0.990409872806393     
  0.686480000000000       0.990500715746575     
  0.686560000000000       0.990591559951409     
  0.686640000000000       0.990682405419147     
  0.686720000000000       0.990773252149336     
  0.686800000000000       0.990864100140524     
  0.686880000000000       0.990954949392855     
  0.686960000000000       0.991045799904268     
  0.687040000000000       0.991136651674591     
  0.687120000000000       0.991227504703301     
  0.687200000000000       0.991318358988974     
  0.687280000000000       0.991409214530645     
  0.687360000000000       0.991500071327732     
  0.687440000000000       0.991590929379339     
  0.687520000000000       0.991681788684428     
  0.687600000000000       0.991772649242176     
  0.687680000000000       0.991863511052185     
  0.687760000000000       0.991954374113018     
  0.687840000000000       0.992045238423313     
  0.687920000000000       0.992136103983537     
  0.688000000000000       0.992226970792058     
  0.688080000000000       0.992317838848078     
  0.688160000000000       0.992408708150575     
  0.688240000000000       0.992499578698866     
  0.688320000000000       0.992590450492540     
  0.688400000000000       0.992681323529635     
  0.688480000000000       0.992772197810493     
  0.688560000000000       0.992863073332811     
  0.688640000000000       0.992953950097143     
  0.688720000000000       0.993044828101898     
  0.688800000000000       0.993135707346479     
  0.688880000000000       0.993226587829665     
  0.688960000000000       0.993317469550729     
  0.689040000000000       0.993408352508891     
  0.689120000000000       0.993499236703255     
  0.689200000000000       0.993590122133253     
  0.689280000000000       0.993681008797279     
  0.689360000000000       0.993771896695375     
  0.689440000000000       0.993862785825894     
  0.689520000000000       0.993953676188082     
  0.689600000000000       0.994044567781725     
  0.689680000000000       0.994135460605233     
  0.689760000000000       0.994226354658150     
  0.689840000000000       0.994317249938928     
  0.689920000000000       0.994408146447864     
  0.690000000000000       0.994499044183382     
  0.690080000000000       0.994589943144231     
  0.690160000000000       0.994680843330553     
  0.690240000000000       0.994771744740359     
  0.690320000000000       0.994862647373421     
  0.690400000000000       0.994953551228886     
  0.690480000000000       0.995044456305789     
  0.690560000000000       0.995135362603531     
  0.690640000000000       0.995226270120381     
  0.690720000000000       0.995317178856138     
  0.690800000000000       0.995408088809935     
  0.690880000000000       0.995498999981248     
  0.690960000000000       0.995589912368328     
  0.691040000000000       0.995680825970891     
  0.691120000000000       0.995771740787600     
  0.691200000000000       0.995862656818144     
  0.691280000000000       0.995953574061230     
  0.691360000000000       0.996044492516486     
  0.691440000000000       0.996135412181997     
  0.691520000000000       0.996226333058186     
  0.691600000000000       0.996317255143549     
  0.691680000000000       0.996408178437161     
  0.691760000000000       0.996499102938398     
  0.691840000000000       0.996590028646378     
  0.691920000000000       0.996680955559822     
  0.692000000000000       0.996771883678232     
  0.692080000000000       0.996862813000445     
  0.692160000000000       0.996953743526259     
  0.692240000000000       0.997044675253929     
  0.692320000000000       0.997135608183567     
  0.692400000000000       0.997226542313780     
  0.692480000000000       0.997317477642679     
  0.692560000000000       0.997408414171116     
  0.692640000000000       0.997499351896960     
  0.692720000000000       0.997590290820423     
  0.692800000000000       0.997681230939702     
  0.692880000000000       0.997772172254028     
  0.692960000000000       0.997863114763359     
  0.693040000000000       0.997954058465905     
  0.693120000000000       0.998045003361594     
  0.693200000000000       0.998135949448593     
  0.693280000000000       0.998226896726746     
  0.693360000000000       0.998317845194873     
  0.693440000000000       0.998408794852662     
  0.693520000000000       0.998499745697953     
  0.693600000000000       0.998590697731143     
  0.693680000000000       0.998681650950897     
  0.693760000000000       0.998772605356831     
  0.693840000000000       0.998863560946941     
  0.693920000000000       0.998954517721313     
  0.694000000000000       0.999045475678710     
  0.694080000000000       0.999136434818735     
  0.694160000000000       0.999227395139681     
  0.694240000000000       0.999318356641265     
  0.694320000000000       0.999409319322521     
  0.694400000000000       0.999500283182326     
  0.694480000000000       0.999591248220366     
  0.694560000000000       0.999682214435123     
  0.694640000000000       0.999773181826126     
  0.694720000000000       0.999864150392423     
  0.694800000000000       0.999955120132736     
  0.694880000000000        1.00004609104715     
  0.694960000000000        1.00013706313392     
  0.695040000000000        1.00022803639262     
  0.695120000000000        1.00031901082218     
  0.695200000000000        1.00040998642203     
  0.695280000000000        1.00050096319071     
  0.695360000000000        1.00059194112795     
  0.695440000000000        1.00068292023212     
  0.695520000000000        1.00077390050315     
  0.695600000000000        1.00086488193980     
  0.695680000000000        1.00095586454135     
  0.695760000000000        1.00104684830687     
  0.695840000000000        1.00113783323563     
  0.695920000000000        1.00122881932618     
  0.696000000000000        1.00131980657802     
  0.696080000000000        1.00141079499074     
  0.696160000000000        1.00150178456283     
  0.696240000000000        1.00159277529410     
  0.696320000000000        1.00168376718261     
  0.696400000000000        1.00177476022823     
  0.696480000000000        1.00186575442974     
  0.696560000000000        1.00195674978674     
  0.696640000000000        1.00204774629792     
  0.696720000000000        1.00213874396300     
  0.696800000000000        1.00222974278003     
  0.696880000000000        1.00232074274939     
  0.696960000000000        1.00241174386934     
  0.697040000000000        1.00250274613994     
  0.697120000000000        1.00259374955871     
  0.697200000000000        1.00268475412619     
  0.697280000000000        1.00277575984076     
  0.697360000000000        1.00286676670229     
  0.697440000000000        1.00295777470910     
  0.697520000000000        1.00304878386093     
  0.697600000000000        1.00313979415624     
  0.697680000000000        1.00323080559450     
  0.697760000000000        1.00332181817582     
  0.697840000000000        1.00341283189745     
  0.697920000000000        1.00350384676011     
  0.698000000000000        1.00359486276204     
  0.698080000000000        1.00368587990263     
  0.698160000000000        1.00377689818116     
  0.698240000000000        1.00386791759641     
  0.698320000000000        1.00395893814769     
  0.698400000000000        1.00404995983424     
  0.698480000000000        1.00414098265484     
  0.698560000000000        1.00423200660915     
  0.698640000000000        1.00432303169596     
  0.698720000000000        1.00441405791449     
  0.698800000000000        1.00450508526361     
  0.698880000000000        1.00459611374290     
  0.698960000000000        1.00468714335105     
  0.699040000000000        1.00477817408779     
  0.699120000000000        1.00486920595182     
  0.699200000000000        1.00496023894160     
  0.699280000000000        1.00505127305742     
  0.699360000000000        1.00514230829756     
  0.699440000000000        1.00523334466258     
  0.699520000000000        1.00532438214983     
  0.699600000000000        1.00541542075898     
  0.699680000000000        1.00550646048951     
  0.699760000000000        1.00559750134066     
  0.699840000000000        1.00568854331086     
  0.699920000000000        1.00577958640035     
  0.700000000000000        1.00587063060698     
  0.700080000000000        1.00596167593028     
  0.700160000000000        1.00605272236964     
  0.700240000000000        1.00614376992450     
  0.700320000000000        1.00623481859342     
  0.700400000000000        1.00632586837565     
  0.700480000000000        1.00641691927069     
  0.700560000000000        1.00650797127677     
  0.700640000000000        1.00659902439400     
  0.700720000000000        1.00669007862089     
  0.700800000000000        1.00678113395678     
  0.700880000000000        1.00687219040104     
  0.700960000000000        1.00696324795231     
  0.701040000000000        1.00705430660994     
  0.701120000000000        1.00714536637338     
  0.701200000000000        1.00723642724111     
  0.701280000000000        1.00732748921274     
  0.701360000000000        1.00741855228663     
  0.701440000000000        1.00750961646343     
  0.701520000000000        1.00760068174138     
  0.701600000000000        1.00769174811918     
  0.701680000000000        1.00778281559641     
  0.701760000000000        1.00787388417224     
  0.701840000000000        1.00796495384575     
  0.701920000000000        1.00805602461587     
  0.702000000000000        1.00814709648197     
  0.702080000000000        1.00823816944300     
  0.702160000000000        1.00832924349849     
  0.702240000000000        1.00842031864719     
  0.702320000000000        1.00851139488810     
  0.702400000000000        1.00860247222066     
  0.702480000000000        1.00869355064399     
  0.702560000000000        1.00878463015672     
  0.702640000000000        1.00887571075884     
  0.702720000000000        1.00896679244883     
  0.702800000000000        1.00905787522587     
  0.702880000000000        1.00914895908894     
  0.702960000000000        1.00924004403792     
  0.703040000000000        1.00933113007156     
  0.703120000000000        1.00942221718836     
  0.703200000000000        1.00951330538795     
  0.703280000000000        1.00960439467013     
  0.703360000000000        1.00969548503285     
  0.703440000000000        1.00978657647587     
  0.703520000000000        1.00987766899845     
  0.703600000000000        1.00996876259925     
  0.703680000000000        1.01005985727741     
  0.703760000000000        1.01015095303270     
  0.703840000000000        1.01024204986343     
  0.703920000000000        1.01033314776903     
  0.704000000000000        1.01042424674918     
  0.704080000000000        1.01051534680205     
  0.704160000000000        1.01060644792747     
  0.704240000000000        1.01069755012440     
  0.704320000000000        1.01078865339153     
  0.704400000000000        1.01087975772873     
  0.704480000000000        1.01097086313422     
  0.704560000000000        1.01106196960840     
  0.704640000000000        1.01115307714903     
  0.704720000000000        1.01124418575659     
  0.704800000000000        1.01133529542855     
  0.704880000000000        1.01142640616598     
  0.704960000000000        1.01151751796618     
  0.705040000000000        1.01160863082934     
  0.705120000000000        1.01169974475451     
  0.705200000000000        1.01179085974038     
  0.705280000000000        1.01188197578660     
  0.705360000000000        1.01197309289185     
  0.705440000000000        1.01206421105583     
  0.705520000000000        1.01215533027655     
  0.705600000000000        1.01224645055423     
  0.705680000000000        1.01233757188770     
  0.705760000000000        1.01242869427611     
  0.705840000000000        1.01251981771844     
  0.705920000000000        1.01261094221357     
  0.706000000000000        1.01270206776109     
  0.706080000000000        1.01279319435977     
  0.706160000000000        1.01288432200952     
  0.706240000000000        1.01297545070825     
  0.706320000000000        1.01306658045628     
  0.706400000000000        1.01315771125128     
  0.706480000000000        1.01324884309389     
  0.706560000000000        1.01333997598291     
  0.706640000000000        1.01343110991641     
  0.706720000000000        1.01352224489490     
  0.706800000000000        1.01361338091646     
  0.706880000000000        1.01370451798045     
  0.706960000000000        1.01379565608668     
  0.707040000000000        1.01388679523339     
  0.707120000000000        1.01397793542008     
  0.707200000000000        1.01406907664646     
  0.707280000000000        1.01416021891081     
  0.707360000000000        1.01425136221203     
  0.707440000000000        1.01434250655016     
  0.707520000000000        1.01443365192388     
  0.707600000000000        1.01452479833196     
  0.707680000000000        1.01461594577458     
  0.707760000000000        1.01470709424970     
  0.707840000000000        1.01479824375701     
  0.707920000000000        1.01488939429529     
  0.708000000000000        1.01498054586456     
  0.708080000000000        1.01507169846313     
  0.708160000000000        1.01516285208973     
  0.708240000000000        1.01525400674515     
  0.708320000000000        1.01534516242630     
  0.708400000000000        1.01543631913425     
  0.708480000000000        1.01552747686699     
  0.708560000000000        1.01561863562393     
  0.708640000000000        1.01570979540426     
  0.708720000000000        1.01580095620724     
  0.708800000000000        1.01589211803166     
  0.708880000000000        1.01598328087682     
  0.708960000000000        1.01607444474206     
  0.709040000000000        1.01616560962604     
  0.709120000000000        1.01625677552823     
  0.709200000000000        1.01634794244792     
  0.709280000000000        1.01643911038360     
  0.709360000000000        1.01653027933480     
  0.709440000000000        1.01662144930060     
  0.709520000000000        1.01671262028065     
  0.709600000000000        1.01680379227274     
  0.709680000000000        1.01689496527730     
  0.709760000000000        1.01698613929302     
  0.709840000000000        1.01707731431896     
  0.709920000000000        1.01716849035433     
  0.710000000000000        1.01725966739828     
  0.710080000000000        1.01735084544927     
  0.710160000000000        1.01744202450778     
  0.710240000000000        1.01753320457146     
  0.710320000000000        1.01762438564027     
  0.710400000000000        1.01771556771385     
  0.710480000000000        1.01780675078966     
  0.710560000000000        1.01789793486816     
  0.710640000000000        1.01798911994859     
  0.710720000000000        1.01808030602956     
  0.710800000000000        1.01817149311034     
  0.710880000000000        1.01826268118959     
  0.710960000000000        1.01835387026692     
  0.711040000000000        1.01844506034156     
  0.711120000000000        1.01853625141227     
  0.711200000000000        1.01862744347852     
  0.711280000000000        1.01871863653924     
  0.711360000000000        1.01880983059379     
  0.711440000000000        1.01890102564016     
  0.711520000000000        1.01899222167937     
  0.711600000000000        1.01908341870917     
  0.711680000000000        1.01917461672953     
  0.711760000000000        1.01926581573833     
  0.711840000000000        1.01935701573646     
  0.711920000000000        1.01944821672096     
  0.712000000000000        1.01953941869281     
  0.712080000000000        1.01963062165009     
  0.712160000000000        1.01972182559232     
  0.712240000000000        1.01981303051907     
  0.712320000000000        1.01990423642837     
  0.712400000000000        1.01999544331977     
  0.712480000000000        1.02008665119288     
  0.712560000000000        1.02017786004610     
  0.712640000000000        1.02026906987943     
  0.712720000000000        1.02036028069143     
  0.712800000000000        1.02045149248059     
  0.712880000000000        1.02054270524706     
  0.712960000000000        1.02063391899001     
  0.713040000000000        1.02072513370802     
  0.713120000000000        1.02081634940036     
  0.713200000000000        1.02090756606628     
  0.713280000000000        1.02099878370460     
  0.713360000000000        1.02109000231451     
  0.713440000000000        1.02118122189570     
  0.713520000000000        1.02127244244677     
  0.713600000000000        1.02136366396652     
  0.713680000000000        1.02145488645496     
  0.713760000000000        1.02154610991086     
  0.713840000000000        1.02163733433295     
  0.713920000000000        1.02172855972070     
  0.714000000000000        1.02181978607314     
  0.714080000000000        1.02191101338982     
  0.714160000000000        1.02200224166878     
  0.714240000000000        1.02209347091019     
  0.714320000000000        1.02218470111262     
  0.714400000000000        1.02227593227518     
  0.714480000000000        1.02236716439745     
  0.714560000000000        1.02245839747884     
  0.714640000000000        1.02254963151725     
  0.714720000000000        1.02264086651271     
  0.714800000000000        1.02273210246430     
  0.714880000000000        1.02282333937096     
  0.714960000000000        1.02291457723187     
  0.715040000000000        1.02300581604585     
  0.715120000000000        1.02309705581231     
  0.715200000000000        1.02318829653049     
  0.715280000000000        1.02327953819902     
  0.715360000000000        1.02337078081787     
  0.715440000000000        1.02346202438563     
  0.715520000000000        1.02355326890122     
  0.715600000000000        1.02364451436425     
  0.715680000000000        1.02373576077319     
  0.715760000000000        1.02382700812818     
  0.715840000000000        1.02391825642725     
  0.715920000000000        1.02400950566999     
  0.716000000000000        1.02410075585570     
  0.716080000000000        1.02419200698365     
  0.716160000000000        1.02428325905239     
  0.716240000000000        1.02437451206148     
  0.716320000000000        1.02446576600951     
  0.716400000000000        1.02455702089648     
  0.716480000000000        1.02464827672044     
  0.716560000000000        1.02473953348166     
  0.716640000000000        1.02483079117807     
  0.716720000000000        1.02492204980997     
  0.716800000000000        1.02501330937593     
  0.716880000000000        1.02510456987468     
  0.716960000000000        1.02519583130555     
  0.717040000000000        1.02528709366800     
  0.717120000000000        1.02537835696174     
  0.717200000000000        1.02546962118444     
  0.717280000000000        1.02556088633608     
  0.717360000000000        1.02565215241536     
  0.717440000000000        1.02574341942207     
  0.717520000000000        1.02583468735523     
  0.717600000000000        1.02592595621308     
  0.717680000000000        1.02601722599543     
  0.717760000000000        1.02610849670158     
  0.717840000000000        1.02619976833026     
  0.717920000000000        1.02629104088016     
  0.718000000000000        1.02638231435203     
  0.718080000000000        1.02647358874338     
  0.718160000000000        1.02656486405392     
  0.718240000000000        1.02665614028265     
  0.718320000000000        1.02674741742852     
  0.718400000000000        1.02683869549163     
  0.718480000000000        1.02692997446976     
  0.718560000000000        1.02702125436306     
  0.718640000000000        1.02711253517020     
  0.718720000000000        1.02720381689020     
  0.718800000000000        1.02729509952210     
  0.718880000000000        1.02738638306566     
  0.718960000000000        1.02747766751920     
  0.719040000000000        1.02756895288273     
  0.719120000000000        1.02766023915461     
  0.719200000000000        1.02775152633401     
  0.719280000000000        1.02784281442100     
  0.719360000000000        1.02793410341357     
  0.719440000000000        1.02802539331107     
  0.719520000000000        1.02811668411287     
  0.719600000000000        1.02820797581797     
  0.719680000000000        1.02829926842592     
  0.719760000000000        1.02839056193538     
  0.719840000000000        1.02848185634556     
  0.719920000000000        1.02857315165552     
  0.720000000000000        1.02866444786443     
  0.720080000000000        1.02875574497095     
  0.720160000000000        1.02884704297589     
  0.720240000000000        1.02893834187624     
  0.720320000000000        1.02902964167286     
  0.720400000000000        1.02912094236318     
  0.720480000000000        1.02921224394775     
  0.720560000000000        1.02930354642500     
  0.720640000000000        1.02939484979421     
  0.720720000000000        1.02948615405441     
  0.720800000000000        1.02957745920470     
  0.720880000000000        1.02966876524465     
  0.720960000000000        1.02976007217314     
  0.721040000000000        1.02985137998880     
  0.721120000000000        1.02994268869153     
  0.721200000000000        1.03003399827969     
  0.721280000000000        1.03012530875313     
  0.721360000000000        1.03021662011053     
  0.721440000000000        1.03030793235065     
  0.721520000000000        1.03039924547332     
  0.721600000000000        1.03049055947822     
  0.721680000000000        1.03058187436330     
  0.721760000000000        1.03067319012788     
  0.721840000000000        1.03076450677098     
  0.721920000000000        1.03085582429234     
  0.722000000000000        1.03094714269038     
  0.722080000000000        1.03103846196504     
  0.722160000000000        1.03112978211467     
  0.722240000000000        1.03122110313909     
  0.722320000000000        1.03131242503664     
  0.722400000000000        1.03140374780710     
  0.722480000000000        1.03149507144881     
  0.722560000000000        1.03158639596198     
  0.722640000000000        1.03167772134533     
  0.722720000000000        1.03176904759759     
  0.722800000000000        1.03186037471798     
  0.722880000000000        1.03195170270575     
  0.722960000000000        1.03204303156026     
  0.723040000000000        1.03213436128010     
  0.723120000000000        1.03222569186512     
  0.723200000000000        1.03231702331373     
  0.723280000000000        1.03240835562539     
  0.723360000000000        1.03249968879943     
  0.723440000000000        1.03259102283422     
  0.723520000000000        1.03268235772971     
  0.723600000000000        1.03277369348437     
  0.723680000000000        1.03286503009829     
  0.723760000000000        1.03295636756949     
  0.723840000000000        1.03304770589706     
  0.723920000000000        1.03313904508155     
  0.724000000000000        1.03323038512042     
  0.724080000000000        1.03332172601412     
  0.724160000000000        1.03341306776070     
  0.724240000000000        1.03350441035989     
  0.724320000000000        1.03359575381066     
  0.724400000000000        1.03368709811245     
  0.724480000000000        1.03377844326375     
  0.724560000000000        1.03386978926387     
  0.724640000000000        1.03396113611239     
  0.724720000000000        1.03405248380791     
  0.724800000000000        1.03414383234947     
  0.724880000000000        1.03423518173717     
  0.724960000000000        1.03432653196891     
  0.725040000000000        1.03441788304434     
  0.725120000000000        1.03450923496277     
  0.725200000000000        1.03460058772285     
  0.725280000000000        1.03469194132448     
  0.725360000000000        1.03478329576596     
  0.725440000000000        1.03487465104659     
  0.725520000000000        1.03496600716623     
  0.725600000000000        1.03505736412309     
  0.725680000000000        1.03514872191640     
  0.725760000000000        1.03524008054553     
  0.725840000000000        1.03533144000960     
  0.725920000000000        1.03542280030797     
  0.726000000000000        1.03551416143904     
  0.726080000000000        1.03560552340259     
  0.726160000000000        1.03569688619761     
  0.726240000000000        1.03578824982278     
  0.726320000000000        1.03587961427835     
  0.726400000000000        1.03597097956208     
  0.726480000000000        1.03606234567368     
  0.726560000000000        1.03615371261243     
  0.726640000000000        1.03624508037667     
  0.726720000000000        1.03633644896699     
  0.726800000000000        1.03642781838172     
  0.726880000000000        1.03651918861943     
  0.726960000000000        1.03661055968024     
  0.727040000000000        1.03670193156229     
  0.727120000000000        1.03679330426561     
  0.727200000000000        1.03688467778840     
  0.727280000000000        1.03697605213034     
  0.727360000000000        1.03706742729112     
  0.727440000000000        1.03715880326864     
  0.727520000000000        1.03725018006267     
  0.727600000000000        1.03734155767213     
  0.727680000000000        1.03743293609673     
  0.727760000000000        1.03752431533495     
  0.727840000000000        1.03761569538622     
  0.727920000000000        1.03770707624936     
  0.728000000000000        1.03779845792398     
  0.728080000000000        1.03788984040854     
  0.728160000000000        1.03798122370237     
  0.728240000000000        1.03807260780529     
  0.728320000000000        1.03816399271542     
  0.728400000000000        1.03825537843275     
  0.728480000000000        1.03834676495586     
  0.728560000000000        1.03843815228390     
  0.728640000000000        1.03852954041595     
  0.728720000000000        1.03862092935131     
  0.728800000000000        1.03871231908955     
  0.728880000000000        1.03880370962844     
  0.728960000000000        1.03889510096870     
  0.729040000000000        1.03898649310829     
  0.729120000000000        1.03907788604732     
  0.729200000000000        1.03916927978363     
  0.729280000000000        1.03926067431774     
  0.729360000000000        1.03935206964767     
  0.729440000000000        1.03944346577292     
  0.729520000000000        1.03953486269260     
  0.729600000000000        1.03962626040633     
  0.729680000000000        1.03971765891212     
  0.729760000000000        1.03980905820998     
  0.729840000000000        1.03990045829924     
  0.729920000000000        1.03999185917864     
  0.730000000000000        1.04008326084674     
  0.730080000000000        1.04017466330347     
  0.730160000000000        1.04026606654773     
  0.730240000000000        1.04035747057801     
  0.730320000000000        1.04044887539457     
  0.730400000000000        1.04054028099537     
  0.730480000000000        1.04063168738038     
  0.730560000000000        1.04072309454835     
  0.730640000000000        1.04081450249853     
  0.730720000000000        1.04090591123022     
  0.730800000000000        1.04099732074253     
  0.730880000000000        1.04108873103364     
  0.730960000000000        1.04118014210411     
  0.731040000000000        1.04127155395214     
  0.731120000000000        1.04136296657685     
  0.731200000000000        1.04145437997786     
  0.731280000000000        1.04154579415369     
  0.731360000000000        1.04163720910415     
  0.731440000000000        1.04172862482751     
  0.731520000000000        1.04182004132374     
  0.731600000000000        1.04191145859174     
  0.731680000000000        1.04200287663003     
  0.731760000000000        1.04209429543833     
  0.731840000000000        1.04218571501580     
  0.731920000000000        1.04227713536114     
  0.732000000000000        1.04236855647416     
  0.732080000000000        1.04245997835335     
  0.732160000000000        1.04255140099738     
  0.732240000000000        1.04264282440650     
  0.732320000000000        1.04273424857935     
  0.732400000000000        1.04282567351484     
  0.732480000000000        1.04291709921247     
  0.732560000000000        1.04300852567125     
  0.732640000000000        1.04309995289010     
  0.732720000000000        1.04319138086792     
  0.732800000000000        1.04328280960423     
  0.732880000000000        1.04337423909834     
  0.732960000000000        1.04346566934958     
  0.733040000000000        1.04355710035599     
  0.733120000000000        1.04364853211744     
  0.733200000000000        1.04373996463280     
  0.733280000000000        1.04383139790084     
  0.733360000000000        1.04392283192268     
  0.733440000000000        1.04401426669433     
  0.733520000000000        1.04410570221731     
  0.733600000000000        1.04419713848980     
  0.733680000000000        1.04428857551114     
  0.733760000000000        1.04438001328029     
  0.733840000000000        1.04447145179634     
  0.733920000000000        1.04456289105822     
  0.734000000000000        1.04465433106584     
  0.734080000000000        1.04474577181732     
  0.734160000000000        1.04483721331243     
  0.734240000000000        1.04492865555033     
  0.734320000000000        1.04502009852994     
  0.734400000000000        1.04511154225002     
  0.734480000000000        1.04520298671089     
  0.734560000000000        1.04529443191008     
  0.734640000000000        1.04538587784731     
  0.734720000000000        1.04547732452259     
  0.734800000000000        1.04556877193340     
  0.734880000000000        1.04566022008080     
  0.734960000000000        1.04575166896224     
  0.735040000000000        1.04584311857762     
  0.735120000000000        1.04593456892580     
  0.735200000000000        1.04602602000588     
  0.735280000000000        1.04611747181746     
  0.735360000000000        1.04620892435902     
  0.735440000000000        1.04630037762993     
  0.735520000000000        1.04639183162975     
  0.735600000000000        1.04648328635696     
  0.735680000000000        1.04657474181085     
  0.735760000000000        1.04666619799076     
  0.735840000000000        1.04675765489564     
  0.735920000000000        1.04684911252459     
  0.736000000000000        1.04694057087641     
  0.736080000000000        1.04703202995122     
  0.736160000000000        1.04712348974708     
  0.736240000000000        1.04721495026373     
  0.736320000000000        1.04730641150011     
  0.736400000000000        1.04739787345494     
  0.736480000000000        1.04748933612819     
  0.736560000000000        1.04758079951831     
  0.736640000000000        1.04767226362477     
  0.736720000000000        1.04776372844617     
  0.736800000000000        1.04785519398230     
  0.736880000000000        1.04794666023210     
  0.736960000000000        1.04803812719413     
  0.737040000000000        1.04812959486834     
  0.737120000000000        1.04822106325298     
  0.737200000000000        1.04831253234813     
  0.737280000000000        1.04840400215244     
  0.737360000000000        1.04849547266491     
  0.737440000000000        1.04858694388488     
  0.737520000000000        1.04867841581097     
  0.737600000000000        1.04876988844292     
  0.737680000000000        1.04886136177958     
  0.737760000000000        1.04895283582023     
  0.737840000000000        1.04904431056333     
  0.737920000000000        1.04913578600913     
  0.738000000000000        1.04922726215592     
  0.738080000000000        1.04931873900300     
  0.738160000000000        1.04941021654974     
  0.738240000000000        1.04950169479522     
  0.738320000000000        1.04959317373782     
  0.738400000000000        1.04968465337741     
  0.738480000000000        1.04977613371328     
  0.738560000000000        1.04986761474389     
  0.738640000000000        1.04995909646868     
  0.738720000000000        1.05005057888714     
  0.738800000000000        1.05014206199727     
  0.738880000000000        1.05023354579971     
  0.738960000000000        1.05032503029242     
  0.739040000000000        1.05041651547476     
  0.739120000000000        1.05050800134664     
  0.739200000000000        1.05059948790597     
  0.739280000000000        1.05069097515252     
  0.739360000000000        1.05078246308525     
  0.739440000000000        1.05087395170378     
  0.739520000000000        1.05096544100632     
  0.739600000000000        1.05105693099264     
  0.739680000000000        1.05114842166136     
  0.739760000000000        1.05123991301229     
  0.739840000000000        1.05133140504442     
  0.739920000000000        1.05142289775607     
