  0.660000000000000       1.621656401763836E-002
  0.660080000000000       1.621848041746297E-002
  0.660160000000000       1.622039705178089E-002
  0.660240000000000       1.622231392150162E-002
  0.660320000000000       1.622423102568724E-002
  0.660400000000000       1.622614836528988E-002
  0.660480000000000       1.622806593937163E-002
  0.660560000000000       1.622998374844407E-002
  0.660640000000000       1.623190179287668E-002
  0.660720000000000       1.623382007150418E-002
  0.660800000000000       1.623573858552028E-002
  0.660880000000000       1.623765733380231E-002
  0.660960000000000       1.623957631723136E-002
  0.661040000000000       1.624149553546637E-002
  0.661120000000000       1.624341498863522E-002
  0.661200000000000       1.624533467628318E-002
  0.661280000000000       1.624725459873708E-002
  0.661360000000000       1.624917475581220E-002
  0.661440000000000       1.625109514760801E-002
  0.661520000000000       1.625301577446556E-002
  0.661600000000000       1.625493663611486E-002
  0.661680000000000       1.625685773178851E-002
  0.661760000000000       1.625877906231075E-002
  0.661840000000000       1.626070062746841E-002
  0.661920000000000       1.626262242699148E-002
  0.662000000000000       1.626454446134893E-002
  0.662080000000000       1.626646673037022E-002
  0.662160000000000       1.626838923394167E-002
  0.662240000000000       1.627031197200644E-002
  0.662320000000000       1.627223494445083E-002
  0.662400000000000       1.627415815174380E-002
  0.662480000000000       1.627608159270586E-002
  0.662560000000000       1.627800526912757E-002
  0.662640000000000       1.627992917945995E-002
  0.662720000000000       1.628185332429986E-002
  0.662800000000000       1.628377770327780E-002
  0.662880000000000       1.628570231721802E-002
  0.662960000000000       1.628762716558050E-002
  0.663040000000000       1.628955224758364E-002
  0.663120000000000       1.629147756415115E-002
  0.663200000000000       1.629340311548198E-002
  0.663280000000000       1.629532890089400E-002
  0.663360000000000       1.629725492035881E-002
  0.663440000000000       1.629918117450167E-002
  0.663520000000000       1.630110766234203E-002
  0.663600000000000       1.630303438488887E-002
  0.663680000000000       1.630496134151691E-002
  0.663760000000000       1.630688853260984E-002
  0.663840000000000       1.630881595724396E-002
  0.663920000000000       1.631074361668403E-002
  0.664000000000000       1.631267150983582E-002
  0.664080000000000       1.631459963736723E-002
  0.664160000000000       1.631652799883774E-002
  0.664240000000000       1.631845659455997E-002
  0.664320000000000       1.632038542444867E-002
  0.664400000000000       1.632231448823383E-002
  0.664480000000000       1.632424378602913E-002
  0.664560000000000       1.632617331780615E-002
  0.664640000000000       1.632810308396280E-002
  0.664720000000000       1.633003308388801E-002
  0.664800000000000       1.633196331785178E-002
  0.664880000000000       1.633389378575465E-002
  0.664960000000000       1.633582448741187E-002
  0.665040000000000       1.633775542296554E-002
  0.665120000000000       1.633968659260041E-002
  0.665200000000000       1.634161799593279E-002
  0.665280000000000       1.634354963358795E-002
  0.665360000000000       1.634548150450008E-002
  0.665440000000000       1.634741360973500E-002
  0.665520000000000       1.634934594878110E-002
  0.665600000000000       1.635127852129734E-002
  0.665680000000000       1.635321132817900E-002
  0.665760000000000       1.635514436776340E-002
  0.665840000000000       1.635707764147163E-002
  0.665920000000000       1.635901114947422E-002
  0.666000000000000       1.636094489107485E-002
  0.666080000000000       1.636287886652930E-002
  0.666160000000000       1.636481307508440E-002
  0.666240000000000       1.636674751681120E-002
  0.666320000000000       1.636868219337238E-002
  0.666400000000000       1.637061710289209E-002
  0.666480000000000       1.637255224643617E-002
  0.666560000000000       1.637448762310931E-002
  0.666640000000000       1.637642323393471E-002
  0.666720000000000       1.637835907771865E-002
  0.666800000000000       1.638029515535642E-002
  0.666880000000000       1.638223146640747E-002
  0.666960000000000       1.638416801084339E-002
  0.667040000000000       1.638610478909051E-002
  0.667120000000000       1.638804180058038E-002
  0.667200000000000       1.638997904542670E-002
  0.667280000000000       1.639191652348735E-002
  0.667360000000000       1.639385423550131E-002
  0.667440000000000       1.639579218068696E-002
  0.667520000000000       1.639773035952750E-002
  0.667600000000000       1.639966877153973E-002
  0.667680000000000       1.640160741678052E-002
  0.667760000000000       1.640354629533512E-002
  0.667840000000000       1.640548540676299E-002
  0.667920000000000       1.640742475225785E-002
  0.668000000000000       1.640936433054072E-002
  0.668080000000000       1.641130414254952E-002
  0.668160000000000       1.641324418750265E-002
  0.668240000000000       1.641518446528643E-002
  0.668320000000000       1.641712497668244E-002
  0.668400000000000       1.641906572157701E-002
  0.668480000000000       1.642100669918854E-002
  0.668560000000000       1.642294790981545E-002
  0.668640000000000       1.642488935419670E-002
  0.668720000000000       1.642683103076912E-002
  0.668800000000000       1.642877294129483E-002
  0.668880000000000       1.643071508467962E-002
  0.668960000000000       1.643265746107978E-002
  0.669040000000000       1.643460007012585E-002
  0.669120000000000       1.643654291279837E-002
  0.669200000000000       1.643848598800311E-002
  0.669280000000000       1.644042929653586E-002
  0.669360000000000       1.644237283777137E-002
  0.669440000000000       1.644431661192278E-002
  0.669520000000000       1.644626061930275E-002
  0.669600000000000       1.644820485955598E-002
  0.669680000000000       1.645014933241249E-002
  0.669760000000000       1.645209403865387E-002
  0.669840000000000       1.645403897722850E-002
  0.669920000000000       1.645598414887537E-002
  0.670000000000000       1.645792955343815E-002
  0.670080000000000       1.645987519074630E-002
  0.670160000000000       1.646182106084246E-002
  0.670240000000000       1.646376716352769E-002
  0.670320000000000       1.646571349890145E-002
  0.670400000000000       1.646766006730480E-002
  0.670480000000000       1.646960686821195E-002
  0.670560000000000       1.647155390194974E-002
  0.670640000000000       1.647350116887345E-002
  0.670720000000000       1.647544866791726E-002
  0.670800000000000       1.647739639972066E-002
  0.670880000000000       1.647934436391416E-002
  0.670960000000000       1.648129256113726E-002
  0.671040000000000       1.648324099060836E-002
  0.671120000000000       1.648518965289589E-002
  0.671200000000000       1.648713854761617E-002
  0.671280000000000       1.648908767493971E-002
  0.671360000000000       1.649103703466757E-002
  0.671440000000000       1.649298662718344E-002
  0.671520000000000       1.649493645179099E-002
  0.671600000000000       1.649688650910128E-002
  0.671680000000000       1.649883679868800E-002
  0.671760000000000       1.650078732080693E-002
  0.671840000000000       1.650273807558598E-002
  0.671920000000000       1.650468906252776E-002
  0.672000000000000       1.650664028183122E-002
  0.672080000000000       1.650859173359585E-002
  0.672160000000000       1.651054341755163E-002
  0.672240000000000       1.651249533402541E-002
  0.672320000000000       1.651444748273299E-002
  0.672400000000000       1.651639986385909E-002
  0.672480000000000       1.651835247700582E-002
  0.672560000000000       1.652030532241475E-002
  0.672640000000000       1.652225840018538E-002
  0.672720000000000       1.652421171023242E-002
  0.672800000000000       1.652616525231430E-002
  0.672880000000000       1.652811902662996E-002
  0.672960000000000       1.653007303320784E-002
  0.673040000000000       1.653202727192003E-002
  0.673120000000000       1.653398174300811E-002
  0.673200000000000       1.653593644540628E-002
  0.673280000000000       1.653789138059245E-002
  0.673360000000000       1.653984654751504E-002
  0.673440000000000       1.654180194654351E-002
  0.673520000000000       1.654375757799052E-002
  0.673600000000000       1.654571344137288E-002
  0.673680000000000       1.654766953633533E-002
  0.673760000000000       1.654962586319051E-002
  0.673840000000000       1.655158242259212E-002
  0.673920000000000       1.655353921414224E-002
  0.674000000000000       1.655549623695982E-002
  0.674080000000000       1.655745349189750E-002
  0.674160000000000       1.655941097857159E-002
  0.674240000000000       1.656136869691103E-002
  0.674320000000000       1.656332664761215E-002
  0.674400000000000       1.656528483026285E-002
  0.674480000000000       1.656724324463574E-002
  0.674560000000000       1.656920189064557E-002
  0.674640000000000       1.657116076857654E-002
  0.674720000000000       1.657311987797392E-002
  0.674800000000000       1.657507921960508E-002
  0.674880000000000       1.657703879237580E-002
  0.674960000000000       1.657899859746557E-002
  0.675040000000000       1.658095863417806E-002
  0.675120000000000       1.658291890222905E-002
  0.675200000000000       1.658487940213014E-002
  0.675280000000000       1.658684013352605E-002
  0.675360000000000       1.658880109645942E-002
  0.675440000000000       1.659076229149867E-002
  0.675520000000000       1.659272371772012E-002
  0.675600000000000       1.659468537577744E-002
  0.675680000000000       1.659664726494590E-002
  0.675760000000000       1.659860938600708E-002
  0.675840000000000       1.660057173833571E-002
  0.675920000000000       1.660253432237233E-002
  0.676000000000000       1.660449713807430E-002
  0.676080000000000       1.660646018483056E-002
  0.676160000000000       1.660842346316691E-002
  0.676240000000000       1.661038697275650E-002
  0.676320000000000       1.661235071422460E-002
  0.676400000000000       1.661431468654804E-002
  0.676480000000000       1.661627889077841E-002
  0.676560000000000       1.661824332593518E-002
  0.676640000000000       1.662020799275730E-002
  0.676720000000000       1.662217289093213E-002
  0.676800000000000       1.662413801991967E-002
  0.676880000000000       1.662610338070045E-002
  0.676960000000000       1.662806897254974E-002
  0.677040000000000       1.663003479549594E-002
  0.677120000000000       1.663200084956749E-002
  0.677200000000000       1.663396713510543E-002
  0.677280000000000       1.663593365196767E-002
  0.677360000000000       1.663790039951472E-002
  0.677440000000000       1.663986737874133E-002
  0.677520000000000       1.664183458900801E-002
  0.677600000000000       1.664380202994529E-002
  0.677680000000000       1.664576970240581E-002
  0.677760000000000       1.664773760580694E-002
  0.677840000000000       1.664970574046130E-002
  0.677920000000000       1.665167410571520E-002
  0.678000000000000       1.665364270247813E-002
  0.678080000000000       1.665561153013904E-002
  0.678160000000000       1.665758058884002E-002
  0.678240000000000       1.665954987822580E-002
  0.678320000000000       1.666151939900693E-002
  0.678400000000000       1.666348915014602E-002
  0.678480000000000       1.666545913260940E-002
  0.678560000000000       1.666742934544494E-002
  0.678640000000000       1.666939979010216E-002
  0.678720000000000       1.667137046506049E-002
  0.678800000000000       1.667334137081731E-002
  0.678880000000000       1.667531250728736E-002
  0.678960000000000       1.667728387475485E-002
  0.679040000000000       1.667925547321978E-002
  0.679120000000000       1.668122730219899E-002
  0.679200000000000       1.668319936179195E-002
  0.679280000000000       1.668517165238235E-002
  0.679360000000000       1.668714417328807E-002
  0.679440000000000       1.668911692534756E-002
  0.679520000000000       1.669108990787869E-002
  0.679600000000000       1.669306312139305E-002
  0.679680000000000       1.669503656550695E-002
  0.679760000000000       1.669701023980828E-002
  0.679840000000000       1.669898414476598E-002
  0.679920000000000       1.670095828073535E-002
  0.680000000000000       1.670293264660792E-002
  0.680080000000000       1.670490724389005E-002
  0.680160000000000       1.670688207084801E-002
  0.680240000000000       1.670885712897394E-002
  0.680320000000000       1.671083241674729E-002
  0.680400000000000       1.671280793593020E-002
  0.680480000000000       1.671478368537158E-002
  0.680560000000000       1.671675966521356E-002
  0.680640000000000       1.671873587552717E-002
  0.680720000000000       1.672071231591452E-002
  0.680800000000000       1.672268898651772E-002
  0.680880000000000       1.672466588820363E-002
  0.680960000000000       1.672664301990643E-002
  0.681040000000000       1.672862038176823E-002
  0.681120000000000       1.673059797441432E-002
  0.681200000000000       1.673257579720520E-002
  0.681280000000000       1.673455384964349E-002
  0.681360000000000       1.673653213300817E-002
  0.681440000000000       1.673851064660290E-002
  0.681520000000000       1.674048939007242E-002
  0.681600000000000       1.674246836378621E-002
  0.681680000000000       1.674444756751690E-002
  0.681760000000000       1.674642700171922E-002
  0.681840000000000       1.674840666616582E-002
  0.681920000000000       1.675038656043035E-002
  0.682000000000000       1.675236668475442E-002
  0.682080000000000       1.675434703930854E-002
  0.682160000000000       1.675632762453325E-002
  0.682240000000000       1.675830843919222E-002
  0.682320000000000       1.676028948369754E-002
  0.682400000000000       1.676227075851820E-002
  0.682480000000000       1.676425226312837E-002
  0.682560000000000       1.676623399813913E-002
  0.682640000000000       1.676821596302467E-002
  0.682720000000000       1.677019815782763E-002
  0.682800000000000       1.677218058206485E-002
  0.682880000000000       1.677416323685896E-002
  0.682960000000000       1.677614612125786E-002
  0.683040000000000       1.677812923537523E-002
  0.683120000000000       1.678011257946686E-002
  0.683200000000000       1.678209615357538E-002
  0.683280000000000       1.678407995735973E-002
  0.683360000000000       1.678606399066360E-002
  0.683440000000000       1.678804825404121E-002
  0.683520000000000       1.679003274735045E-002
  0.683600000000000       1.679201746959656E-002
  0.683680000000000       1.679400242264115E-002
  0.683760000000000       1.679598760509158E-002
  0.683840000000000       1.679797301669204E-002
  0.683920000000000       1.679995865839466E-002
  0.684000000000000       1.680194452948889E-002
  0.684080000000000       1.680393063021633E-002
  0.684160000000000       1.680591696080434E-002
  0.684240000000000       1.680790352111081E-002
  0.684320000000000       1.680989031075206E-002
  0.684400000000000       1.681187733016862E-002
  0.684480000000000       1.681386457857890E-002
  0.684560000000000       1.681585205733292E-002
  0.684640000000000       1.681783976483906E-002
  0.684720000000000       1.681982770209210E-002
  0.684800000000000       1.682181586865148E-002
  0.684880000000000       1.682380426460248E-002
  0.684960000000000       1.682579289047090E-002
  0.685040000000000       1.682778174546094E-002
  0.685120000000000       1.682977082972890E-002
  0.685200000000000       1.683176014353058E-002
  0.685280000000000       1.683374968632598E-002
  0.685360000000000       1.683573945883985E-002
  0.685440000000000       1.683772946034743E-002
  0.685520000000000       1.683971969140294E-002
  0.685600000000000       1.684171015170797E-002
  0.685680000000000       1.684370084139040E-002
  0.685760000000000       1.684569176013759E-002
  0.685840000000000       1.684768290789272E-002
  0.685920000000000       1.684967428511051E-002
  0.686000000000000       1.685166589160623E-002
  0.686080000000000       1.685365772718093E-002
  0.686160000000000       1.685564979164986E-002
  0.686240000000000       1.685764208549621E-002
  0.686320000000000       1.685963460884785E-002
  0.686400000000000       1.686162736075267E-002
  0.686480000000000       1.686362034163700E-002
  0.686560000000000       1.686561355196978E-002
  0.686640000000000       1.686760699113996E-002
  0.686720000000000       1.686960065906227E-002
  0.686800000000000       1.687159455621987E-002
  0.686880000000000       1.687358868215803E-002
  0.686960000000000       1.687558303780044E-002
  0.687040000000000       1.687757762144180E-002
  0.687120000000000       1.687957243431846E-002
  0.687200000000000       1.688156747645884E-002
  0.687280000000000       1.688356274703871E-002
  0.687360000000000       1.688555824661229E-002
  0.687440000000000       1.688755397513695E-002
  0.687520000000000       1.688954993262690E-002
  0.687600000000000       1.689154611857056E-002
  0.687680000000000       1.689354253333739E-002
  0.687760000000000       1.689553917697004E-002
  0.687840000000000       1.689753604929798E-002
  0.687920000000000       1.689953315050594E-002
  0.688000000000000       1.690153048046603E-002
  0.688080000000000       1.690352803886561E-002
  0.688160000000000       1.690552582596048E-002
  0.688240000000000       1.690752384229064E-002
  0.688320000000000       1.690952208650607E-002
  0.688400000000000       1.691152055934573E-002
  0.688480000000000       1.691351926089488E-002
  0.688560000000000       1.691551819169355E-002
  0.688640000000000       1.691751735033484E-002
  0.688720000000000       1.691951673778511E-002
  0.688800000000000       1.692151635398751E-002
  0.688880000000000       1.692351619840202E-002
  0.688960000000000       1.692551627138392E-002
  0.689040000000000       1.692751657266321E-002
  0.689120000000000       1.692951710231092E-002
  0.689200000000000       1.693151786066813E-002
  0.689280000000000       1.693351884718062E-002
  0.689360000000000       1.693552006254471E-002
  0.689440000000000       1.693752150579406E-002
  0.689520000000000       1.693952317793766E-002
  0.689600000000000       1.694152507808020E-002
  0.689680000000000       1.694352720636381E-002
  0.689760000000000       1.694552956324322E-002
  0.689840000000000       1.694753214799369E-002
  0.689920000000000       1.694953496182314E-002
  0.690000000000000       1.695153800338154E-002
  0.690080000000000       1.695354127292468E-002
  0.690160000000000       1.695554477085046E-002
  0.690240000000000       1.695754849752838E-002
  0.690320000000000       1.695955245145207E-002
  0.690400000000000       1.696155663424157E-002
  0.690480000000000       1.696356104470318E-002
  0.690560000000000       1.696556568334848E-002
  0.690640000000000       1.696757055051854E-002
  0.690720000000000       1.696957564516175E-002
  0.690800000000000       1.697158096851446E-002
  0.690880000000000       1.697358651922663E-002
  0.690960000000000       1.697559229816512E-002
  0.691040000000000       1.697759830550048E-002
  0.691120000000000       1.697960454026635E-002
  0.691200000000000       1.698161100348592E-002
  0.691280000000000       1.698361769432075E-002
  0.691360000000000       1.698562461311191E-002
  0.691440000000000       1.698763175961780E-002
  0.691520000000000       1.698963913437843E-002
  0.691600000000000       1.699164673645590E-002
  0.691680000000000       1.699365456728550E-002
  0.691760000000000       1.699566262524719E-002
  0.691840000000000       1.699767091142099E-002
  0.691920000000000       1.699967942512479E-002
  0.692000000000000       1.700168816648649E-002
  0.692080000000000       1.700369713561976E-002
  0.692160000000000       1.700570633269514E-002
  0.692240000000000       1.700771575721525E-002
  0.692320000000000       1.700972540969168E-002
  0.692400000000000       1.701173528992548E-002
  0.692480000000000       1.701374539776033E-002
  0.692560000000000       1.701575573316780E-002
  0.692640000000000       1.701776629594896E-002
  0.692720000000000       1.701977708682854E-002
  0.692800000000000       1.702178810451336E-002
  0.692880000000000       1.702379935073715E-002
  0.692960000000000       1.702581082395092E-002
  0.693040000000000       1.702782252497890E-002
  0.693120000000000       1.702983445295423E-002
  0.693200000000000       1.703184660871535E-002
  0.693280000000000       1.703385899187857E-002
  0.693360000000000       1.703587160268547E-002
  0.693440000000000       1.703788444085184E-002
  0.693520000000000       1.703989750612187E-002
  0.693600000000000       1.704191079934823E-002
  0.693680000000000       1.704392431962141E-002
  0.693760000000000       1.704593806738195E-002
  0.693840000000000       1.704795204193352E-002
  0.693920000000000       1.704996624466879E-002
  0.694000000000000       1.705198067415246E-002
  0.694080000000000       1.705399533089611E-002
  0.694160000000000       1.705601021512713E-002
  0.694240000000000       1.705802532633392E-002
  0.694320000000000       1.706004066485754E-002
  0.694400000000000       1.706205623071220E-002
  0.694480000000000       1.706407202367053E-002
  0.694560000000000       1.706608804397412E-002
  0.694640000000000       1.706810429126768E-002
  0.694720000000000       1.707012076559387E-002
  0.694800000000000       1.707213746715162E-002
  0.694880000000000       1.707415439531566E-002
  0.694960000000000       1.707617155146444E-002
  0.695040000000000       1.707818893421951E-002
  0.695120000000000       1.708020654342455E-002
  0.695200000000000       1.708222438034433E-002
  0.695280000000000       1.708424244401250E-002
  0.695360000000000       1.708626073475592E-002
  0.695440000000000       1.708827925236143E-002
  0.695520000000000       1.709029799708481E-002
  0.695600000000000       1.709231696824396E-002
  0.695680000000000       1.709433616691889E-002
  0.695760000000000       1.709635559224274E-002
  0.695840000000000       1.709837524414446E-002
  0.695920000000000       1.710039512324932E-002
  0.696000000000000       1.710241522870468E-002
  0.696080000000000       1.710443556136319E-002
  0.696160000000000       1.710645612081272E-002
  0.696240000000000       1.710847690672643E-002
  0.696320000000000       1.711049791961592E-002
  0.696400000000000       1.711251915914012E-002
  0.696480000000000       1.711454062556903E-002
  0.696560000000000       1.711656231866108E-002
  0.696640000000000       1.711858423796151E-002
  0.696720000000000       1.712060638439403E-002
  0.696800000000000       1.712262875713442E-002
  0.696880000000000       1.712465135670847E-002
  0.696960000000000       1.712667418243406E-002
  0.697040000000000       1.712869723489383E-002
  0.697120000000000       1.713072051432938E-002
  0.697200000000000       1.713274402004437E-002
  0.697280000000000       1.713476775209564E-002
  0.697360000000000       1.713679171096636E-002
  0.697440000000000       1.713881589605968E-002
  0.697520000000000       1.714084030744665E-002
  0.697600000000000       1.714286494570991E-002
  0.697680000000000       1.714488980995419E-002
  0.697760000000000       1.714691490108897E-002
  0.697840000000000       1.714894021831845E-002
  0.697920000000000       1.715096576162842E-002
  0.698000000000000       1.715299153201364E-002
  0.698080000000000       1.715501752795354E-002
  0.698160000000000       1.715704375040026E-002
  0.698240000000000       1.715907019968064E-002
  0.698320000000000       1.716109687447307E-002
  0.698400000000000       1.716312377572968E-002
  0.698480000000000       1.716515090320889E-002
  0.698560000000000       1.716717825692491E-002
  0.698640000000000       1.716920583650825E-002
  0.698720000000000       1.717123364278315E-002
  0.698800000000000       1.717326167505327E-002
  0.698880000000000       1.717528993316229E-002
  0.698960000000000       1.717731841782075E-002
  0.699040000000000       1.717934712840339E-002
  0.699120000000000       1.718137606482493E-002
  0.699200000000000       1.718340522742643E-002
  0.699280000000000       1.718543461608000E-002
  0.699360000000000       1.718746423085669E-002
  0.699440000000000       1.718949407141544E-002
  0.699520000000000       1.719152413818257E-002
  0.699600000000000       1.719355443058965E-002
  0.699680000000000       1.719558494893512E-002
  0.699760000000000       1.719761569340370E-002
  0.699840000000000       1.719964666386751E-002
  0.699920000000000       1.720167785968705E-002
  0.700000000000000       1.720370928177182E-002
  0.700080000000000       1.720574092979497E-002
  0.700160000000000       1.720777280334438E-002
  0.700240000000000       1.720980490315902E-002
  0.700320000000000       1.721183722820150E-002
  0.700400000000000       1.721386977916815E-002
  0.700480000000000       1.721590255576053E-002
  0.700560000000000       1.721793555843341E-002
  0.700640000000000       1.721996878600727E-002
  0.700720000000000       1.722200224014479E-002
  0.700800000000000       1.722403591985120E-002
  0.700880000000000       1.722606982481387E-002
  0.700960000000000       1.722810395580019E-002
  0.701040000000000       1.723013831155960E-002
  0.701120000000000       1.723217289364107E-002
  0.701200000000000       1.723420770099302E-002
  0.701280000000000       1.723624273441125E-002
  0.701360000000000       1.723827799291520E-002
  0.701440000000000       1.724031347654751E-002
  0.701520000000000       1.724234918621768E-002
  0.701600000000000       1.724438512124358E-002
  0.701680000000000       1.724642128158258E-002
  0.701760000000000       1.724845766734837E-002
  0.701840000000000       1.725049427868306E-002
  0.701920000000000       1.725253111531664E-002
  0.702000000000000       1.725456817733437E-002
  0.702080000000000       1.725660546465100E-002
  0.702160000000000       1.725864297746547E-002
  0.702240000000000       1.726068071535145E-002
  0.702320000000000       1.726271867855054E-002
  0.702400000000000       1.726475686704852E-002
  0.702480000000000       1.726679528074591E-002
  0.702560000000000       1.726883391950060E-002
  0.702640000000000       1.727087278416526E-002
  0.702720000000000       1.727291187336142E-002
  0.702800000000000       1.727495118801279E-002
  0.702880000000000       1.727699072730935E-002
  0.702960000000000       1.727903049267219E-002
  0.703040000000000       1.728107048231074E-002
  0.703120000000000       1.728311069763187E-002
  0.703200000000000       1.728515113766924E-002
  0.703280000000000       1.728719180303393E-002
  0.703360000000000       1.728923269290170E-002
  0.703440000000000       1.729127380852311E-002
  0.703520000000000       1.729331514874708E-002
  0.703600000000000       1.729535671374414E-002
  0.703680000000000       1.729739850384113E-002
  0.703760000000000       1.729944051896701E-002
  0.703840000000000       1.730148275883756E-002
  0.703920000000000       1.730352522385068E-002
  0.704000000000000       1.730556791389268E-002
  0.704080000000000       1.730761082832408E-002
  0.704160000000000       1.730965396779858E-002
  0.704240000000000       1.731169733224511E-002
  0.704320000000000       1.731374092133684E-002
  0.704400000000000       1.731578473487481E-002
  0.704480000000000       1.731782877331376E-002
  0.704560000000000       1.731987303666791E-002
  0.704640000000000       1.732191752534937E-002
  0.704720000000000       1.732396223769548E-002
  0.704800000000000       1.732600717542574E-002
  0.704880000000000       1.732805233737487E-002
  0.704960000000000       1.733009772450920E-002
  0.705040000000000       1.733214333556397E-002
  0.705120000000000       1.733418917166183E-002
  0.705200000000000       1.733623523216330E-002
  0.705280000000000       1.733828151721049E-002
  0.705360000000000       1.734032802676076E-002
  0.705440000000000       1.734237476098464E-002
  0.705520000000000       1.734442172005266E-002
  0.705600000000000       1.734646890314060E-002
  0.705680000000000       1.734851631120058E-002
  0.705760000000000       1.735056394315258E-002
  0.705840000000000       1.735261179933765E-002
  0.705920000000000       1.735465988008265E-002
  0.706000000000000       1.735670818598443E-002
  0.706080000000000       1.735875671545137E-002
  0.706160000000000       1.736080546912298E-002
  0.706240000000000       1.736285444762451E-002
  0.706320000000000       1.736490365048702E-002
  0.706400000000000       1.736695307736944E-002
  0.706480000000000       1.736900272859863E-002
  0.706560000000000       1.737105260377667E-002
  0.706640000000000       1.737310270354307E-002
  0.706720000000000       1.737515302745727E-002
  0.706800000000000       1.737720357536297E-002
  0.706880000000000       1.737925434782859E-002
  0.706960000000000       1.738130534375990E-002
  0.707040000000000       1.738335656489063E-002
  0.707120000000000       1.738540800931652E-002
  0.707200000000000       1.738745967786180E-002
  0.707280000000000       1.738951157086752E-002
  0.707360000000000       1.739156368796422E-002
  0.707440000000000       1.739361602851239E-002
  0.707520000000000       1.739566859352102E-002
  0.707600000000000       1.739772138256377E-002
  0.707680000000000       1.739977439473115E-002
  0.707760000000000       1.740182763199847E-002
  0.707840000000000       1.740388109240463E-002
  0.707920000000000       1.740593477717176E-002
  0.708000000000000       1.740798868537616E-002
  0.708080000000000       1.741004281789891E-002
  0.708160000000000       1.741209717437051E-002
  0.708240000000000       1.741415175442149E-002
  0.708320000000000       1.741620655833607E-002
  0.708400000000000       1.741826158563107E-002
  0.708480000000000       1.742031683758547E-002
  0.708560000000000       1.742237231259345E-002
  0.708640000000000       1.742442801142239E-002
  0.708720000000000       1.742648393402966E-002
  0.708800000000000       1.742854008072790E-002
  0.708880000000000       1.743059645089182E-002
  0.708960000000000       1.743265304435091E-002
  0.709040000000000       1.743470986126148E-002
  0.709120000000000       1.743676690230565E-002
  0.709200000000000       1.743882416691498E-002
  0.709280000000000       1.744088165494737E-002
  0.709360000000000       1.744293936658756E-002
  0.709440000000000       1.744499730173608E-002
  0.709520000000000       1.744705546059187E-002
  0.709600000000000       1.744911384268597E-002
  0.709680000000000       1.745117244824577E-002
  0.709760000000000       1.745323127711493E-002
  0.709840000000000       1.745529032980506E-002
  0.709920000000000       1.745734960623089E-002
  0.710000000000000       1.745940910502817E-002
  0.710080000000000       1.746146882788800E-002
  0.710160000000000       1.746352877411404E-002
  0.710240000000000       1.746558894359260E-002
  0.710320000000000       1.746764933621001E-002
  0.710400000000000       1.746970995207995E-002
  0.710480000000000       1.747177079142979E-002
  0.710560000000000       1.747383185394689E-002
  0.710640000000000       1.747589313967388E-002
  0.710720000000000       1.747795464851130E-002
  0.710800000000000       1.748001638088546E-002
  0.710880000000000       1.748207833624214E-002
  0.710960000000000       1.748414051469502E-002
  0.711040000000000       1.748620291640044E-002
  0.711120000000000       1.748826554147207E-002
  0.711200000000000       1.749032838907148E-002
  0.711280000000000       1.749239146032131E-002
  0.711360000000000       1.749445475374365E-002
  0.711440000000000       1.749651827091590E-002
  0.711520000000000       1.749858201070118E-002
  0.711600000000000       1.750064597437848E-002
  0.711680000000000       1.750271016037040E-002
  0.711760000000000       1.750477456941588E-002
  0.711840000000000       1.750683920093230E-002
  0.711920000000000       1.750890405598547E-002
  0.712000000000000       1.751096913362325E-002
  0.712080000000000       1.751303443444250E-002
  0.712160000000000       1.751509995771847E-002
  0.712240000000000       1.751716570403381E-002
  0.712320000000000       1.751923167296219E-002
  0.712400000000000       1.752129786473098E-002
  0.712480000000000       1.752336427983756E-002
  0.712560000000000       1.752543091718770E-002
  0.712640000000000       1.752749777717930E-002
  0.712720000000000       1.752956486002553E-002
  0.712800000000000       1.753163216565532E-002
  0.712880000000000       1.753369969392658E-002
  0.712960000000000       1.753576744452665E-002
  0.713040000000000       1.753783541800977E-002
  0.713120000000000       1.753990361409172E-002
  0.713200000000000       1.754197203331252E-002
  0.713280000000000       1.754404067427948E-002
  0.713360000000000       1.754610953807265E-002
  0.713440000000000       1.754817862460676E-002
  0.713520000000000       1.755024793358338E-002
  0.713600000000000       1.755231746511619E-002
  0.713680000000000       1.755438721880729E-002
  0.713760000000000       1.755645719505459E-002
  0.713840000000000       1.755852739375861E-002
  0.713920000000000       1.756059781489092E-002
  0.714000000000000       1.756266845862207E-002
  0.714080000000000       1.756473932456835E-002
  0.714160000000000       1.756681041285766E-002
  0.714240000000000       1.756888172346158E-002
  0.714320000000000       1.757095325623801E-002
  0.714400000000000       1.757302501179801E-002
  0.714480000000000       1.757509698918944E-002
  0.714560000000000       1.757716918861128E-002
  0.714640000000000       1.757924161088773E-002
  0.714720000000000       1.758131425495300E-002
  0.714800000000000       1.758338712151761E-002
  0.714880000000000       1.758546021015526E-002
  0.714960000000000       1.758753352096541E-002
  0.715040000000000       1.758960705349331E-002
  0.715120000000000       1.759168080846372E-002
  0.715200000000000       1.759375478547873E-002
  0.715280000000000       1.759582898468046E-002
  0.715360000000000       1.759790340541521E-002
  0.715440000000000       1.759997804877720E-002
  0.715520000000000       1.760205291446802E-002
  0.715600000000000       1.760412800162079E-002
  0.715680000000000       1.760620331050553E-002
  0.715760000000000       1.760827884161962E-002
  0.715840000000000       1.761035459465041E-002
  0.715920000000000       1.761243056975424E-002
  0.716000000000000       1.761450676630581E-002
  0.716080000000000       1.761658318544199E-002
  0.716160000000000       1.761865982567066E-002
  0.716240000000000       1.762073668811446E-002
  0.716320000000000       1.762281377216233E-002
  0.716400000000000       1.762489107829743E-002
  0.716480000000000       1.762696860599398E-002
  0.716560000000000       1.762904635546512E-002
  0.716640000000000       1.763112432688139E-002
  0.716720000000000       1.763320251966014E-002
  0.716800000000000       1.763528093448350E-002
  0.716880000000000       1.763735957058408E-002
  0.716960000000000       1.763943842857294E-002
  0.717040000000000       1.764151750827956E-002
  0.717120000000000       1.764359680936287E-002
  0.717200000000000       1.764567633202183E-002
  0.717280000000000       1.764775607625644E-002
  0.717360000000000       1.764983604182511E-002
  0.717440000000000       1.765191622939575E-002
  0.717520000000000       1.765399663827203E-002
  0.717600000000000       1.765607726880922E-002
  0.717680000000000       1.765815812036784E-002
  0.717760000000000       1.766023919374369E-002
  0.717840000000000       1.766232048848202E-002
  0.717920000000000       1.766440200454020E-002
  0.718000000000000       1.766648374159139E-002
  0.718080000000000       1.766856570060191E-002
  0.718160000000000       1.767064788079018E-002
  0.718240000000000       1.767273028238357E-002
  0.718320000000000       1.767481290509785E-002
  0.718400000000000       1.767689574943041E-002
  0.718480000000000       1.767897881458545E-002
  0.718560000000000       1.768106210118823E-002
  0.718640000000000       1.768314560857085E-002
  0.718720000000000       1.768522933811176E-002
  0.718800000000000       1.768731328776461E-002
  0.718880000000000       1.768939745930573E-002
  0.718960000000000       1.769148185164091E-002
  0.719040000000000       1.769356646540963E-002
  0.719120000000000       1.769565130032767E-002
  0.719200000000000       1.769773635589764E-002
  0.719280000000000       1.769982163290116E-002
  0.719360000000000       1.770190713017292E-002
  0.719440000000000       1.770399284946087E-002
  0.719520000000000       1.770607878894601E-002
  0.719600000000000       1.770816495014891E-002
  0.719680000000000       1.771025133162005E-002
  0.719760000000000       1.771233793421210E-002
  0.719840000000000       1.771442475830873E-002
  0.719920000000000       1.771651180258835E-002
  0.720000000000000       1.771859906784676E-002
  0.720080000000000       1.772068655402712E-002
  0.720160000000000       1.772277426102995E-002
  0.720240000000000       1.772486218929579E-002
  0.720320000000000       1.772695033782987E-002
  0.720400000000000       1.772903870683116E-002
  0.720480000000000       1.773112729726598E-002
  0.720560000000000       1.773321610816801E-002
  0.720640000000000       1.773530513966513E-002
  0.720720000000000       1.773739439224051E-002
  0.720800000000000       1.773948386512678E-002
  0.720880000000000       1.774157355893500E-002
  0.720960000000000       1.774366347309673E-002
  0.721040000000000       1.774575360764039E-002
  0.721120000000000       1.774784396323390E-002
  0.721200000000000       1.774993453903882E-002
  0.721280000000000       1.775202533553830E-002
  0.721360000000000       1.775411635247657E-002
  0.721440000000000       1.775620759015204E-002
  0.721520000000000       1.775829904840840E-002
  0.721600000000000       1.776039072696143E-002
  0.721680000000000       1.776248262576850E-002
  0.721760000000000       1.776457474485802E-002
  0.721840000000000       1.776666708492634E-002
  0.721920000000000       1.776875964493605E-002
  0.722000000000000       1.777085242561192E-002
  0.722080000000000       1.777294542682604E-002
  0.722160000000000       1.777503864761208E-002
  0.722240000000000       1.777713208899321E-002
  0.722320000000000       1.777922575084154E-002
  0.722400000000000       1.778131963297234E-002
  0.722480000000000       1.778341373530033E-002
  0.722560000000000       1.778550805791077E-002
  0.722640000000000       1.778760260022103E-002
  0.722720000000000       1.778969736282796E-002
  0.722800000000000       1.779179234608683E-002
  0.722880000000000       1.779388754911657E-002
  0.722960000000000       1.779598297231508E-002
  0.723040000000000       1.779807861563974E-002
  0.723120000000000       1.780017447894842E-002
  0.723200000000000       1.780227056221271E-002
  0.723280000000000       1.780436686595841E-002
  0.723360000000000       1.780646338964551E-002
  0.723440000000000       1.780856013252084E-002
  0.723520000000000       1.781065709626126E-002
  0.723600000000000       1.781275427960203E-002
  0.723680000000000       1.781485168311157E-002
  0.723760000000000       1.781694930615039E-002
  0.723840000000000       1.781904714944325E-002
  0.723920000000000       1.782114521236487E-002
  0.724000000000000       1.782324349494366E-002
  0.724080000000000       1.782534199764860E-002
  0.724160000000000       1.782744071996809E-002
  0.724240000000000       1.782953966234267E-002
  0.724320000000000       1.783163882444547E-002
  0.724400000000000       1.783373820590704E-002
  0.724480000000000       1.783583780731000E-002
  0.724560000000000       1.783793762838435E-002
  0.724640000000000       1.784003766945694E-002
  0.724720000000000       1.784213792966092E-002
  0.724800000000000       1.784423841017577E-002
  0.724880000000000       1.784633910993570E-002
  0.724960000000000       1.784844002894068E-002
  0.725040000000000       1.785054116822813E-002
  0.725120000000000       1.785264252643379E-002
  0.725200000000000       1.785474410470875E-002
  0.725280000000000       1.785684590190193E-002
  0.725360000000000       1.785894791895124E-002
  0.725440000000000       1.786105015544457E-002
  0.725520000000000       1.786315261106928E-002
  0.725600000000000       1.786525528679170E-002
  0.725680000000000       1.786735818170235E-002
  0.725760000000000       1.786946129580123E-002
  0.725840000000000       1.787156462884674E-002
  0.725920000000000       1.787366818208944E-002
  0.726000000000000       1.787577195415089E-002
  0.726080000000000       1.787787594564214E-002
  0.726160000000000       1.787998015633583E-002
  0.726240000000000       1.788208458637406E-002
  0.726320000000000       1.788418923574262E-002
  0.726400000000000       1.788629410427098E-002
  0.726480000000000       1.788839919220073E-002
  0.726560000000000       1.789050449896343E-002
  0.726640000000000       1.789261002481488E-002
  0.726720000000000       1.789471577039457E-002
  0.726800000000000       1.789682173460825E-002
  0.726880000000000       1.789892791806700E-002
  0.726960000000000       1.790103432057186E-002
  0.727040000000000       1.790314094198073E-002
  0.727120000000000       1.790524778232203E-002
  0.727200000000000       1.790735484237736E-002
  0.727280000000000       1.790946212079667E-002
  0.727360000000000       1.791156961850369E-002
  0.727440000000000       1.791367733512892E-002
  0.727520000000000       1.791578527053026E-002
  0.727600000000000       1.791789342490666E-002
  0.727680000000000       1.792000179838602E-002
  0.727760000000000       1.792211039001621E-002
  0.727840000000000       1.792421920145990E-002
  0.727920000000000       1.792632823081284E-002
  0.728000000000000       1.792843747951032E-002
  0.728080000000000       1.793054694708338E-002
  0.728160000000000       1.793265663330466E-002
  0.728240000000000       1.793476653814572E-002
  0.728320000000000       1.793687666164921E-002
  0.728400000000000       1.793898700401406E-002
  0.728480000000000       1.794109756528293E-002
  0.728560000000000       1.794320834494421E-002
  0.728640000000000       1.794531934315422E-002
  0.728720000000000       1.794743056032509E-002
  0.728800000000000       1.794954199557573E-002
  0.728880000000000       1.795165365012828E-002
  0.728960000000000       1.795376552236270E-002
  0.729040000000000       1.795587761364324E-002
  0.729120000000000       1.795798992310303E-002
  0.729200000000000       1.796010245135313E-002
  0.729280000000000       1.796221519836514E-002
  0.729360000000000       1.796432816318692E-002
  0.729440000000000       1.796644134709744E-002
  0.729520000000000       1.796855474900248E-002
  0.729600000000000       1.797066836947046E-002
  0.729680000000000       1.797278220810348E-002
  0.729760000000000       1.797489626514313E-002
  0.729840000000000       1.797701054037624E-002
  0.729920000000000       1.797912503398755E-002
  0.730000000000000       1.798123974655972E-002
  0.730080000000000       1.798335467643006E-002
  0.730160000000000       1.798546982473546E-002
  0.730240000000000       1.798758519180275E-002
  0.730320000000000       1.798970077679349E-002
  0.730400000000000       1.799181658014824E-002
  0.730480000000000       1.799393260127011E-002
  0.730560000000000       1.799604884052861E-002
  0.730640000000000       1.799816529830742E-002
  0.730720000000000       1.800028197373969E-002
  0.730800000000000       1.800239886735120E-002
  0.730880000000000       1.800451597897144E-002
  0.730960000000000       1.800663330902672E-002
  0.731040000000000       1.800875085673546E-002
  0.731120000000000       1.801086862258081E-002
  0.731200000000000       1.801298660643489E-002
  0.731280000000000       1.801510480812716E-002
  0.731360000000000       1.801722322761499E-002
  0.731440000000000       1.801934186501206E-002
  0.731520000000000       1.802146072068787E-002
  0.731600000000000       1.802357979361922E-002
  0.731680000000000       1.802569908495719E-002
  0.731760000000000       1.802781859403389E-002
  0.731840000000000       1.802993832079245E-002
  0.731920000000000       1.803205826554553E-002
  0.732000000000000       1.803417842712782E-002
  0.732080000000000       1.803629880731570E-002
  0.732160000000000       1.803841940525650E-002
  0.732240000000000       1.804054022079391E-002
  0.732320000000000       1.804266125399898E-002
  0.732400000000000       1.804478250443118E-002
  0.732480000000000       1.804690397321316E-002
  0.732560000000000       1.804902565923647E-002
  0.732640000000000       1.805114756258639E-002
  0.732720000000000       1.805326968421504E-002
  0.732800000000000       1.805539202267290E-002
  0.732880000000000       1.805751457902580E-002
  0.732960000000000       1.805963735264846E-002
  0.733040000000000       1.806176034381089E-002
  0.733120000000000       1.806388355232833E-002
  0.733200000000000       1.806600697886871E-002
  0.733280000000000       1.806813062247990E-002
  0.733360000000000       1.807025448317610E-002
  0.733440000000000       1.807237856156838E-002
  0.733520000000000       1.807450285744359E-002
  0.733600000000000       1.807662737061697E-002
  0.733680000000000       1.807875210063379E-002
  0.733760000000000       1.808087704824721E-002
  0.733840000000000       1.808300221341461E-002
  0.733920000000000       1.808512759565282E-002
  0.734000000000000       1.808725319510394E-002
  0.734080000000000       1.808937901158323E-002
  0.734160000000000       1.809150504558808E-002
  0.734240000000000       1.809363129649320E-002
  0.734320000000000       1.809575776427017E-002
  0.734400000000000       1.809788445021219E-002
  0.734480000000000       1.810001135218762E-002
  0.734560000000000       1.810213847171702E-002
  0.734640000000000       1.810426580817513E-002
  0.734720000000000       1.810639336177509E-002
  0.734800000000000       1.810852113226111E-002
  0.734880000000000       1.811064911976110E-002
  0.734960000000000       1.811277732472980E-002
  0.735040000000000       1.811490574611561E-002
  0.735120000000000       1.811703438452959E-002
  0.735200000000000       1.811916323992910E-002
  0.735280000000000       1.812129231220048E-002
  0.735360000000000       1.812342160137213E-002
  0.735440000000000       1.812555110734457E-002
  0.735520000000000       1.812768083048730E-002
  0.735600000000000       1.812981076949292E-002
  0.735680000000000       1.813194092603829E-002
  0.735760000000000       1.813407129935605E-002
  0.735840000000000       1.813620188901986E-002
  0.735920000000000       1.813833269588237E-002
  0.736000000000000       1.814046371904830E-002
  0.736080000000000       1.814259495935609E-002
  0.736160000000000       1.814472641591045E-002
  0.736240000000000       1.814685808920877E-002
  0.736320000000000       1.814898997902368E-002
  0.736400000000000       1.815112208532674E-002
  0.736480000000000       1.815325440867219E-002
  0.736560000000000       1.815538694800842E-002
  0.736640000000000       1.815751970468547E-002
  0.736720000000000       1.815965267704065E-002
  0.736800000000000       1.816178586635295E-002
  0.736880000000000       1.816391927186920E-002
  0.736960000000000       1.816605289428572E-002
  0.737040000000000       1.816818673257934E-002
  0.737120000000000       1.817032078753165E-002
  0.737200000000000       1.817245505885843E-002
  0.737280000000000       1.817458954621862E-002
  0.737360000000000       1.817672425045067E-002
  0.737440000000000       1.817885917043192E-002
  0.737520000000000       1.818099430744134E-002
  0.737600000000000       1.818312966061206E-002
  0.737680000000000       1.818526522902040E-002
  0.737760000000000       1.818740101462744E-002
  0.737840000000000       1.818953701628210E-002
  0.737920000000000       1.819167323416913E-002
  0.738000000000000       1.819380966820325E-002
  0.738080000000000       1.819594631821395E-002
  0.738160000000000       1.819808318415859E-002
  0.738240000000000       1.820022026677613E-002
  0.738320000000000       1.820235756518549E-002
  0.738400000000000       1.820449507952879E-002
  0.738480000000000       1.820663281036026E-002
  0.738560000000000       1.820877075691250E-002
  0.738640000000000       1.821090891959763E-002
  0.738720000000000       1.821304729774773E-002
  0.738800000000000       1.821518589211599E-002
  0.738880000000000       1.821732470265978E-002
  0.738960000000000       1.821946372866854E-002
  0.739040000000000       1.822160297085283E-002
  0.739120000000000       1.822374242929790E-002
  0.739200000000000       1.822588210308005E-002
  0.739280000000000       1.822802199288141E-002
  0.739360000000000       1.823016209814774E-002
  0.739440000000000       1.823230241987382E-002
  0.739520000000000       1.823444295663854E-002
  0.739600000000000       1.823658370960721E-002
  0.739680000000000       1.823872467832508E-002
  0.739760000000000       1.824086586228055E-002
  0.739840000000000       1.824300726222681E-002
  0.739920000000000       1.824514887793647E-002
