  0.660000000000000       0.284096714924050     
  0.660080000000000       0.284113606820245     
  0.660160000000000       0.284130498753233     
  0.660240000000000       0.284147390722932     
  0.660320000000000       0.284164282729125     
  0.660400000000000       0.284181174771660     
  0.660480000000000       0.284198066850377     
  0.660560000000000       0.284214958965080     
  0.660640000000000       0.284231851115666     
  0.660720000000000       0.284248743301943     
  0.660800000000000       0.284265635523788     
  0.660880000000000       0.284282527780969     
  0.660960000000000       0.284299420073324     
  0.661040000000000       0.284316312400743     
  0.661120000000000       0.284333204763067     
  0.661200000000000       0.284350097160032     
  0.661280000000000       0.284366989591660     
  0.661360000000000       0.284383882057630     
  0.661440000000000       0.284400774557896     
  0.661520000000000       0.284417667092140     
  0.661600000000000       0.284434559660336     
  0.661680000000000       0.284451452262313     
  0.661760000000000       0.284468344897764     
  0.661840000000000       0.284485237566724     
  0.661920000000000       0.284502130268934     
  0.662000000000000       0.284519023004258     
  0.662080000000000       0.284535915772493     
  0.662160000000000       0.284552808573502     
  0.662240000000000       0.284569701407112     
  0.662320000000000       0.284586594273161     
  0.662400000000000       0.284603487171483     
  0.662480000000000       0.284620380101963     
  0.662560000000000       0.284637273064380     
  0.662640000000000       0.284654166058616     
  0.662720000000000       0.284671059084509     
  0.662800000000000       0.284687952141796     
  0.662880000000000       0.284704845230430     
  0.662960000000000       0.284721738350307     
  0.663040000000000       0.284738631501009     
  0.663120000000000       0.284755524682658     
  0.663200000000000       0.284772417894910     
  0.663280000000000       0.284789311137686     
  0.663360000000000       0.284806204410827     
  0.663440000000000       0.284823097714084     
  0.663520000000000       0.284839991047383     
  0.663600000000000       0.284856884410520     
  0.663680000000000       0.284873777803377     
  0.663760000000000       0.284890671225676     
  0.663840000000000       0.284907564677444     
  0.663920000000000       0.284924458158379     
  0.664000000000000       0.284941351668330     
  0.664080000000000       0.284958245207210     
  0.664160000000000       0.284975138774715     
  0.664240000000000       0.284992032370842     
  0.664320000000000       0.285008925995316     
  0.664400000000000       0.285025819648118     
  0.664480000000000       0.285042713328844     
  0.664560000000000       0.285059607037551     
  0.664640000000000       0.285076500774005     
  0.664720000000000       0.285093394538002     
  0.664800000000000       0.285110288329426     
  0.664880000000000       0.285127182148087     
  0.664960000000000       0.285144075993869     
  0.665040000000000       0.285160969866539     
  0.665120000000000       0.285177863766024     
  0.665200000000000       0.285194757692105     
  0.665280000000000       0.285211651644623     
  0.665360000000000       0.285228545623419     
  0.665440000000000       0.285245439628303     
  0.665520000000000       0.285262333659201     
  0.665600000000000       0.285279227715855     
  0.665680000000000       0.285296121798202     
  0.665760000000000       0.285313015905958     
  0.665840000000000       0.285329910038945     
  0.665920000000000       0.285346804197150     
  0.666000000000000       0.285363698380367     
  0.666080000000000       0.285380592588352     
  0.666160000000000       0.285397486821077     
  0.666240000000000       0.285414381078194     
  0.666320000000000       0.285431275359672     
  0.666400000000000       0.285448169665310     
  0.666480000000000       0.285465063995035     
  0.666560000000000       0.285481958348559     
  0.666640000000000       0.285498852725739     
  0.666720000000000       0.285515747126468     
  0.666800000000000       0.285532641550564     
  0.666880000000000       0.285549535997808     
  0.666960000000000       0.285566430468098     
  0.667040000000000       0.285583324961320     
  0.667120000000000       0.285600219477173     
  0.667200000000000       0.285617114015623     
  0.667280000000000       0.285634008576430     
  0.667360000000000       0.285650903159447     
  0.667440000000000       0.285667797764573     
  0.667520000000000       0.285684692391566     
  0.667600000000000       0.285701587040308     
  0.667680000000000       0.285718481710599     
  0.667760000000000       0.285735376402338     
  0.667840000000000       0.285752271115295     
  0.667920000000000       0.285769165849340     
  0.668000000000000       0.285786060604316     
  0.668080000000000       0.285802955380020     
  0.668160000000000       0.285819850176396     
  0.668240000000000       0.285836744993145     
  0.668320000000000       0.285853639830189     
  0.668400000000000       0.285870534687333     
  0.668480000000000       0.285887429564447     
  0.668560000000000       0.285904324461369     
  0.668640000000000       0.285921219377861     
  0.668720000000000       0.285938114313861     
  0.668800000000000       0.285955009269159     
  0.668880000000000       0.285971904243552     
  0.668960000000000       0.285988799236967     
  0.669040000000000       0.286005694249176     
  0.669120000000000       0.286022589280010     
  0.669200000000000       0.286039484329380     
  0.669280000000000       0.286056379397073     
  0.669360000000000       0.286073274482903     
  0.669440000000000       0.286090169586699     
  0.669520000000000       0.286107064708418     
  0.669600000000000       0.286123959847791     
  0.669680000000000       0.286140855004672     
  0.669760000000000       0.286157750178876     
  0.669840000000000       0.286174645370290     
  0.669920000000000       0.286191540578758     
  0.670000000000000       0.286208435803994     
  0.670080000000000       0.286225331046041     
  0.670160000000000       0.286242226304627     
  0.670240000000000       0.286259121579570     
  0.670320000000000       0.286276016870712     
  0.670400000000000       0.286292912177926     
  0.670480000000000       0.286309807501054     
  0.670560000000000       0.286326702839855     
  0.670640000000000       0.286343598194271     
  0.670720000000000       0.286360493564049     
  0.670800000000000       0.286377388949129     
  0.670880000000000       0.286394284349232     
  0.670960000000000       0.286411179764268     
  0.671040000000000       0.286428075194098     
  0.671120000000000       0.286444970638494     
  0.671200000000000       0.286461866097301     
  0.671280000000000       0.286478761570390     
  0.671360000000000       0.286495657057578     
  0.671440000000000       0.286512552558725     
  0.671520000000000       0.286529448073615     
  0.671600000000000       0.286546343602195     
  0.671680000000000       0.286563239144179     
  0.671760000000000       0.286580134699457     
  0.671840000000000       0.286597030267928     
  0.671920000000000       0.286613925849310     
  0.672000000000000       0.286630821443504     
  0.672080000000000       0.286647717050341     
  0.672160000000000       0.286664612669680     
  0.672240000000000       0.286681508301393     
  0.672320000000000       0.286698403945200     
  0.672400000000000       0.286715299601012     
  0.672480000000000       0.286732195268680     
  0.672560000000000       0.286749090947946     
  0.672640000000000       0.286765986638798     
  0.672720000000000       0.286782882341010     
  0.672800000000000       0.286799778054356     
  0.672880000000000       0.286816673778711     
  0.672960000000000       0.286833569513905     
  0.673040000000000       0.286850465259911     
  0.673120000000000       0.286867361016364     
  0.673200000000000       0.286884256783220     
  0.673280000000000       0.286901152560282     
  0.673360000000000       0.286918048347412     
  0.673440000000000       0.286934944144369     
  0.673520000000000       0.286951839951142     
  0.673600000000000       0.286968735767392     
  0.673680000000000       0.286985631593090     
  0.673760000000000       0.287002527428014     
  0.673840000000000       0.287019423272037     
  0.673920000000000       0.287036319124922     
  0.674000000000000       0.287053214986541     
  0.674080000000000       0.287070110856840     
  0.674160000000000       0.287087006735451     
  0.674240000000000       0.287103902622423     
  0.674320000000000       0.287120798517500     
  0.674400000000000       0.287137694420443     
  0.674480000000000       0.287154590331227     
  0.674560000000000       0.287171486249586     
  0.674640000000000       0.287188382175392     
  0.674720000000000       0.287205278108467     
  0.674800000000000       0.287222174048697     
  0.674880000000000       0.287239069995930     
  0.674960000000000       0.287255965949927     
  0.675040000000000       0.287272861910550     
  0.675120000000000       0.287289757877674     
  0.675200000000000       0.287306653851145     
  0.675280000000000       0.287323549830712     
  0.675360000000000       0.287340445816293     
  0.675440000000000       0.287357341807705     
  0.675520000000000       0.287374237804783     
  0.675600000000000       0.287391133807343     
  0.675680000000000       0.287408029815250     
  0.675760000000000       0.287424925828350     
  0.675840000000000       0.287441821846519     
  0.675920000000000       0.287458717869460     
  0.676000000000000       0.287475613897094     
  0.676080000000000       0.287492509929309     
  0.676160000000000       0.287509405965900     
  0.676240000000000       0.287526302006670     
  0.676320000000000       0.287543198051506     
  0.676400000000000       0.287560094100146     
  0.676480000000000       0.287576990152565     
  0.676560000000000       0.287593886208553     
  0.676640000000000       0.287610782267888     
  0.676720000000000       0.287627678330504     
  0.676800000000000       0.287644574396147     
  0.676880000000000       0.287661470464781     
  0.676960000000000       0.287678366536069     
  0.677040000000000       0.287695262609971     
  0.677120000000000       0.287712158686309     
  0.677200000000000       0.287729054764832     
  0.677280000000000       0.287745950845487     
  0.677360000000000       0.287762846928152     
  0.677440000000000       0.287779743012517     
  0.677520000000000       0.287796639098532     
  0.677600000000000       0.287813535185931     
  0.677680000000000       0.287830431274663     
  0.677760000000000       0.287847327364520     
  0.677840000000000       0.287864223455320     
  0.677920000000000       0.287881119546914     
  0.678000000000000       0.287898015639109     
  0.678080000000000       0.287914911731866     
  0.678160000000000       0.287931807824865     
  0.678240000000000       0.287948703918009     
  0.678320000000000       0.287965600011193     
  0.678400000000000       0.287982496104150     
  0.678480000000000       0.287999392196776     
  0.678560000000000       0.288016288288872     
  0.678640000000000       0.288033184380391     
  0.678720000000000       0.288050080471023     
  0.678800000000000       0.288066976560678     
  0.678880000000000       0.288083872649175     
  0.678960000000000       0.288100768736433     
  0.679040000000000       0.288117664822121     
  0.679120000000000       0.288134560906185     
  0.679200000000000       0.288151456988461     
  0.679280000000000       0.288168353068814     
  0.679360000000000       0.288185249146980     
  0.679440000000000       0.288202145222864     
  0.679520000000000       0.288219041296389     
  0.679600000000000       0.288235937367220     
  0.679680000000000       0.288252833435292     
  0.679760000000000       0.288269729500440     
  0.679840000000000       0.288286625562460     
  0.679920000000000       0.288303521621271     
  0.680000000000000       0.288320417676638     
  0.680080000000000       0.288337313728412     
  0.680160000000000       0.288354209776430     
  0.680240000000000       0.288371105820571     
  0.680320000000000       0.288388001860613     
  0.680400000000000       0.288404897896449     
  0.680480000000000       0.288421793927846     
  0.680560000000000       0.288438689954684     
  0.680640000000000       0.288455585976838     
  0.680720000000000       0.288472481994120     
  0.680800000000000       0.288489378006323     
  0.680880000000000       0.288506274013341     
  0.680960000000000       0.288523170014982     
  0.681040000000000       0.288540066011053     
  0.681120000000000       0.288556962001420     
  0.681200000000000       0.288573857986036     
  0.681280000000000       0.288590753964564     
  0.681360000000000       0.288607649936886     
  0.681440000000000       0.288624545902924     
  0.681520000000000       0.288641441862471     
  0.681600000000000       0.288658337815268     
  0.681680000000000       0.288675233761262     
  0.681760000000000       0.288692129700279     
  0.681840000000000       0.288709025632155     
  0.681920000000000       0.288725921556700     
  0.682000000000000       0.288742817473780     
  0.682080000000000       0.288759713383174     
  0.682160000000000       0.288776609284764     
  0.682240000000000       0.288793505178459     
  0.682320000000000       0.288810401063923     
  0.682400000000000       0.288827296941155     
  0.682480000000000       0.288844192809960     
  0.682560000000000       0.288861088670123     
  0.682640000000000       0.288877984521464     
  0.682720000000000       0.288894880363937     
  0.682800000000000       0.288911776197280     
  0.682880000000000       0.288928672021346     
  0.682960000000000       0.288945567835971     
  0.683040000000000       0.288962463641082     
  0.683120000000000       0.288979359436328     
  0.683200000000000       0.288996255221765     
  0.683280000000000       0.289013150997045     
  0.683360000000000       0.289030046762148     
  0.683440000000000       0.289046942516813     
  0.683520000000000       0.289063838260950     
  0.683600000000000       0.289080733994342     
  0.683680000000000       0.289097629716852     
  0.683760000000000       0.289114525428311     
  0.683840000000000       0.289131421128495     
  0.683920000000000       0.289148316817432     
  0.684000000000000       0.289165212494716     
  0.684080000000000       0.289182108160330     
  0.684160000000000       0.289199003814154     
  0.684240000000000       0.289215899455845     
  0.684320000000000       0.289232795085439     
  0.684400000000000       0.289249690702661     
  0.684480000000000       0.289266586307381     
  0.684560000000000       0.289283481899394     
  0.684640000000000       0.289300377478541     
  0.684720000000000       0.289317273044801     
  0.684800000000000       0.289334168597844     
  0.684880000000000       0.289351064137581     
  0.684960000000000       0.289367959663795     
  0.685040000000000       0.289384855176424     
  0.685120000000000       0.289401750675167     
  0.685200000000000       0.289418646159991     
  0.685280000000000       0.289435541630635     
  0.685360000000000       0.289452437087042     
  0.685440000000000       0.289469332528947     
  0.685520000000000       0.289486227956238     
  0.685600000000000       0.289503123368752     
  0.685680000000000       0.289520018766372     
  0.685760000000000       0.289536914148840     
  0.685840000000000       0.289553809516067     
  0.685920000000000       0.289570704867806     
  0.686000000000000       0.289587600203971     
  0.686080000000000       0.289604495524401     
  0.686160000000000       0.289621390828964     
  0.686240000000000       0.289638286117345     
  0.686320000000000       0.289655181389528     
  0.686400000000000       0.289672076645309     
  0.686480000000000       0.289688971884558     
  0.686560000000000       0.289705867107031     
  0.686640000000000       0.289722762312625     
  0.686720000000000       0.289739657501151     
  0.686800000000000       0.289756552672453     
  0.686880000000000       0.289773447826427     
  0.686960000000000       0.289790342962841     
  0.687040000000000       0.289807238081553     
  0.687120000000000       0.289824133182390     
  0.687200000000000       0.289841028265163     
  0.687280000000000       0.289857923329814     
  0.687360000000000       0.289874818376085     
  0.687440000000000       0.289891713403844     
  0.687520000000000       0.289908608412877     
  0.687600000000000       0.289925503403168     
  0.687680000000000       0.289942398374442     
  0.687760000000000       0.289959293326488     
  0.687840000000000       0.289976188259272     
  0.687920000000000       0.289993083172524     
  0.688000000000000       0.290009978066127     
  0.688080000000000       0.290026872939923     
  0.688160000000000       0.290043767793798     
  0.688240000000000       0.290060662627436     
  0.688320000000000       0.290077557440892     
  0.688400000000000       0.290094452233809     
  0.688480000000000       0.290111347006102     
  0.688560000000000       0.290128241757669     
  0.688640000000000       0.290145136488181     
  0.688720000000000       0.290162031197664     
  0.688800000000000       0.290178925885906     
  0.688880000000000       0.290195820552635     
  0.688960000000000       0.290212715197833     
  0.689040000000000       0.290229609821246     
  0.689120000000000       0.290246504422701     
  0.689200000000000       0.290263399002113     
  0.689280000000000       0.290280293559293     
  0.689360000000000       0.290297188094031     
  0.689440000000000       0.290314082606194     
  0.689520000000000       0.290330977095686     
  0.689600000000000       0.290347871562232     
  0.689680000000000       0.290364766005719     
  0.689760000000000       0.290381660425990     
  0.689840000000000       0.290398554822890     
  0.689920000000000       0.290415449196246     
  0.690000000000000       0.290432343545915     
  0.690080000000000       0.290449237871685     
  0.690160000000000       0.290466132173440     
  0.690240000000000       0.290483026451009     
  0.690320000000000       0.290499920704195     
  0.690400000000000       0.290516814932868     
  0.690480000000000       0.290533709136871     
  0.690560000000000       0.290550603316078     
  0.690640000000000       0.290567497470216     
  0.690720000000000       0.290584391599233     
  0.690800000000000       0.290601285702896     
  0.690880000000000       0.290618179781080     
  0.690960000000000       0.290635073833657     
  0.691040000000000       0.290651967860343     
  0.691120000000000       0.290668861861096     
  0.691200000000000       0.290685755835674     
  0.691280000000000       0.290702649783949     
  0.691360000000000       0.290719543705780     
  0.691440000000000       0.290736437600997     
  0.691520000000000       0.290753331469430     
  0.691600000000000       0.290770225310910     
  0.691680000000000       0.290787119125265     
  0.691760000000000       0.290804012912326     
  0.691840000000000       0.290820906671994     
  0.691920000000000       0.290837800404030     
  0.692000000000000       0.290854694108318     
  0.692080000000000       0.290871587784734     
  0.692160000000000       0.290888481432965     
  0.692240000000000       0.290905375053012     
  0.692320000000000       0.290922268644621     
  0.692400000000000       0.290939162207679     
  0.692480000000000       0.290956055742030     
  0.692560000000000       0.290972949247392     
  0.692640000000000       0.290989842723725     
  0.692720000000000       0.291006736170927     
  0.692800000000000       0.291023629588662     
  0.692880000000000       0.291040522976859     
  0.692960000000000       0.291057416335350     
  0.693040000000000       0.291074309663979     
  0.693120000000000       0.291091202962620     
  0.693200000000000       0.291108096230976     
  0.693280000000000       0.291124989469022     
  0.693360000000000       0.291141882676573     
  0.693440000000000       0.291158775853419     
  0.693520000000000       0.291175668999419     
  0.693600000000000       0.291192562114418     
  0.693680000000000       0.291209455198294     
  0.693760000000000       0.291226348250817     
  0.693840000000000       0.291243241271736     
  0.693920000000000       0.291260134261123     
  0.694000000000000       0.291277027218640     
  0.694080000000000       0.291293920144247     
  0.694160000000000       0.291310813037689     
  0.694240000000000       0.291327705898828     
  0.694320000000000       0.291344598727410     
  0.694400000000000       0.291361491523467     
  0.694480000000000       0.291378384286700     
  0.694560000000000       0.291395277016973     
  0.694640000000000       0.291412169714131     
  0.694720000000000       0.291429062378049     
  0.694800000000000       0.291445955008501     
  0.694880000000000       0.291462847605323     
  0.694960000000000       0.291479740168445     
  0.695040000000000       0.291496632697598     
  0.695120000000000       0.291513525192688     
  0.695200000000000       0.291530417653547     
  0.695280000000000       0.291547310079964     
  0.695360000000000       0.291564202471787     
  0.695440000000000       0.291581094828920     
  0.695520000000000       0.291597987151138     
  0.695600000000000       0.291614879438275     
  0.695680000000000       0.291631771690206     
  0.695760000000000       0.291648663906791     
  0.695840000000000       0.291665556087766     
  0.695920000000000       0.291682448233020     
  0.696000000000000       0.291699340342456     
  0.696080000000000       0.291716232415866     
  0.696160000000000       0.291733124453025     
  0.696240000000000       0.291750016453868     
  0.696320000000000       0.291766908418212     
  0.696400000000000       0.291783800345835     
  0.696480000000000       0.291800692236627     
  0.696560000000000       0.291817584090407     
  0.696640000000000       0.291834475907036     
  0.696720000000000       0.291851367686278     
  0.696800000000000       0.291868259428081     
  0.696880000000000       0.291885151132234     
  0.696960000000000       0.291902042798531     
  0.697040000000000       0.291918934426888     
  0.697120000000000       0.291935826017084     
  0.697200000000000       0.291952717569025     
  0.697280000000000       0.291969609082428     
  0.697360000000000       0.291986500557187     
  0.697440000000000       0.292003391993206     
  0.697520000000000       0.292020283390277     
  0.697600000000000       0.292037174748220     
  0.697680000000000       0.292054066066897     
  0.697760000000000       0.292070957346113     
  0.697840000000000       0.292087848585749     
  0.697920000000000       0.292104739785622     
  0.698000000000000       0.292121630945581     
  0.698080000000000       0.292138522065405     
  0.698160000000000       0.292155413144985     
  0.698240000000000       0.292172304184226     
  0.698320000000000       0.292189195182849     
  0.698400000000000       0.292206086140733     
  0.698480000000000       0.292222977057698     
  0.698560000000000       0.292239867933592     
  0.698640000000000       0.292256758768309     
  0.698720000000000       0.292273649561654     
  0.698800000000000       0.292290540313405     
  0.698880000000000       0.292307431023485     
  0.698960000000000       0.292324321691641     
  0.699040000000000       0.292341212317794     
  0.699120000000000       0.292358102901780     
  0.699200000000000       0.292374993443393     
  0.699280000000000       0.292391883942508     
  0.699360000000000       0.292408774398864     
  0.699440000000000       0.292425664812438     
  0.699520000000000       0.292442555182965     
  0.699600000000000       0.292459445510380     
  0.699680000000000       0.292476335794422     
  0.699760000000000       0.292493226035023     
  0.699840000000000       0.292510116231878     
  0.699920000000000       0.292527006384993     
  0.700000000000000       0.292543896494077     
  0.700080000000000       0.292560786559065     
  0.700160000000000       0.292577676579764     
  0.700240000000000       0.292594566555969     
  0.700320000000000       0.292611456487544     
  0.700400000000000       0.292628346374339     
  0.700480000000000       0.292645236216190     
  0.700560000000000       0.292662126012919     
  0.700640000000000       0.292679015764321     
  0.700720000000000       0.292695905470303     
  0.700800000000000       0.292712795130773     
  0.700880000000000       0.292729684745410     
  0.700960000000000       0.292746574314122     
  0.701040000000000       0.292763463836774     
  0.701120000000000       0.292780353313147     
  0.701200000000000       0.292797242743107     
  0.701280000000000       0.292814132126544     
  0.701360000000000       0.292831021463213     
  0.701440000000000       0.292847910752965     
  0.701520000000000       0.292864799995691     
  0.701600000000000       0.292881689191175     
  0.701680000000000       0.292898578339308     
  0.701760000000000       0.292915467439843     
  0.701840000000000       0.292932356492704     
  0.701920000000000       0.292949245497712     
  0.702000000000000       0.292966134454620     
  0.702080000000000       0.292983023363449     
  0.702160000000000       0.292999912223853     
  0.702240000000000       0.293016801035698     
  0.702320000000000       0.293033689798922     
  0.702400000000000       0.293050578513273     
  0.702480000000000       0.293067467178651     
  0.702560000000000       0.293084355794849     
  0.702640000000000       0.293101244361703     
  0.702720000000000       0.293118132879081     
  0.702800000000000       0.293135021346821     
  0.702880000000000       0.293151909764691     
  0.702960000000000       0.293168798132639     
  0.703040000000000       0.293185686450451     
  0.703120000000000       0.293202574717876     
  0.703200000000000       0.293219462934940     
  0.703280000000000       0.293236351101335     
  0.703360000000000       0.293253239216947     
  0.703440000000000       0.293270127281638     
  0.703520000000000       0.293287015295208     
  0.703600000000000       0.293303903257479     
  0.703680000000000       0.293320791168291     
  0.703760000000000       0.293337679027578     
  0.703840000000000       0.293354566834985     
  0.703920000000000       0.293371454590562     
  0.704000000000000       0.293388342294047     
  0.704080000000000       0.293405229945293     
  0.704160000000000       0.293422117544129     
  0.704240000000000       0.293439005090387     
  0.704320000000000       0.293455892583940     
  0.704400000000000       0.293472780024553     
  0.704480000000000       0.293489667412095     
  0.704560000000000       0.293506554746474     
  0.704640000000000       0.293523442027433     
  0.704720000000000       0.293540329254839     
  0.704800000000000       0.293557216428599     
  0.704880000000000       0.293574103548442     
  0.704960000000000       0.293590990614306     
  0.705040000000000       0.293607877625947     
  0.705120000000000       0.293624764583202     
  0.705200000000000       0.293641651485968     
  0.705280000000000       0.293658538334070     
  0.705360000000000       0.293675425127336     
  0.705440000000000       0.293692311865603     
  0.705520000000000       0.293709198548669     
  0.705600000000000       0.293726085176432     
  0.705680000000000       0.293742971748745     
  0.705760000000000       0.293759858265306     
  0.705840000000000       0.293776744726110     
  0.705920000000000       0.293793631131000     
  0.706000000000000       0.293810517479673     
  0.706080000000000       0.293827403772111     
  0.706160000000000       0.293844290008025     
  0.706240000000000       0.293861176187385     
  0.706320000000000       0.293878062309905     
  0.706400000000000       0.293894948375506     
  0.706480000000000       0.293911834383990     
  0.706560000000000       0.293928720335224     
  0.706640000000000       0.293945606229008     
  0.706720000000000       0.293962492065165     
  0.706800000000000       0.293979377843669     
  0.706880000000000       0.293996263564142     
  0.706960000000000       0.294013149226570     
  0.707040000000000       0.294030034830820     
  0.707120000000000       0.294046920376596     
  0.707200000000000       0.294063805863789     
  0.707280000000000       0.294080691292302     
  0.707360000000000       0.294097576661888     
  0.707440000000000       0.294114461972448     
  0.707520000000000       0.294131347223807     
  0.707600000000000       0.294148232415734     
  0.707680000000000       0.294165117548158     
  0.707760000000000       0.294182002620905     
  0.707840000000000       0.294198887633732     
  0.707920000000000       0.294215772586578     
  0.708000000000000       0.294232657479230     
  0.708080000000000       0.294249542311529     
  0.708160000000000       0.294266427083345     
  0.708240000000000       0.294283311794407     
  0.708320000000000       0.294300196444752     
  0.708400000000000       0.294317081033999     
  0.708480000000000       0.294333965562146     
  0.708560000000000       0.294350850028945     
  0.708640000000000       0.294367734434258     
  0.708720000000000       0.294384618777939     
  0.708800000000000       0.294401503059828     
  0.708880000000000       0.294418387279727     
  0.708960000000000       0.294435271437463     
  0.709040000000000       0.294452155532950     
  0.709120000000000       0.294469039565974     
  0.709200000000000       0.294485923536392     
  0.709280000000000       0.294502807444043     
  0.709360000000000       0.294519691288717     
  0.709440000000000       0.294536575070298     
  0.709520000000000       0.294553458788612     
  0.709600000000000       0.294570342443505     
  0.709680000000000       0.294587226034775     
  0.709760000000000       0.294604109562365     
  0.709840000000000       0.294620993026004     
  0.709920000000000       0.294637876425578     
  0.710000000000000       0.294654759760915     
  0.710080000000000       0.294671643031844     
  0.710160000000000       0.294688526238209     
  0.710240000000000       0.294705409379809     
  0.710320000000000       0.294722292456547     
  0.710400000000000       0.294739175468277     
  0.710480000000000       0.294756058414816     
  0.710560000000000       0.294772941295963     
  0.710640000000000       0.294789824111549     
  0.710720000000000       0.294806706861431     
  0.710800000000000       0.294823589545482     
  0.710880000000000       0.294840472163500     
  0.710960000000000       0.294857354715389     
  0.711040000000000       0.294874237200892     
  0.711120000000000       0.294891119619865     
  0.711200000000000       0.294908001972197     
  0.711280000000000       0.294924884257746     
  0.711360000000000       0.294941766476269     
  0.711440000000000       0.294958648627612     
  0.711520000000000       0.294975530711716     
  0.711600000000000       0.294992412728228     
  0.711680000000000       0.295009294677163     
  0.711760000000000       0.295026176558308     
  0.711840000000000       0.295043058371464     
  0.711920000000000       0.295059940116503     
  0.712000000000000       0.295076821793313     
  0.712080000000000       0.295093703401612     
  0.712160000000000       0.295110584941314     
  0.712240000000000       0.295127466412279     
  0.712320000000000       0.295144347814291     
  0.712400000000000       0.295161229147157     
  0.712480000000000       0.295178110410847     
  0.712560000000000       0.295194991605050     
  0.712640000000000       0.295211872729654     
  0.712720000000000       0.295228753784573     
  0.712800000000000       0.295245634769582     
  0.712880000000000       0.295262515684485     
  0.712960000000000       0.295279396529210     
  0.713040000000000       0.295296277303517     
  0.713120000000000       0.295313158007240     
  0.713200000000000       0.295330038640292     
  0.713280000000000       0.295346919202420     
  0.713360000000000       0.295363799693540     
  0.713440000000000       0.295380680113497     
  0.713520000000000       0.295397560462011     
  0.713600000000000       0.295414440739024     
  0.713680000000000       0.295431320944426     
  0.713760000000000       0.295448201077877     
  0.713840000000000       0.295465081139408     
  0.713920000000000       0.295481961128722     
  0.714000000000000       0.295498841045650     
  0.714080000000000       0.295515720890127     
  0.714160000000000       0.295532600661979     
  0.714240000000000       0.295549480360957     
  0.714320000000000       0.295566359987018     
  0.714400000000000       0.295583239539896     
  0.714480000000000       0.295600119019450     
  0.714560000000000       0.295616998425542     
  0.714640000000000       0.295633877758031     
  0.714720000000000       0.295650757016708     
  0.714800000000000       0.295667636201362     
  0.714880000000000       0.295684515312022     
  0.714960000000000       0.295701394348365     
  0.715040000000000       0.295718273310255     
  0.715120000000000       0.295735152197506     
  0.715200000000000       0.295752031010025     
  0.715280000000000       0.295768909747625     
  0.715360000000000       0.295785788410144     
  0.715440000000000       0.295802666997385     
  0.715520000000000       0.295819545509292     
  0.715600000000000       0.295836423945529     
  0.715680000000000       0.295853302306084     
  0.715760000000000       0.295870180590735     
  0.715840000000000       0.295887058799355     
  0.715920000000000       0.295903936931721     
  0.716000000000000       0.295920814987725     
  0.716080000000000       0.295937692967139     
  0.716160000000000       0.295954570869899     
  0.716240000000000       0.295971448695768     
  0.716320000000000       0.295988326444602     
  0.716400000000000       0.296005204116240     
  0.716480000000000       0.296022081710542     
  0.716560000000000       0.296038959227298     
  0.716640000000000       0.296055836666383     
  0.716720000000000       0.296072714027691     
  0.716800000000000       0.296089591310954     
  0.716880000000000       0.296106468516046     
  0.716960000000000       0.296123345642847     
  0.717040000000000       0.296140222691018     
  0.717120000000000       0.296157099660722     
  0.717200000000000       0.296173976551577     
  0.717280000000000       0.296190853363403     
  0.717360000000000       0.296207730096134     
  0.717440000000000       0.296224606749563     
  0.717520000000000       0.296241483323550     
  0.717600000000000       0.296258359817830     
  0.717680000000000       0.296275236232410     
  0.717760000000000       0.296292112567078     
  0.717840000000000       0.296308988821558     
  0.717920000000000       0.296325864995853     
  0.718000000000000       0.296342741089655     
  0.718080000000000       0.296359617102900     
  0.718160000000000       0.296376493035306     
  0.718240000000000       0.296393368886923     
  0.718320000000000       0.296410244657414     
  0.718400000000000       0.296427120346656     
  0.718480000000000       0.296443995954472     
  0.718560000000000       0.296460871480749     
  0.718640000000000       0.296477746925341     
  0.718720000000000       0.296494622288008     
  0.718800000000000       0.296511497568588     
  0.718880000000000       0.296528372767099     
  0.718960000000000       0.296545247883091     
  0.719040000000000       0.296562122916630     
  0.719120000000000       0.296578997867448     
  0.719200000000000       0.296595872735410     
  0.719280000000000       0.296612747520367     
  0.719360000000000       0.296629622222138     
  0.719440000000000       0.296646496840544     
  0.719520000000000       0.296663371375450     
  0.719600000000000       0.296680245826721     
  0.719680000000000       0.296697120194149     
  0.719760000000000       0.296713994477570     
  0.719840000000000       0.296730868676831     
  0.719920000000000       0.296747742791870     
  0.720000000000000       0.296764616822338     
  0.720080000000000       0.296781490768199     
  0.720160000000000       0.296798364629246     
  0.720240000000000       0.296815238405370     
  0.720320000000000       0.296832112096309     
  0.720400000000000       0.296848985702015     
  0.720480000000000       0.296865859222249     
  0.720560000000000       0.296882732656908     
  0.720640000000000       0.296899606005795     
  0.720720000000000       0.296916479268750     
  0.720800000000000       0.296933352445566     
  0.720880000000000       0.296950225536208     
  0.720960000000000       0.296967098540412     
  0.721040000000000       0.296983971458000     
  0.721120000000000       0.297000844288837     
  0.721200000000000       0.297017717032803     
  0.721280000000000       0.297034589689664     
  0.721360000000000       0.297051462259355     
  0.721440000000000       0.297068334741700     
  0.721520000000000       0.297085207136379     
  0.721600000000000       0.297102079443413     
  0.721680000000000       0.297118951662555     
  0.721760000000000       0.297135823793682     
  0.721840000000000       0.297152695836593     
  0.721920000000000       0.297169567791163     
  0.722000000000000       0.297186439657190     
  0.722080000000000       0.297203311434609     
  0.722160000000000       0.297220183123130     
  0.722240000000000       0.297237054722648     
  0.722320000000000       0.297253926232997     
  0.722400000000000       0.297270797653992     
  0.722480000000000       0.297287668985479     
  0.722560000000000       0.297304540227399     
  0.722640000000000       0.297321411379445     
  0.722720000000000       0.297338282441570     
  0.722800000000000       0.297355153413540     
  0.722880000000000       0.297372024295193     
  0.722960000000000       0.297388895086339     
  0.723040000000000       0.297405765786944     
  0.723120000000000       0.297422636396688     
  0.723200000000000       0.297439506915581     
  0.723280000000000       0.297456377343333     
  0.723360000000000       0.297473247679738     
  0.723440000000000       0.297490117924750     
  0.723520000000000       0.297506988078250     
  0.723600000000000       0.297523858139947     
  0.723680000000000       0.297540728109694     
  0.723760000000000       0.297557597987402     
  0.723840000000000       0.297574467772835     
  0.723920000000000       0.297591337465921     
  0.724000000000000       0.297608207066382     
  0.724080000000000       0.297625076574144     
  0.724160000000000       0.297641945989000     
  0.724240000000000       0.297658815310865     
  0.724320000000000       0.297675684539444     
  0.724400000000000       0.297692553674708     
  0.724480000000000       0.297709422716436     
  0.724560000000000       0.297726291664414     
  0.724640000000000       0.297743160518619     
  0.724720000000000       0.297760029278752     
  0.724800000000000       0.297776897944706     
  0.724880000000000       0.297793766516322     
  0.724960000000000       0.297810634993437     
  0.725040000000000       0.297827503375894     
  0.725120000000000       0.297844371663545     
  0.725200000000000       0.297861239856170     
  0.725280000000000       0.297878107953626     
  0.725360000000000       0.297894975955810     
  0.725440000000000       0.297911843862529     
  0.725520000000000       0.297928711673584     
  0.725600000000000       0.297945579388841     
  0.725680000000000       0.297962447008142     
  0.725760000000000       0.297979314531281     
  0.725840000000000       0.297996181958229     
  0.725920000000000       0.298013049288683     
  0.726000000000000       0.298029916522537     
  0.726080000000000       0.298046783659607     
  0.726160000000000       0.298063650699801     
  0.726240000000000       0.298080517642877     
  0.726320000000000       0.298097384488687     
  0.726400000000000       0.298114251237085     
  0.726480000000000       0.298131117887899     
  0.726560000000000       0.298147984440969     
  0.726640000000000       0.298164850896164     
  0.726720000000000       0.298181717253308     
  0.726800000000000       0.298198583512175     
  0.726880000000000       0.298215449672716     
  0.726960000000000       0.298232315734672     
  0.727040000000000       0.298249181697956     
  0.727120000000000       0.298266047562381     
  0.727200000000000       0.298282913327744     
  0.727280000000000       0.298299778993916     
  0.727360000000000       0.298316644560777     
  0.727440000000000       0.298333510028001     
  0.727520000000000       0.298350375395684     
  0.727600000000000       0.298367240663426     
  0.727680000000000       0.298384105831224     
  0.727760000000000       0.298400970898848     
  0.727840000000000       0.298417835866154     
  0.727920000000000       0.298434700732967     
  0.728000000000000       0.298451565499145     
  0.728080000000000       0.298468430164474     
  0.728160000000000       0.298485294728891     
  0.728240000000000       0.298502159192127     
  0.728320000000000       0.298519023554095     
  0.728400000000000       0.298535887814619     
  0.728480000000000       0.298552751973530     
  0.728560000000000       0.298569616030640     
  0.728640000000000       0.298586479985778     
  0.728720000000000       0.298603343838854     
  0.728800000000000       0.298620207589655     
  0.728880000000000       0.298637071238054     
  0.728960000000000       0.298653934783817     
  0.729040000000000       0.298670798226904     
  0.729120000000000       0.298687661567028     
  0.729200000000000       0.298704524804143     
  0.729280000000000       0.298721387937924     
  0.729360000000000       0.298738250968382     
  0.729440000000000       0.298755113895275     
  0.729520000000000       0.298771976718429     
  0.729600000000000       0.298788839437704     
  0.729680000000000       0.298805702052929     
  0.729760000000000       0.298822564563998     
  0.729840000000000       0.298839426970689     
  0.729920000000000       0.298856289272840     
  0.730000000000000       0.298873151470312     
  0.730080000000000       0.298890013562903     
  0.730160000000000       0.298906875550498     
  0.730240000000000       0.298923737432970     
  0.730320000000000       0.298940599210033     
  0.730400000000000       0.298957460881631     
  0.730480000000000       0.298974322447577     
  0.730560000000000       0.298991183907702     
  0.730640000000000       0.299008045261848     
  0.730720000000000       0.299024906509829     
  0.730800000000000       0.299041767651547     
  0.730880000000000       0.299058628686816     
  0.730960000000000       0.299075489615380     
  0.731040000000000       0.299092350437227     
  0.731120000000000       0.299109211152113     
  0.731200000000000       0.299126071759866     
  0.731280000000000       0.299142932260334     
  0.731360000000000       0.299159792653385     
  0.731440000000000       0.299176652938922     
  0.731520000000000       0.299193513116562     
  0.731600000000000       0.299210373186390     
  0.731680000000000       0.299227233148022     
  0.731760000000000       0.299244093001473     
  0.731840000000000       0.299260952746557     
  0.731920000000000       0.299277812383079     
  0.732000000000000       0.299294671910810     
  0.732080000000000       0.299311531329708     
  0.732160000000000       0.299328390639576     
  0.732240000000000       0.299345249840200     
  0.732320000000000       0.299362108931368     
  0.732400000000000       0.299378967913109     
  0.732480000000000       0.299395826785155     
  0.732560000000000       0.299412685547251     
  0.732640000000000       0.299429544199411     
  0.732720000000000       0.299446402741368     
  0.732800000000000       0.299463261172952     
  0.732880000000000       0.299480119494091     
  0.732960000000000       0.299496977704562     
  0.733040000000000       0.299513835804179     
  0.733120000000000       0.299530693792817     
  0.733200000000000       0.299547551670263     
  0.733280000000000       0.299564409436463     
  0.733360000000000       0.299581267091105     
  0.733440000000000       0.299598124634247     
  0.733520000000000       0.299614982065524     
  0.733600000000000       0.299631839384792     
  0.733680000000000       0.299648696592025     
  0.733760000000000       0.299665553686900     
  0.733840000000000       0.299682410669415     
  0.733920000000000       0.299699267539266     
  0.734000000000000       0.299716124296391     
  0.734080000000000       0.299732980940583     
  0.734160000000000       0.299749837471671     
  0.734240000000000       0.299766693889517     
  0.734320000000000       0.299783550193982     
  0.734400000000000       0.299800406384823     
  0.734480000000000       0.299817262461917     
  0.734560000000000       0.299834118425195     
  0.734640000000000       0.299850974274375     
  0.734720000000000       0.299867830009303     
  0.734800000000000       0.299884685629941     
  0.734880000000000       0.299901541136003     
  0.734960000000000       0.299918396527310     
  0.735040000000000       0.299935251803809     
  0.735120000000000       0.299952106965185     
  0.735200000000000       0.299968962011475     
  0.735280000000000       0.299985816942395     
  0.735360000000000       0.300002671757849     
  0.735440000000000       0.300019526457555     
  0.735520000000000       0.300036381041417     
  0.735600000000000       0.300053235509380     
  0.735680000000000       0.300070089861138     
  0.735760000000000       0.300086944096577     
  0.735840000000000       0.300103798215489     
  0.735920000000000       0.300120652217834     
  0.736000000000000       0.300137506103387     
  0.736080000000000       0.300154359871927     
  0.736160000000000       0.300171213523383     
  0.736240000000000       0.300188067057519     
  0.736320000000000       0.300204920474239     
  0.736400000000000       0.300221773773289     
  0.736480000000000       0.300238626954676     
  0.736560000000000       0.300255480018032     
  0.736640000000000       0.300272332963333     
  0.736720000000000       0.300289185790370     
  0.736800000000000       0.300306038499019     
  0.736880000000000       0.300322891089098     
  0.736960000000000       0.300339743560412     
  0.737040000000000       0.300356595912840     
  0.737120000000000       0.300373448146199     
  0.737200000000000       0.300390300260309     
  0.737280000000000       0.300407152255048     
  0.737360000000000       0.300424004130247     
  0.737440000000000       0.300440855885755     
  0.737520000000000       0.300457707521408     
  0.737600000000000       0.300474559036980     
  0.737680000000000       0.300491410432406     
  0.737760000000000       0.300508261707477     
  0.737840000000000       0.300525112862028     
  0.737920000000000       0.300541963895922     
  0.738000000000000       0.300558814808934     
  0.738080000000000       0.300575665601001     
  0.738160000000000       0.300592516271855     
  0.738240000000000       0.300609366821445     
  0.738320000000000       0.300626217249508     
  0.738400000000000       0.300643067555960     
  0.738480000000000       0.300659917740610     
  0.738560000000000       0.300676767803265     
  0.738640000000000       0.300693617743786     
  0.738720000000000       0.300710467562050     
  0.738800000000000       0.300727317257907     
  0.738880000000000       0.300744166831051     
  0.738960000000000       0.300761016281413     
  0.739040000000000       0.300777865608933     
  0.739120000000000       0.300794714813298     
  0.739200000000000       0.300811563894446     
  0.739280000000000       0.300828412852154     
  0.739360000000000       0.300845261686328     
  0.739440000000000       0.300862110396692     
  0.739520000000000       0.300878958983207     
  0.739600000000000       0.300895807445594     
  0.739680000000000       0.300912655783848     
  0.739760000000000       0.300929503997674     
  0.739840000000000       0.300946352086964     
  0.739920000000000       0.300963200051471     
