  0.660000000000000       9.389114476973888E-003
  0.660080000000000       9.389365486824348E-003
  0.660160000000000       9.389616385545037E-003
  0.660240000000000       9.389867173232321E-003
  0.660320000000000       9.390117849832909E-003
  0.660400000000000       9.390368415327484E-003
  0.660480000000000       9.390618869735141E-003
  0.660560000000000       9.390869213080973E-003
  0.660640000000000       9.391119445354319E-003
  0.660720000000000       9.391369566490788E-003
  0.660800000000000       9.391619576528572E-003
  0.660880000000000       9.391869475457677E-003
  0.660960000000000       9.392119263298977E-003
  0.661040000000000       9.392368940104874E-003
  0.661120000000000       9.392618505665092E-003
  0.661200000000000       9.392867960244307E-003
  0.661280000000000       9.393117303605598E-003
  0.661360000000000       9.393366535957466E-003
  0.661440000000000       9.393615657047445E-003
  0.661520000000000       9.393864667123115E-003
  0.661600000000000       9.394113566038149E-003
  0.661680000000000       9.394362353866266E-003
  0.661760000000000       9.394611030486007E-003
  0.661840000000000       9.394859596034373E-003
  0.661920000000000       9.395108050428987E-003
  0.662000000000000       9.395356393677397E-003
  0.662080000000000       9.395604625784044E-003
  0.662160000000000       9.395852746758034E-003
  0.662240000000000       9.396100756559396E-003
  0.662320000000000       9.396348655222105E-003
  0.662400000000000       9.396596442769252E-003
  0.662480000000000       9.396844119118460E-003
  0.662560000000000       9.397091684319243E-003
  0.662640000000000       9.397339138375600E-003
  0.662720000000000       9.397586481209370E-003
  0.662800000000000       9.397833712897159E-003
  0.662880000000000       9.398080833458285E-003
  0.662960000000000       9.398327842840344E-003
  0.663040000000000       9.398574741006256E-003
  0.663120000000000       9.398821527991104E-003
  0.663200000000000       9.399068203840184E-003
  0.663280000000000       9.399314768503537E-003
  0.663360000000000       9.399561221957627E-003
  0.663440000000000       9.399807564193570E-003
  0.663520000000000       9.400053795285974E-003
  0.663600000000000       9.400299915155348E-003
  0.663680000000000       9.400545923890509E-003
  0.663760000000000       9.400791821328920E-003
  0.663840000000000       9.401037607642888E-003
  0.663920000000000       9.401283282680313E-003
  0.664000000000000       9.401528846576863E-003
  0.664080000000000       9.401774299234618E-003
  0.664160000000000       9.402019640645583E-003
  0.664240000000000       9.402264870883477E-003
  0.664320000000000       9.402509989882797E-003
  0.664400000000000       9.402754997691283E-003
  0.664480000000000       9.402999894227666E-003
  0.664560000000000       9.403244679565222E-003
  0.664640000000000       9.403489353709944E-003
  0.664720000000000       9.403733916566355E-003
  0.664800000000000       9.403978368179973E-003
  0.664880000000000       9.404222708585881E-003
  0.664960000000000       9.404466937726792E-003
  0.665040000000000       9.404711055610922E-003
  0.665120000000000       9.404955062324201E-003
  0.665200000000000       9.405198957715862E-003
  0.665280000000000       9.405442741889376E-003
  0.665360000000000       9.405686414760812E-003
  0.665440000000000       9.405929976435419E-003
  0.665520000000000       9.406173426830818E-003
  0.665600000000000       9.406416765963883E-003
  0.665680000000000       9.406659993797979E-003
  0.665760000000000       9.406903110389060E-003
  0.665840000000000       9.407146115716476E-003
  0.665920000000000       9.407389009779783E-003
  0.666000000000000       9.407631792556333E-003
  0.666080000000000       9.407874464034800E-003
  0.666160000000000       9.408117024244718E-003
  0.666240000000000       9.408359473162327E-003
  0.666320000000000       9.408601810847579E-003
  0.666400000000000       9.408844037147042E-003
  0.666480000000000       9.409086152232356E-003
  0.666560000000000       9.409328156008707E-003
  0.666640000000000       9.409570048505629E-003
  0.666720000000000       9.409811829643629E-003
  0.666800000000000       9.410053499491762E-003
  0.666880000000000       9.410295058099989E-003
  0.666960000000000       9.410536505270024E-003
  0.667040000000000       9.410777841272984E-003
  0.667120000000000       9.411019065926347E-003
  0.667200000000000       9.411260179136412E-003
  0.667280000000000       9.411501181143651E-003
  0.667360000000000       9.411742071867020E-003
  0.667440000000000       9.411982851208596E-003
  0.667520000000000       9.412223519197911E-003
  0.667600000000000       9.412464075852729E-003
  0.667680000000000       9.412704521202804E-003
  0.667760000000000       9.412944855192847E-003
  0.667840000000000       9.413185077938986E-003
  0.667920000000000       9.413425189287346E-003
  0.668000000000000       9.413665189252136E-003
  0.668080000000000       9.413905077852676E-003
  0.668160000000000       9.414144855215086E-003
  0.668240000000000       9.414384521156179E-003
  0.668320000000000       9.414624075809182E-003
  0.668400000000000       9.414863519015333E-003
  0.668480000000000       9.415102850904529E-003
  0.668560000000000       9.415342071395723E-003
  0.668640000000000       9.415581180601269E-003
  0.668720000000000       9.415820178381502E-003
  0.668800000000000       9.416059064792821E-003
  0.668880000000000       9.416297839809691E-003
  0.668960000000000       9.416536503504720E-003
  0.669040000000000       9.416775055807521E-003
  0.669120000000000       9.417013496716982E-003
  0.669200000000000       9.417251826265079E-003
  0.669280000000000       9.417490044367212E-003
  0.669360000000000       9.417728151179701E-003
  0.669440000000000       9.417966146489383E-003
  0.669520000000000       9.418204030511863E-003
  0.669600000000000       9.418441803174089E-003
  0.669680000000000       9.418679464309083E-003
  0.669760000000000       9.418917014101587E-003
  0.669840000000000       9.419154452508967E-003
  0.669920000000000       9.419391779445514E-003
  0.670000000000000       9.419628995012259E-003
  0.670080000000000       9.419866099195436E-003
  0.670160000000000       9.420103091924432E-003
  0.670240000000000       9.420339973240328E-003
  0.670320000000000       9.420576743187532E-003
  0.670400000000000       9.420813401622381E-003
  0.670480000000000       9.421049948674771E-003
  0.670560000000000       9.421286384358248E-003
  0.670640000000000       9.421522708559789E-003
  0.670720000000000       9.421758921334240E-003
  0.670800000000000       9.421995022670278E-003
  0.670880000000000       9.422231012562794E-003
  0.670960000000000       9.422466891045096E-003
  0.671040000000000       9.422702658027922E-003
  0.671120000000000       9.422938313626734E-003
  0.671200000000000       9.423173857753826E-003
  0.671280000000000       9.423409290454272E-003
  0.671360000000000       9.423644611667899E-003
  0.671440000000000       9.423879821422461E-003
  0.671520000000000       9.424114919748601E-003
  0.671600000000000       9.424349906600134E-003
  0.671680000000000       9.424584782049002E-003
  0.671760000000000       9.424819545935555E-003
  0.671840000000000       9.425054198403678E-003
  0.671920000000000       9.425288739366773E-003
  0.672000000000000       9.425523168908330E-003
  0.672080000000000       9.425757486956184E-003
  0.672160000000000       9.425991693509224E-003
  0.672240000000000       9.426225788581440E-003
  0.672320000000000       9.426459772183933E-003
  0.672400000000000       9.426693644318258E-003
  0.672480000000000       9.426927404950887E-003
  0.672560000000000       9.427161054069606E-003
  0.672640000000000       9.427394591727707E-003
  0.672720000000000       9.427628017853469E-003
  0.672800000000000       9.427861332559469E-003
  0.672880000000000       9.428094535629213E-003
  0.672960000000000       9.428327627318274E-003
  0.673040000000000       9.428560607454568E-003
  0.673120000000000       9.428793476062743E-003
  0.673200000000000       9.429026233185429E-003
  0.673280000000000       9.429258878764231E-003
  0.673360000000000       9.429491412853104E-003
  0.673440000000000       9.429723835463373E-003
  0.673520000000000       9.429956146509329E-003
  0.673600000000000       9.430188346015174E-003
  0.673680000000000       9.430420434039084E-003
  0.673760000000000       9.430652410476255E-003
  0.673840000000000       9.430884275467462E-003
  0.673920000000000       9.431116028881255E-003
  0.674000000000000       9.431347670688768E-003
  0.674080000000000       9.431579201057201E-003
  0.674160000000000       9.431810619857102E-003
  0.674240000000000       9.432041927111563E-003
  0.674320000000000       9.432273122849007E-003
  0.674400000000000       9.432504206966848E-003
  0.674480000000000       9.432735179560121E-003
  0.674560000000000       9.432966040599074E-003
  0.674640000000000       9.433196790109906E-003
  0.674720000000000       9.433427428044656E-003
  0.674800000000000       9.433657954416648E-003
  0.674880000000000       9.433888369222328E-003
  0.674960000000000       9.434118672402632E-003
  0.675040000000000       9.434348864094118E-003
  0.675120000000000       9.434578944224399E-003
  0.675200000000000       9.434808912761945E-003
  0.675280000000000       9.435038769715860E-003
  0.675360000000000       9.435268515112789E-003
  0.675440000000000       9.435498148878348E-003
  0.675520000000000       9.435727671120671E-003
  0.675600000000000       9.435957081740727E-003
  0.675680000000000       9.436186380745400E-003
  0.675760000000000       9.436415568216623E-003
  0.675840000000000       9.436644644052257E-003
  0.675920000000000       9.436873608320247E-003
  0.676000000000000       9.437102461002385E-003
  0.676080000000000       9.437331202080242E-003
  0.676160000000000       9.437559831491422E-003
  0.676240000000000       9.437788349332073E-003
  0.676320000000000       9.438016755600638E-003
  0.676400000000000       9.438245050233392E-003
  0.676480000000000       9.438473233255869E-003
  0.676560000000000       9.438701304678061E-003
  0.676640000000000       9.438929264423808E-003
  0.676720000000000       9.439157112588810E-003
  0.676800000000000       9.439384849197492E-003
  0.676880000000000       9.439612474073329E-003
  0.676960000000000       9.439839987398176E-003
  0.677040000000000       9.440067389011271E-003
  0.677120000000000       9.440294679064272E-003
  0.677200000000000       9.440521857451263E-003
  0.677280000000000       9.440748924240190E-003
  0.677360000000000       9.440975879367992E-003
  0.677440000000000       9.441202722804250E-003
  0.677520000000000       9.441429454669310E-003
  0.677600000000000       9.441656074817513E-003
  0.677680000000000       9.441882583341672E-003
  0.677760000000000       9.442108980252224E-003
  0.677840000000000       9.442335265459241E-003
  0.677920000000000       9.442561439042436E-003
  0.678000000000000       9.442787500938972E-003
  0.678080000000000       9.443013451200584E-003
  0.678160000000000       9.443239289750445E-003
  0.678240000000000       9.443465016742876E-003
  0.678320000000000       9.443690631969155E-003
  0.678400000000000       9.443916135525206E-003
  0.678480000000000       9.444141527432566E-003
  0.678560000000000       9.444366807687461E-003
  0.678640000000000       9.444591976226831E-003
  0.678720000000000       9.444817033073545E-003
  0.678800000000000       9.445041978277120E-003
  0.678880000000000       9.445266811818905E-003
  0.678960000000000       9.445491533622292E-003
  0.679040000000000       9.445716143721923E-003
  0.679120000000000       9.445940642184632E-003
  0.679200000000000       9.446165028890958E-003
  0.679280000000000       9.446389303960585E-003
  0.679360000000000       9.446613467303806E-003
  0.679440000000000       9.446837518971470E-003
  0.679520000000000       9.447061458900292E-003
  0.679600000000000       9.447285287110481E-003
  0.679680000000000       9.447509003626016E-003
  0.679760000000000       9.447732608440236E-003
  0.679840000000000       9.447956101488082E-003
  0.679920000000000       9.448179482878800E-003
  0.680000000000000       9.448402752590630E-003
  0.680080000000000       9.448625910532311E-003
  0.680160000000000       9.448848956695406E-003
  0.680240000000000       9.449071891202261E-003
  0.680320000000000       9.449294714002694E-003
  0.680400000000000       9.449517425006333E-003
  0.680480000000000       9.449740024303550E-003
  0.680560000000000       9.449962511830175E-003
  0.680640000000000       9.450184887667475E-003
  0.680720000000000       9.450407151748393E-003
  0.680800000000000       9.450629304109566E-003
  0.680880000000000       9.450851344671725E-003
  0.680960000000000       9.451073273542561E-003
  0.681040000000000       9.451295090615049E-003
  0.681120000000000       9.451516795981781E-003
  0.681200000000000       9.451738389618776E-003
  0.681280000000000       9.451959871435441E-003
  0.681360000000000       9.452181241508824E-003
  0.681440000000000       9.452402499844699E-003
  0.681520000000000       9.452623646338039E-003
  0.681600000000000       9.452844681162038E-003
  0.681680000000000       9.453065604199458E-003
  0.681760000000000       9.453286415439417E-003
  0.681840000000000       9.453507114903899E-003
  0.681920000000000       9.453727702613109E-003
  0.682000000000000       9.453948178543732E-003
  0.682080000000000       9.454168542703319E-003
  0.682160000000000       9.454388795026587E-003
  0.682240000000000       9.454608935674520E-003
  0.682320000000000       9.454828964457047E-003
  0.682400000000000       9.455048881418134E-003
  0.682480000000000       9.455268686682124E-003
  0.682560000000000       9.455488380080930E-003
  0.682640000000000       9.455707961692934E-003
  0.682720000000000       9.455927431538121E-003
  0.682800000000000       9.456146789549209E-003
  0.682880000000000       9.456366035733750E-003
  0.682960000000000       9.456585170153693E-003
  0.683040000000000       9.456804192770625E-003
  0.683120000000000       9.457023103621183E-003
  0.683200000000000       9.457241902537057E-003
  0.683280000000000       9.457460589736962E-003
  0.683360000000000       9.457679165113426E-003
  0.683440000000000       9.457897628672447E-003
  0.683520000000000       9.458115980361399E-003
  0.683600000000000       9.458334220255334E-003
  0.683680000000000       9.458552348333822E-003
  0.683760000000000       9.458770364540244E-003
  0.683840000000000       9.458988268969855E-003
  0.683920000000000       9.459206061580690E-003
  0.684000000000000       9.459423742280600E-003
  0.684080000000000       9.459641311200591E-003
  0.684160000000000       9.459858768290703E-003
  0.684240000000000       9.460076113496314E-003
  0.684320000000000       9.460293346864719E-003
  0.684400000000000       9.460510468431223E-003
  0.684480000000000       9.460727478140980E-003
  0.684560000000000       9.460944375957132E-003
  0.684640000000000       9.461161161896110E-003
  0.684720000000000       9.461377836078262E-003
  0.684800000000000       9.461594398336610E-003
  0.684880000000000       9.461810848761083E-003
  0.684960000000000       9.462027187311046E-003
  0.685040000000000       9.462243413978284E-003
  0.685120000000000       9.462459528809204E-003
  0.685200000000000       9.462675531763394E-003
  0.685280000000000       9.462891422848403E-003
  0.685360000000000       9.463107202048467E-003
  0.685440000000000       9.463322869372688E-003
  0.685520000000000       9.463538424792646E-003
  0.685600000000000       9.463753868356524E-003
  0.685680000000000       9.463969200067431E-003
  0.685760000000000       9.464184419885620E-003
  0.685840000000000       9.464399527786667E-003
  0.685920000000000       9.464614523845401E-003
  0.686000000000000       9.464829408007421E-003
  0.686080000000000       9.465044180233868E-003
  0.686160000000000       9.465258840614228E-003
  0.686240000000000       9.465473389037478E-003
  0.686320000000000       9.465687825562459E-003
  0.686400000000000       9.465902150221368E-003
  0.686480000000000       9.466116362989559E-003
  0.686560000000000       9.466330463825730E-003
  0.686640000000000       9.466544452791166E-003
  0.686720000000000       9.466758329802823E-003
  0.686800000000000       9.466972094905553E-003
  0.686880000000000       9.467185748074487E-003
  0.686960000000000       9.467399289355811E-003
  0.687040000000000       9.467612718751080E-003
  0.687120000000000       9.467826036148159E-003
  0.687200000000000       9.468039241707589E-003
  0.687280000000000       9.468252335261058E-003
  0.687360000000000       9.468465316908932E-003
  0.687440000000000       9.468678186641218E-003
  0.687520000000000       9.468890944431270E-003
  0.687600000000000       9.469103590265544E-003
  0.687680000000000       9.469316124235301E-003
  0.687760000000000       9.469528546194879E-003
  0.687840000000000       9.469740856279725E-003
  0.687920000000000       9.469953054332410E-003
  0.688000000000000       9.470165140483718E-003
  0.688080000000000       9.470377114664814E-003
  0.688160000000000       9.470588976961410E-003
  0.688240000000000       9.470800727206082E-003
  0.688320000000000       9.471012365571581E-003
  0.688400000000000       9.471223891945331E-003
  0.688480000000000       9.471435306355976E-003
  0.688560000000000       9.471646608877456E-003
  0.688640000000000       9.471857799382317E-003
  0.688720000000000       9.472068877931623E-003
  0.688800000000000       9.472279844452765E-003
  0.688880000000000       9.472490699046328E-003
  0.688960000000000       9.472701441702987E-003
  0.689040000000000       9.472912072363456E-003
  0.689120000000000       9.473122591016410E-003
  0.689200000000000       9.473332997690050E-003
  0.689280000000000       9.473543292445215E-003
  0.689360000000000       9.473753475135800E-003
  0.689440000000000       9.473963545895921E-003
  0.689520000000000       9.474173504651857E-003
  0.689600000000000       9.474383351434697E-003
  0.689680000000000       9.474593086259316E-003
  0.689760000000000       9.474802709012915E-003
  0.689840000000000       9.475012219793640E-003
  0.689920000000000       9.475221618617920E-003
  0.690000000000000       9.475430905385836E-003
  0.690080000000000       9.475640080198418E-003
  0.690160000000000       9.475849143027688E-003
  0.690240000000000       9.476058093717772E-003
  0.690320000000000       9.476266932551776E-003
  0.690400000000000       9.476475659289892E-003
  0.690480000000000       9.476684274017828E-003
  0.690560000000000       9.476892776762010E-003
  0.690640000000000       9.477101167483577E-003
  0.690720000000000       9.477309446191858E-003
  0.690800000000000       9.477517612863091E-003
  0.690880000000000       9.477725667522370E-003
  0.690960000000000       9.477933610157259E-003
  0.691040000000000       9.478141440739114E-003
  0.691120000000000       9.478349159322559E-003
  0.691200000000000       9.478556765895159E-003
  0.691280000000000       9.478764260384971E-003
  0.691360000000000       9.478971642820418E-003
  0.691440000000000       9.479178913270776E-003
  0.691520000000000       9.479386071665215E-003
  0.691600000000000       9.479593118016612E-003
  0.691680000000000       9.479800052296990E-003
  0.691760000000000       9.480006874562970E-003
  0.691840000000000       9.480213584784798E-003
  0.691920000000000       9.480420182945822E-003
  0.692000000000000       9.480626669034938E-003
  0.692080000000000       9.480833043088784E-003
  0.692160000000000       9.481039305124901E-003
  0.692240000000000       9.481245455068683E-003
  0.692320000000000       9.481451492919908E-003
  0.692400000000000       9.481657418747631E-003
  0.692480000000000       9.481863232510775E-003
  0.692560000000000       9.482068934162265E-003
  0.692640000000000       9.482274523772045E-003
  0.692720000000000       9.482480001355882E-003
  0.692800000000000       9.482685366782102E-003
  0.692880000000000       9.482890620205693E-003
  0.692960000000000       9.483095761468559E-003
  0.693040000000000       9.483300790669509E-003
  0.693120000000000       9.483505707863611E-003
  0.693200000000000       9.483710512950279E-003
  0.693280000000000       9.483915205897094E-003
  0.693360000000000       9.484119786803753E-003
  0.693440000000000       9.484324255583217E-003
  0.693520000000000       9.484528612330963E-003
  0.693600000000000       9.484732856920870E-003
  0.693680000000000       9.484936989501487E-003
  0.693760000000000       9.485141009849436E-003
  0.693840000000000       9.485344918199863E-003
  0.693920000000000       9.485548714410437E-003
  0.694000000000000       9.485752398550214E-003
  0.694080000000000       9.485955970543698E-003
  0.694160000000000       9.486159430461723E-003
  0.694240000000000       9.486362778273423E-003
  0.694320000000000       9.486566013945714E-003
  0.694400000000000       9.486769137491920E-003
  0.694480000000000       9.486972148938462E-003
  0.694560000000000       9.487175048239600E-003
  0.694640000000000       9.487377835476603E-003
  0.694720000000000       9.487580510576639E-003
  0.694800000000000       9.487783073566354E-003
  0.694880000000000       9.487985524397342E-003
  0.694960000000000       9.488187863054727E-003
  0.695040000000000       9.488390089678174E-003
  0.695120000000000       9.488592204077391E-003
  0.695200000000000       9.488794206364733E-003
  0.695280000000000       9.488996096565734E-003
  0.695360000000000       9.489197874591800E-003
  0.695440000000000       9.489399540494665E-003
  0.695520000000000       9.489601094244578E-003
  0.695600000000000       9.489802535837540E-003
  0.695680000000000       9.490003865269332E-003
  0.695760000000000       9.490205082608789E-003
  0.695840000000000       9.490406187752660E-003
  0.695920000000000       9.490607180781103E-003
  0.696000000000000       9.490808061606633E-003
  0.696080000000000       9.491008830339605E-003
  0.696160000000000       9.491209486876769E-003
  0.696240000000000       9.491410031226118E-003
  0.696320000000000       9.491610463443163E-003
  0.696400000000000       9.491810783494821E-003
  0.696480000000000       9.492010991361773E-003
  0.696560000000000       9.492211087112186E-003
  0.696640000000000       9.492411070628599E-003
  0.696720000000000       9.492610942006492E-003
  0.696800000000000       9.492810701224992E-003
  0.696880000000000       9.493010348168636E-003
  0.696960000000000       9.493209883072347E-003
  0.697040000000000       9.493409305694096E-003
  0.697120000000000       9.493608616195755E-003
  0.697200000000000       9.493807814474516E-003
  0.697280000000000       9.494006900556358E-003
  0.697360000000000       9.494205874491020E-003
  0.697440000000000       9.494404736232538E-003
  0.697520000000000       9.494603485746274E-003
  0.697600000000000       9.494802123099506E-003
  0.697680000000000       9.495000648259595E-003
  0.697760000000000       9.495199061179023E-003
  0.697840000000000       9.495397361950160E-003
  0.697920000000000       9.495595550499288E-003
  0.698000000000000       9.495793626863043E-003
  0.698080000000000       9.495991590978810E-003
  0.698160000000000       9.496189442913201E-003
  0.698240000000000       9.496387182633133E-003
  0.698320000000000       9.496584810133275E-003
  0.698400000000000       9.496782325406301E-003
  0.698480000000000       9.496979728519712E-003
  0.698560000000000       9.497177019354271E-003
  0.698640000000000       9.497374197988358E-003
  0.698720000000000       9.497571264417533E-003
  0.698800000000000       9.497768218593834E-003
  0.698880000000000       9.497965060566778E-003
  0.698960000000000       9.498161790303501E-003
  0.699040000000000       9.498358407841530E-003
  0.699120000000000       9.498554913145781E-003
  0.699200000000000       9.498751306123883E-003
  0.699280000000000       9.498947586956359E-003
  0.699360000000000       9.499143755551505E-003
  0.699440000000000       9.499339811915981E-003
  0.699520000000000       9.499535756002715E-003
  0.699600000000000       9.499731587848344E-003
  0.699680000000000       9.499927307458640E-003
  0.699760000000000       9.500122914872018E-003
  0.699840000000000       9.500318409925497E-003
  0.699920000000000       9.500513792740757E-003
  0.700000000000000       9.500709063409281E-003
  0.700080000000000       9.500904221769198E-003
  0.700160000000000       9.501099267942632E-003
  0.700240000000000       9.501294201735962E-003
  0.700320000000000       9.501489023343253E-003
  0.700400000000000       9.501683732643935E-003
  0.700480000000000       9.501878329701070E-003
  0.700560000000000       9.502072814539082E-003
  0.700640000000000       9.502267187005649E-003
  0.700720000000000       9.502461447293283E-003
  0.700800000000000       9.502655595324712E-003
  0.700880000000000       9.502849631007788E-003
  0.700960000000000       9.503043554449316E-003
  0.701040000000000       9.503237365627533E-003
  0.701120000000000       9.503431064519792E-003
  0.701200000000000       9.503624651104110E-003
  0.701280000000000       9.503818125433335E-003
  0.701360000000000       9.504011487497251E-003
  0.701440000000000       9.504204737246343E-003
  0.701520000000000       9.504397874716582E-003
  0.701600000000000       9.504590899884209E-003
  0.701680000000000       9.504783812785418E-003
  0.701760000000000       9.504976613356704E-003
  0.701840000000000       9.505169301715528E-003
  0.701920000000000       9.505361877685588E-003
  0.702000000000000       9.505554341358143E-003
  0.702080000000000       9.505746692754287E-003
  0.702160000000000       9.505938931864029E-003
  0.702240000000000       9.506131058638075E-003
  0.702320000000000       9.506323073152585E-003
  0.702400000000000       9.506514975345166E-003
  0.702480000000000       9.506706765190505E-003
  0.702560000000000       9.506898442765206E-003
  0.702640000000000       9.507090007993553E-003
  0.702720000000000       9.507281460892199E-003
  0.702800000000000       9.507472801497115E-003
  0.702880000000000       9.507664029811631E-003
  0.702960000000000       9.507855145802664E-003
  0.703040000000000       9.508046149428469E-003
  0.703120000000000       9.508237040769869E-003
  0.703200000000000       9.508427819786898E-003
  0.703280000000000       9.508618486445582E-003
  0.703360000000000       9.508809040760575E-003
  0.703440000000000       9.508999482770515E-003
  0.703520000000000       9.509189812448755E-003
  0.703600000000000       9.509380029816390E-003
  0.703680000000000       9.509570134763508E-003
  0.703760000000000       9.509760127425999E-003
  0.703840000000000       9.509950007763231E-003
  0.703920000000000       9.510139775737676E-003
  0.704000000000000       9.510329431371541E-003
  0.704080000000000       9.510518974652389E-003
  0.704160000000000       9.510708405612862E-003
  0.704240000000000       9.510897724204777E-003
  0.704320000000000       9.511086930400599E-003
  0.704400000000000       9.511276024278044E-003
  0.704480000000000       9.511465005839999E-003
  0.704560000000000       9.511653875023625E-003
  0.704640000000000       9.511842631772079E-003
  0.704720000000000       9.512031276247231E-003
  0.704800000000000       9.512219808370921E-003
  0.704880000000000       9.512408228073206E-003
  0.704960000000000       9.512596535402713E-003
  0.705040000000000       9.512784730361885E-003
  0.705120000000000       9.512972813027550E-003
  0.705200000000000       9.513160783247161E-003
  0.705280000000000       9.513348641139292E-003
  0.705360000000000       9.513536386605799E-003
  0.705440000000000       9.513724019709298E-003
  0.705520000000000       9.513911540482430E-003
  0.705600000000000       9.514098948870571E-003
  0.705680000000000       9.514286244793342E-003
  0.705760000000000       9.514473428439259E-003
  0.705840000000000       9.514660499641787E-003
  0.705920000000000       9.514847458445115E-003
  0.706000000000000       9.515034304897203E-003
  0.706080000000000       9.515221038928774E-003
  0.706160000000000       9.515407660574689E-003
  0.706240000000000       9.515594169864035E-003
  0.706320000000000       9.515780566699779E-003
  0.706400000000000       9.515966851146092E-003
  0.706480000000000       9.516153023216518E-003
  0.706560000000000       9.516339082859100E-003
  0.706640000000000       9.516525030132457E-003
  0.706720000000000       9.516710864985518E-003
  0.706800000000000       9.516896587430941E-003
  0.706880000000000       9.517082197447631E-003
  0.706960000000000       9.517267695120631E-003
  0.707040000000000       9.517453080285850E-003
  0.707120000000000       9.517638353082510E-003
  0.707200000000000       9.517823513447994E-003
  0.707280000000000       9.518008561451581E-003
  0.707360000000000       9.518193496956269E-003
  0.707440000000000       9.518378320104610E-003
  0.707520000000000       9.518563030815781E-003
  0.707600000000000       9.518747629148623E-003
  0.707680000000000       9.518932114920838E-003
  0.707760000000000       9.519116488374675E-003
  0.707840000000000       9.519300749385791E-003
  0.707920000000000       9.519484897928428E-003
  0.708000000000000       9.519668934075638E-003
  0.708080000000000       9.519852857742379E-003
  0.708160000000000       9.520036669060102E-003
  0.708240000000000       9.520220367858719E-003
  0.708320000000000       9.520403954271457E-003
  0.708400000000000       9.520587428211498E-003
  0.708480000000000       9.520770789737017E-003
  0.708560000000000       9.520954038782510E-003
  0.708640000000000       9.521137175345980E-003
  0.708720000000000       9.521320199528678E-003
  0.708800000000000       9.521503111264436E-003
  0.708880000000000       9.521685910508844E-003
  0.708960000000000       9.521868597350054E-003
  0.709040000000000       9.522051171689701E-003
  0.709120000000000       9.522233633585071E-003
  0.709200000000000       9.522415983009742E-003
  0.709280000000000       9.522598220022556E-003
  0.709360000000000       9.522780344537358E-003
  0.709440000000000       9.522962356585236E-003
  0.709520000000000       9.523144256153311E-003
  0.709600000000000       9.523326043311749E-003
  0.709680000000000       9.523507717920883E-003
  0.709760000000000       9.523689280138366E-003
  0.709840000000000       9.523870729822088E-003
  0.709920000000000       9.524052067057316E-003
  0.710000000000000       9.524233291874247E-003
  0.710080000000000       9.524414404146316E-003
  0.710160000000000       9.524595403956788E-003
  0.710240000000000       9.524776291281463E-003
  0.710320000000000       9.524957066130109E-003
  0.710400000000000       9.525137728522044E-003
  0.710480000000000       9.525318278355573E-003
  0.710560000000000       9.525498715802334E-003
  0.710640000000000       9.525679040692688E-003
  0.710720000000000       9.525859253138320E-003
  0.710800000000000       9.526039353055966E-003
  0.710880000000000       9.526219340488924E-003
  0.710960000000000       9.526399215434529E-003
  0.711040000000000       9.526578977866580E-003
  0.711120000000000       9.526758627827488E-003
  0.711200000000000       9.526938165245753E-003
  0.711280000000000       9.527117590191099E-003
  0.711360000000000       9.527296902636657E-003
  0.711440000000000       9.527476102565331E-003
  0.711520000000000       9.527655190009539E-003
  0.711600000000000       9.527834164893563E-003
  0.711680000000000       9.528013027318434E-003
  0.711760000000000       9.528191777239299E-003
  0.711840000000000       9.528370414572225E-003
  0.711920000000000       9.528548939515276E-003
  0.712000000000000       9.528727351868611E-003
  0.712080000000000       9.528905651715498E-003
  0.712160000000000       9.529083839041948E-003
  0.712240000000000       9.529261913860172E-003
  0.712320000000000       9.529439876073138E-003
  0.712400000000000       9.529617725846269E-003
  0.712480000000000       9.529795463067432E-003
  0.712560000000000       9.529973087761497E-003
  0.712640000000000       9.530150599929794E-003
  0.712720000000000       9.530327999599193E-003
  0.712800000000000       9.530505286682874E-003
  0.712880000000000       9.530682461277203E-003
  0.712960000000000       9.530859523326225E-003
  0.713040000000000       9.531036472828165E-003
  0.713120000000000       9.531213309765703E-003
  0.713200000000000       9.531390034238092E-003
  0.713280000000000       9.531566646073693E-003
  0.713360000000000       9.531743145453693E-003
  0.713440000000000       9.531919532251971E-003
  0.713520000000000       9.532095806461201E-003
  0.713600000000000       9.532271968184632E-003
  0.713680000000000       9.532448017331670E-003
  0.713760000000000       9.532623953916082E-003
  0.713840000000000       9.532799777978503E-003
  0.713920000000000       9.532975489486957E-003
  0.714000000000000       9.533151088427901E-003
  0.714080000000000       9.533326574809105E-003
  0.714160000000000       9.533501948590602E-003
  0.714240000000000       9.533677209922493E-003
  0.714320000000000       9.533852358605606E-003
  0.714400000000000       9.534027394722762E-003
  0.714480000000000       9.534202318269965E-003
  0.714560000000000       9.534377129303169E-003
  0.714640000000000       9.534551827733780E-003
  0.714720000000000       9.534726413629742E-003
  0.714800000000000       9.534900886875593E-003
  0.714880000000000       9.535075247653853E-003
  0.714960000000000       9.535249495762461E-003
  0.715040000000000       9.535423631338864E-003
  0.715120000000000       9.535597654310897E-003
  0.715200000000000       9.535771564730962E-003
  0.715280000000000       9.535945362528227E-003
  0.715360000000000       9.536119047823928E-003
  0.715440000000000       9.536292620487725E-003
  0.715520000000000       9.536466080618207E-003
  0.715600000000000       9.536639428024858E-003
  0.715680000000000       9.536812662975909E-003
  0.715760000000000       9.536985785281289E-003
  0.715840000000000       9.537158795012053E-003
  0.715920000000000       9.537331692147995E-003
  0.716000000000000       9.537504476670018E-003
  0.716080000000000       9.537677148635633E-003
  0.716160000000000       9.537849707980668E-003
  0.716240000000000       9.538022154687360E-003
  0.716320000000000       9.538194488812331E-003
  0.716400000000000       9.538366710390885E-003
  0.716480000000000       9.538538819306892E-003
  0.716560000000000       9.538710815654723E-003
  0.716640000000000       9.538882699404845E-003
  0.716720000000000       9.539054470521731E-003
  0.716800000000000       9.539226129015373E-003
  0.716880000000000       9.539397674913526E-003
  0.716960000000000       9.539569108208863E-003
  0.717040000000000       9.539740428898276E-003
  0.717120000000000       9.539911636890948E-003
  0.717200000000000       9.540082732340090E-003
  0.717280000000000       9.540253715184861E-003
  0.717360000000000       9.540424585349545E-003
  0.717440000000000       9.540595342941390E-003
  0.717520000000000       9.540765987886897E-003
  0.717600000000000       9.540936520223815E-003
  0.717680000000000       9.541106939917283E-003
  0.717760000000000       9.541277247021258E-003
  0.717840000000000       9.541447441459135E-003
  0.717920000000000       9.541617523253783E-003
  0.718000000000000       9.541787492445615E-003
  0.718080000000000       9.541957348982895E-003
  0.718160000000000       9.542127092878279E-003
  0.718240000000000       9.542296724167294E-003
  0.718320000000000       9.542466242831511E-003
  0.718400000000000       9.542635648794991E-003
  0.718480000000000       9.542804942164092E-003
  0.718560000000000       9.542974122852217E-003
  0.718640000000000       9.543143190962396E-003
  0.718720000000000       9.543312146380052E-003
  0.718800000000000       9.543480989154036E-003
  0.718880000000000       9.543649719293897E-003
  0.718960000000000       9.543818336836936E-003
  0.719040000000000       9.543986841591086E-003
  0.719120000000000       9.544155233794156E-003
  0.719200000000000       9.544323513297821E-003
  0.719280000000000       9.544491680208662E-003
  0.719360000000000       9.544659734422541E-003
  0.719440000000000       9.544827675934127E-003
  0.719520000000000       9.544995504836236E-003
  0.719600000000000       9.545163221064697E-003
  0.719680000000000       9.545330824643268E-003
  0.719760000000000       9.545498315578611E-003
  0.719840000000000       9.545665693782353E-003
  0.719920000000000       9.545832959344420E-003
  0.720000000000000       9.546000112302784E-003
  0.720080000000000       9.546167152493130E-003
  0.720160000000000       9.546334080095094E-003
  0.720240000000000       9.546500894946137E-003
  0.720320000000000       9.546667597167720E-003
  0.720400000000000       9.546834186708548E-003
  0.720480000000000       9.547000663549750E-003
  0.720560000000000       9.547167027725297E-003
  0.720640000000000       9.547333279302912E-003
  0.720720000000000       9.547499418073431E-003
  0.720800000000000       9.547665444216487E-003
  0.720880000000000       9.547831357680565E-003
  0.720960000000000       9.547997158461004E-003
  0.721040000000000       9.548162846521165E-003
  0.721120000000000       9.548328421939874E-003
  0.721200000000000       9.548493884637417E-003
  0.721280000000000       9.548659234664865E-003
  0.721360000000000       9.548824471986246E-003
  0.721440000000000       9.548989596621323E-003
  0.721520000000000       9.549154608535677E-003
  0.721600000000000       9.549319507778604E-003
  0.721680000000000       9.549484294355655E-003
  0.721760000000000       9.549648968162468E-003
  0.721840000000000       9.549813529315172E-003
  0.721920000000000       9.549977977738940E-003
  0.722000000000000       9.550142313522809E-003
  0.722080000000000       9.550306536504245E-003
  0.722160000000000       9.550470646817806E-003
  0.722240000000000       9.550634644410423E-003
  0.722320000000000       9.550798529278100E-003
  0.722400000000000       9.550962301507433E-003
  0.722480000000000       9.551125960995617E-003
  0.722560000000000       9.551289507745093E-003
  0.722640000000000       9.551452941863554E-003
  0.722720000000000       9.551616263171810E-003
  0.722800000000000       9.551779471773776E-003
  0.722880000000000       9.551942567691436E-003
  0.722960000000000       9.552105550858843E-003
  0.723040000000000       9.552268421323069E-003
  0.723120000000000       9.552431179049033E-003
  0.723200000000000       9.552593824042284E-003
  0.723280000000000       9.552756356334798E-003
  0.723360000000000       9.552918775921466E-003
  0.723440000000000       9.553081082733235E-003
  0.723520000000000       9.553243276832719E-003
  0.723600000000000       9.553405358242346E-003
  0.723680000000000       9.553567326836661E-003
  0.723760000000000       9.553729182748223E-003
  0.723840000000000       9.553890925900428E-003
  0.723920000000000       9.554052556380539E-003
  0.724000000000000       9.554214074067320E-003
  0.724080000000000       9.554375479020945E-003
  0.724160000000000       9.554536771235196E-003
  0.724240000000000       9.554697950710518E-003
  0.724320000000000       9.554859017427815E-003
  0.724400000000000       9.555019971403074E-003
  0.724480000000000       9.555180812629634E-003
  0.724560000000000       9.555341541108160E-003
  0.724640000000000       9.555502156875735E-003
  0.724720000000000       9.555662659848647E-003
  0.724800000000000       9.555823050104169E-003
  0.724880000000000       9.555983327659397E-003
  0.724960000000000       9.556143492351128E-003
  0.725040000000000       9.556303544336793E-003
  0.725120000000000       9.556463483606621E-003
  0.725200000000000       9.556623310040709E-003
  0.725280000000000       9.556783023738531E-003
  0.725360000000000       9.556942624690097E-003
  0.725440000000000       9.557102112888967E-003
  0.725520000000000       9.557261488307163E-003
  0.725600000000000       9.557420750950459E-003
  0.725680000000000       9.557579900891906E-003
  0.725760000000000       9.557738937996503E-003
  0.725840000000000       9.557897862378824E-003
  0.725920000000000       9.558056673942501E-003
  0.726000000000000       9.558215372794339E-003
  0.726080000000000       9.558373958849516E-003
  0.726160000000000       9.558532432084273E-003
  0.726240000000000       9.558690792600306E-003
  0.726320000000000       9.558849040345659E-003
  0.726400000000000       9.559007175310115E-003
  0.726480000000000       9.559165197481463E-003
  0.726560000000000       9.559323106876801E-003
  0.726640000000000       9.559480903486135E-003
  0.726720000000000       9.559638587313242E-003
  0.726800000000000       9.559796158344354E-003
  0.726880000000000       9.559953616599455E-003
  0.726960000000000       9.560110962080544E-003
  0.727040000000000       9.560268194776740E-003
  0.727120000000000       9.560425314675165E-003
  0.727200000000000       9.560582321794471E-003
  0.727280000000000       9.560739216107346E-003
  0.727360000000000       9.560895997647985E-003
  0.727440000000000       9.561052666344667E-003
  0.727520000000000       9.561209222287322E-003
  0.727600000000000       9.561365665419548E-003
  0.727680000000000       9.561521995788198E-003
  0.727760000000000       9.561678213310450E-003
  0.727840000000000       9.561834318101099E-003
  0.727920000000000       9.561990310037356E-003
  0.728000000000000       9.562146189174954E-003
  0.728080000000000       9.562301955502124E-003
  0.728160000000000       9.562457609038851E-003
  0.728240000000000       9.562613149754491E-003
  0.728320000000000       9.562768577694787E-003
  0.728400000000000       9.562923892807336E-003
  0.728480000000000       9.563079095148315E-003
  0.728560000000000       9.563234184621135E-003
  0.728640000000000       9.563389161268650E-003
  0.728720000000000       9.563544025124833E-003
  0.728800000000000       9.563698776187686E-003
  0.728880000000000       9.563853414458763E-003
  0.728960000000000       9.564007939843473E-003
  0.729040000000000       9.564162352411316E-003
  0.729120000000000       9.564316652305956E-003
  0.729200000000000       9.564470839218749E-003
  0.729280000000000       9.564624913333548E-003
  0.729360000000000       9.564778874666564E-003
  0.729440000000000       9.564932723189375E-003
  0.729520000000000       9.565086458835366E-003
  0.729600000000000       9.565240081730438E-003
  0.729680000000000       9.565393591662093E-003
  0.729760000000000       9.565546988876579E-003
  0.729840000000000       9.565700273229345E-003
  0.729920000000000       9.565853444751034E-003
  0.730000000000000       9.566006503455633E-003
  0.730080000000000       9.566159449302510E-003
  0.730160000000000       9.566312282292773E-003
  0.730240000000000       9.566465002469056E-003
  0.730320000000000       9.566617609831136E-003
  0.730400000000000       9.566770104352369E-003
  0.730480000000000       9.566922486004777E-003
  0.730560000000000       9.567074754829881E-003
  0.730640000000000       9.567226910815470E-003
  0.730720000000000       9.567378953947998E-003
  0.730800000000000       9.567530884225912E-003
  0.730880000000000       9.567682701680742E-003
  0.730960000000000       9.567834406253202E-003
  0.731040000000000       9.567985998027891E-003
  0.731120000000000       9.568137476907775E-003
  0.731200000000000       9.568288843007873E-003
  0.731280000000000       9.568440096195181E-003
  0.731360000000000       9.568591236517217E-003
  0.731440000000000       9.568742264056136E-003
  0.731520000000000       9.568893178670497E-003
  0.731600000000000       9.569043980472654E-003
  0.731680000000000       9.569194669421306E-003
  0.731760000000000       9.569345245473156E-003
  0.731840000000000       9.569495708670391E-003
  0.731920000000000       9.569646059011234E-003
  0.732000000000000       9.569796296496354E-003
  0.732080000000000       9.569946421167493E-003
  0.732160000000000       9.570096432881210E-003
  0.732240000000000       9.570246331779837E-003
  0.732320000000000       9.570396117805642E-003
  0.732400000000000       9.570545790957959E-003
  0.732480000000000       9.570695351262766E-003
  0.732560000000000       9.570844798649454E-003
  0.732640000000000       9.570994133174200E-003
  0.732720000000000       9.571143354876750E-003
  0.732800000000000       9.571292463686494E-003
  0.732880000000000       9.571441459602321E-003
  0.732960000000000       9.571590342649768E-003
  0.733040000000000       9.571739112829276E-003
  0.733120000000000       9.571887770110650E-003
  0.733200000000000       9.572036314549622E-003
  0.733280000000000       9.572184746072472E-003
  0.733360000000000       9.572333064721168E-003
  0.733440000000000       9.572481270509033E-003
  0.733520000000000       9.572629363417857E-003
  0.733600000000000       9.572777343391466E-003
  0.733680000000000       9.572925210527113E-003
  0.733760000000000       9.573072964750858E-003
  0.733840000000000       9.573220606092010E-003
  0.733920000000000       9.573368134543687E-003
  0.734000000000000       9.573515550122987E-003
  0.734080000000000       9.573662852739979E-003
  0.734160000000000       9.573810042536109E-003
  0.734240000000000       9.573957119466077E-003
  0.734320000000000       9.574104083455277E-003
  0.734400000000000       9.574250934503488E-003
  0.734480000000000       9.574397672735942E-003
  0.734560000000000       9.574544298022077E-003
  0.734640000000000       9.574690810415627E-003
  0.734720000000000       9.574837209943239E-003
  0.734800000000000       9.574983496515872E-003
  0.734880000000000       9.575129670205247E-003
  0.734960000000000       9.575275731005591E-003
  0.735040000000000       9.575421678913572E-003
  0.735120000000000       9.575567513930523E-003
  0.735200000000000       9.575713235993162E-003
  0.735280000000000       9.575858845142567E-003
  0.735360000000000       9.576004341431361E-003
  0.735440000000000       9.576149724759182E-003
  0.735520000000000       9.576294995193087E-003
  0.735600000000000       9.576440152716421E-003
  0.735680000000000       9.576585197309646E-003
  0.735760000000000       9.576730129043150E-003
  0.735840000000000       9.576874947813237E-003
  0.735920000000000       9.577019653672532E-003
  0.736000000000000       9.577164246634580E-003
  0.736080000000000       9.577308726677176E-003
  0.736160000000000       9.577453093830075E-003
  0.736240000000000       9.577597347986917E-003
  0.736320000000000       9.577741489288034E-003
  0.736400000000000       9.577885517587321E-003
  0.736480000000000       9.578029433036213E-003
  0.736560000000000       9.578173235532568E-003
  0.736640000000000       9.578316925129900E-003
  0.736720000000000       9.578460501779580E-003
  0.736800000000000       9.578603965465400E-003
  0.736880000000000       9.578747316297050E-003
  0.736960000000000       9.578890554156845E-003
  0.737040000000000       9.579033679109845E-003
  0.737120000000000       9.579176691153830E-003
  0.737200000000000       9.579319590170450E-003
  0.737280000000000       9.579462376310695E-003
  0.737360000000000       9.579605049486191E-003
  0.737440000000000       9.579747609749563E-003
  0.737520000000000       9.579890057080605E-003
  0.737600000000000       9.580032391447564E-003
  0.737680000000000       9.580174612917498E-003
  0.737760000000000       9.580316721428679E-003
  0.737840000000000       9.580458716975111E-003
  0.737920000000000       9.580600599638285E-003
  0.738000000000000       9.580742369300517E-003
  0.738080000000000       9.580884026054177E-003
  0.738160000000000       9.581025569853525E-003
  0.738240000000000       9.581167000665698E-003
  0.738320000000000       9.581308318597499E-003
  0.738400000000000       9.581449523561221E-003
  0.738480000000000       9.581590615535103E-003
  0.738560000000000       9.581731594598637E-003
  0.738640000000000       9.581872460720293E-003
  0.738720000000000       9.582013213880310E-003
  0.738800000000000       9.582153854044935E-003
  0.738880000000000       9.582294381306762E-003
  0.738960000000000       9.582434795535451E-003
  0.739040000000000       9.582575096891095E-003
  0.739120000000000       9.582715285259787E-003
  0.739200000000000       9.582855360675054E-003
  0.739280000000000       9.582995323146888E-003
  0.739360000000000       9.583135172612674E-003
  0.739440000000000       9.583274909178992E-003
  0.739520000000000       9.583414532784558E-003
  0.739600000000000       9.583554043380967E-003
  0.739680000000000       9.583693441045489E-003
  0.739760000000000       9.583832725717285E-003
  0.739840000000000       9.583971897447204E-003
  0.739920000000000       9.584110956170629E-003
