2.9678E-01 2.9714E-01 0.1196
2.8870E-01 2.8814E-01 0.1950
2.9751E-01 2.9733E-01 0.0584
2.9462E-01 2.9417E-01 0.1548
2.9585E-01 2.9556E-01 0.0988
2.9231E-01 2.9179E-01 0.1761
2.9524E-01 2.9556E-01 0.1075
2.9618E-01 2.9642E-01 0.0835
3.0034E-01 3.0036E-01 0.0054
3.0032E-01 3.0020E-01 0.0414
2.9671E-01 2.9680E-01 0.0286
2.9418E-01 2.9418E-01 0.0006
2.9143E-01 2.9143E-01 0.0028
2.9872E-01 2.9874E-01 0.0082
3.0299E-01 3.0300E-01 0.0019
2.9320E-01 2.9306E-01 0.0500
2.9622E-01 2.9622E-01 0.0004
2.9663E-01 2.9699E-01 0.1219
2.8985E-01 2.9020E-01 0.1221
2.9609E-01 2.9659E-01 0.1677
2.9420E-01 2.9448E-01 0.0945
3.0118E-01 3.0120E-01 0.0055
2.9694E-01 2.9677E-01 0.0555
3.0090E-01 3.0096E-01 0.0199
2.9249E-01 2.9244E-01 0.0199
2.9860E-01 2.9857E-01 0.0103
2.9828E-01 2.9808E-01 0.0671
3.0136E-01 3.0137E-01 0.0029
2.9253E-01 2.9288E-01 0.1193
2.9863E-01 2.9908E-01 0.1504
2.9880E-01 2.9912E-01 0.1045
2.9721E-01 2.9725E-01 0.0140
2.9273E-01 2.9297E-01 0.0824
2.9745E-01 2.9811E-01 0.2195
2.9150E-01 2.9151E-01 0.0045
2.9622E-01 2.9619E-01 0.0130
2.9843E-01 2.9835E-01 0.0268
2.9930E-01 2.9926E-01 0.0129
2.9129E-01 2.9115E-01 0.0491
3.0311E-01 3.0310E-01 0.0035
2.9697E-01 2.9687E-01 0.0332
2.9559E-01 2.9620E-01 0.2043
2.8751E-01 2.8767E-01 0.0535
2.9413E-01 2.9419E-01 0.0210
2.9167E-01 2.9195E-01 0.0966
3.0079E-01 3.0079E-01 0.0004
3.0333E-01 3.0323E-01 0.0322
2.9663E-01 2.9664E-01 0.0013
2.9643E-01 2.9646E-01 0.0094
2.9196E-01 2.9199E-01 0.0085
2.9027E-01 2.9020E-01 0.0243
2.9097E-01 2.9095E-01 0.0072
3.0067E-01 3.0056E-01 0.0346
2.9990E-01 2.9972E-01 0.0613
2.9436E-01 2.9427E-01 0.0296
2.9899E-01 2.9896E-01 0.0100
3.0056E-01 3.0076E-01 0.0667
2.9643E-01 2.9638E-01 0.0186
2.9583E-01 2.9611E-01 0.0949
2.9251E-01 2.9207E-01 0.1490
2.9117E-01 2.9116E-01 0.0026
2.9986E-01 2.9987E-01 0.0003
2.9336E-01 2.9335E-01 0.0026
2.9368E-01 2.9367E-01 0.0034
3.0392E-01 3.0371E-01 0.0671
2.9967E-01 2.9955E-01 0.0425
3.0357E-01 3.0359E-01 0.0086
2.9369E-01 2.9354E-01 0.0510
2.9626E-01 2.9619E-01 0.0243
2.9783E-01 2.9788E-01 0.0184
2.9612E-01 2.9606E-01 0.0220
2.9165E-01 2.9156E-01 0.0310
2.9499E-01 2.9504E-01 0.0166
2.8834E-01 2.8784E-01 0.1748
2.9481E-01 2.9449E-01 0.1081
2.9857E-01 2.9861E-01 0.0156
2.9577E-01 2.9576E-01 0.0048
2.9321E-01 2.9328E-01 0.0244
2.8977E-01 2.8968E-01 0.0286
3.0063E-01 3.0067E-01 0.0133
2.8942E-01 2.8943E-01 0.0040
2.9465E-01 2.9452E-01 0.0449
3.0151E-01 3.0147E-01 0.0136
2.8885E-01 2.8884E-01 0.0047
2.9991E-01 2.9983E-01 0.0278
3.0114E-01 3.0095E-01 0.0633
2.9839E-01 2.9830E-01 0.0318
2.9800E-01 2.9800E-01 0.0016
2.8776E-01 2.8755E-01 0.0739
2.9959E-01 2.9918E-01 0.1376
2.9712E-01 2.9715E-01 0.0116
2.9197E-01 2.9190E-01 0.0237
2.9369E-01 2.9363E-01 0.0215
2.8955E-01 2.8981E-01 0.0870
2.9010E-01 2.9018E-01 0.0259
2.8955E-01 2.8947E-01 0.0270
2.9927E-01 2.9930E-01 0.0100
3.0212E-01 3.0212E-01 0.0015
2.9136E-01 2.9138E-01 0.0076
2.8763E-01 2.8765E-01 0.0067
3.0373E-01 3.0372E-01 0.0023
2.9525E-01 2.9505E-01 0.0686
2.9503E-01 2.9510E-01 0.0244
2.8965E-01 2.8916E-01 0.1687
2.9120E-01 2.9093E-01 0.0932
2.9160E-01 2.9160E-01 0.0010
2.9681E-01 2.9688E-01 0.0251
2.9852E-01 2.9861E-01 0.0311
2.9055E-01 2.9044E-01 0.0400
2.9811E-01 2.9803E-01 0.0270
3.0089E-01 3.0087E-01 0.0081
3.0009E-01 2.9999E-01 0.0314
2.8948E-01 2.8941E-01 0.0232
3.0108E-01 3.0113E-01 0.0181
2.9030E-01 2.9022E-01 0.0289
2.9200E-01 2.9196E-01 0.0134
2.9810E-01 2.9809E-01 0.0029
2.9992E-01 2.9988E-01 0.0155
2.9114E-01 2.9082E-01 0.1072
2.8655E-01 2.8603E-01 0.1807
3.0018E-01 3.0036E-01 0.0592
2.9987E-01 2.9988E-01 0.0038
2.8920E-01 2.8907E-01 0.0456
2.9870E-01 2.9881E-01 0.0352
2.9443E-01 2.9426E-01 0.0579
2.9556E-01 2.9552E-01 0.0149
2.8906E-01 2.8906E-01 0.0019
2.8760E-01 2.8764E-01 0.0141
2.9165E-01 2.9161E-01 0.0131
3.0122E-01 3.0119E-01 0.0116
2.9188E-01 2.9182E-01 0.0203
2.9854E-01 2.9839E-01 0.0518
3.0288E-01 3.0280E-01 0.0238
2.9985E-01 2.9932E-01 0.1771
2.8833E-01 2.8879E-01 0.1606
2.8709E-01 2.8707E-01 0.0042
2.9346E-01 2.9364E-01 0.0612
2.9628E-01 2.9634E-01 0.0202
2.8898E-01 2.8899E-01 0.0028
2.9705E-01 2.9709E-01 0.0118
2.9401E-01 2.9398E-01 0.0087
2.9154E-01 2.9151E-01 0.0101
3.0121E-01 3.0119E-01 0.0074
2.9409E-01 2.9411E-01 0.0046
2.9367E-01 2.9362E-01 0.0198
2.9447E-01 2.9458E-01 0.0373
2.9951E-01 2.9963E-01 0.0419
2.8697E-01 2.8692E-01 0.0161
3.0032E-01 3.0067E-01 0.1155
2.9884E-01 2.9901E-01 0.0572
2.9163E-01 2.9187E-01 0.0842
3.0132E-01 3.0196E-01 0.2130
2.9533E-01 2.9537E-01 0.0117
2.9910E-01 2.9917E-01 0.0208
2.8996E-01 2.8991E-01 0.0190
3.0304E-01 3.0302E-01 0.0093
2.9724E-01 2.9702E-01 0.0770
3.0343E-01 3.0340E-01 0.0090
3.0059E-01 3.0061E-01 0.0079
2.9137E-01 2.9206E-01 0.2374
2.9269E-01 2.9312E-01 0.1444
2.8862E-01 2.8865E-01 0.0091
2.9026E-01 2.9055E-01 0.0983
2.9972E-01 3.0017E-01 0.1501
2.9869E-01 2.9891E-01 0.0727
2.9133E-01 2.9133E-01 0.0005
2.9916E-01 2.9918E-01 0.0071
2.9101E-01 2.9102E-01 0.0016
2.9649E-01 2.9645E-01 0.0142
2.9083E-01 2.9093E-01 0.0331
2.8737E-01 2.8722E-01 0.0505
3.0200E-01 3.0217E-01 0.0542
2.9044E-01 2.9081E-01 0.1255
2.8932E-01 2.8981E-01 0.1698
3.0043E-01 3.0086E-01 0.1431
2.9295E-01 2.9317E-01 0.0747
2.9987E-01 2.9991E-01 0.0164
2.9575E-01 2.9574E-01 0.0060
3.0245E-01 3.0251E-01 0.0213
2.8802E-01 2.8795E-01 0.0260
2.9597E-01 2.9602E-01 0.0143
2.9000E-01 2.9002E-01 0.0101
2.9709E-01 2.9718E-01 0.0278
2.9464E-01 2.9468E-01 0.0148
2.8641E-01 2.8646E-01 0.0182
2.8935E-01 2.8977E-01 0.1425
2.9523E-01 2.9547E-01 0.0798
2.9695E-01 2.9641E-01 0.1823
2.9772E-01 2.9748E-01 0.0821
2.9985E-01 2.9935E-01 0.1683
2.9692E-01 2.9669E-01 0.0779
2.9956E-01 2.9927E-01 0.0988
2.8664E-01 2.8679E-01 0.0531
