  0.660000000000000       7.811889597929674E-003
  0.660080000000000       7.812170930511794E-003
  0.660160000000000       7.812452069094430E-003
  0.660240000000000       7.812733012753877E-003
  0.660320000000000       7.813013762406736E-003
  0.660400000000000       7.813294317193249E-003
  0.660480000000000       7.813574677916331E-003
  0.660560000000000       7.813854843680697E-003
  0.660640000000000       7.814134815331893E-003
  0.660720000000000       7.814414592194903E-003
  0.660800000000000       7.814694174731580E-003
  0.660880000000000       7.814973562849555E-003
  0.660960000000000       7.815252755880915E-003
  0.661040000000000       7.815531755012269E-003
  0.661120000000000       7.815810559305698E-003
  0.661200000000000       7.816089169656489E-003
  0.661280000000000       7.816367584920665E-003
  0.661360000000000       7.816645805645346E-003
  0.661440000000000       7.816923832150276E-003
  0.661520000000000       7.817201663966496E-003
  0.661600000000000       7.817479301356907E-003
  0.661680000000000       7.817756744087030E-003
  0.661760000000000       7.818033992291869E-003
  0.661840000000000       7.818311046085109E-003
  0.661920000000000       7.818587905139902E-003
  0.662000000000000       7.818864569456248E-003
  0.662080000000000       7.819141039766005E-003
  0.662160000000000       7.819417315088624E-003
  0.662240000000000       7.819693396155965E-003
  0.662320000000000       7.819969282420909E-003
  0.662400000000000       7.820244974132147E-003
  0.662480000000000       7.820520471175992E-003
  0.662560000000000       7.820795773666130E-003
  0.662640000000000       7.821070881858357E-003
  0.662720000000000       7.821345795340558E-003
  0.662800000000000       7.821620513814305E-003
  0.662880000000000       7.821895037855138E-003
  0.662960000000000       7.822169367868066E-003
  0.663040000000000       7.822443502716221E-003
  0.663120000000000       7.822717443024881E-003
  0.663200000000000       7.822991188893520E-003
  0.663280000000000       7.823264740194243E-003
  0.663360000000000       7.823538096642831E-003
  0.663440000000000       7.823811258331655E-003
  0.663520000000000       7.824084225701251E-003
  0.663600000000000       7.824356998481614E-003
  0.663680000000000       7.824629576630111E-003
  0.663760000000000       7.824901960047266E-003
  0.663840000000000       7.825174148562548E-003
  0.663920000000000       7.825446142922028E-003
  0.664000000000000       7.825717942166473E-003
  0.664080000000000       7.825989546786156E-003
  0.664160000000000       7.826260957043980E-003
  0.664240000000000       7.826532172989682E-003
  0.664320000000000       7.826803193308758E-003
  0.664400000000000       7.827074019784670E-003
  0.664480000000000       7.827344651038966E-003
  0.664560000000000       7.827615087867452E-003
  0.664640000000000       7.827885329858016E-003
  0.664720000000000       7.828155377358821E-003
  0.664800000000000       7.828425230291709E-003
  0.664880000000000       7.828694888294303E-003
  0.664960000000000       7.828964351728980E-003
  0.665040000000000       7.829233620546001E-003
  0.665120000000000       7.829502694553521E-003
  0.665200000000000       7.829771573815487E-003
  0.665280000000000       7.830040258417166E-003
  0.665360000000000       7.830308748152499E-003
  0.665440000000000       7.830577043220439E-003
  0.665520000000000       7.830845143450456E-003
  0.665600000000000       7.831113049297296E-003
  0.665680000000000       7.831380760448321E-003
  0.665760000000000       7.831648276605103E-003
  0.665840000000000       7.831915598108703E-003
  0.665920000000000       7.832182724909383E-003
  0.666000000000000       7.832449656992931E-003
  0.666080000000000       7.832716394188817E-003
  0.666160000000000       7.832982936553885E-003
  0.666240000000000       7.833249284528672E-003
  0.666320000000000       7.833515437580270E-003
  0.666400000000000       7.833781395673152E-003
  0.666480000000000       7.834047159667075E-003
  0.666560000000000       7.834312728297273E-003
  0.666640000000000       7.834578102153496E-003
  0.666720000000000       7.834843281413380E-003
  0.666800000000000       7.835108265792708E-003
  0.666880000000000       7.835373055440693E-003
  0.666960000000000       7.835637650236545E-003
  0.667040000000000       7.835902050450268E-003
  0.667120000000000       7.836166255669748E-003
  0.667200000000000       7.836430266150780E-003
  0.667280000000000       7.836694082078106E-003
  0.667360000000000       7.836957702783816E-003
  0.667440000000000       7.837221128772394E-003
  0.667520000000000       7.837484360427534E-003
  0.667600000000000       7.837747396626578E-003
  0.667680000000000       7.838010238406919E-003
  0.667760000000000       7.838272885072224E-003
  0.667840000000000       7.838535337261983E-003
  0.667920000000000       7.838797594450393E-003
  0.668000000000000       7.839059656928778E-003
  0.668080000000000       7.839321524434235E-003
  0.668160000000000       7.839583197023610E-003
  0.668240000000000       7.839844674974013E-003
  0.668320000000000       7.840105958065176E-003
  0.668400000000000       7.840367046162096E-003
  0.668480000000000       7.840627939648466E-003
  0.668560000000000       7.840888637835060E-003
  0.668640000000000       7.841149141610056E-003
  0.668720000000000       7.841409450042643E-003
  0.668800000000000       7.841669563829153E-003
  0.668880000000000       7.841929483353278E-003
  0.668960000000000       7.842189207229462E-003
  0.669040000000000       7.842448736637204E-003
  0.669120000000000       7.842708071064915E-003
  0.669200000000000       7.842967210136005E-003
  0.669280000000000       7.843226155250245E-003
  0.669360000000000       7.843484904929705E-003
  0.669440000000000       7.843743459757031E-003
  0.669520000000000       7.844001819561693E-003
  0.669600000000000       7.844259984606590E-003
  0.669680000000000       7.844517955033832E-003
  0.669760000000000       7.844775730004978E-003
  0.669840000000000       7.845033310408207E-003
  0.669920000000000       7.845290695739034E-003
  0.670000000000000       7.845547886196409E-003
  0.670080000000000       7.845804881702174E-003
  0.670160000000000       7.846061682448176E-003
  0.670240000000000       7.846318288072036E-003
  0.670320000000000       7.846574699042715E-003
  0.670400000000000       7.846830914777565E-003
  0.670480000000000       7.847086935674492E-003
  0.670560000000000       7.847342761761918E-003
  0.670640000000000       7.847598392776940E-003
  0.670720000000000       7.847853828989566E-003
  0.670800000000000       7.848109069881100E-003
  0.670880000000000       7.848364116240243E-003
  0.670960000000000       7.848618967335137E-003
  0.671040000000000       7.848873623812376E-003
  0.671120000000000       7.849128085110631E-003
  0.671200000000000       7.849382351173058E-003
  0.671280000000000       7.849636422809676E-003
  0.671360000000000       7.849890299324154E-003
  0.671440000000000       7.850143980588593E-003
  0.671520000000000       7.850397466929844E-003
  0.671600000000000       7.850650758454487E-003
  0.671680000000000       7.850903854871201E-003
  0.671760000000000       7.851156756577889E-003
  0.671840000000000       7.851409462686372E-003
  0.671920000000000       7.851661974191411E-003
  0.672000000000000       7.851914290780367E-003
  0.672080000000000       7.852166412041124E-003
  0.672160000000000       7.852418338904495E-003
  0.672240000000000       7.852670070183872E-003
  0.672320000000000       7.852921606568482E-003
  0.672400000000000       7.853172947937533E-003
  0.672480000000000       7.853424094418922E-003
  0.672560000000000       7.853675046133442E-003
  0.672640000000000       7.853925802313706E-003
  0.672720000000000       7.854176363400252E-003
  0.672800000000000       7.854426729712823E-003
  0.672880000000000       7.854676901059572E-003
  0.672960000000000       7.854926877291286E-003
  0.673040000000000       7.855176658429282E-003
  0.673120000000000       7.855426244729354E-003
  0.673200000000000       7.855675635438326E-003
  0.673280000000000       7.855924831437273E-003
  0.673360000000000       7.856173832463294E-003
  0.673440000000000       7.856422638509282E-003
  0.673520000000000       7.856671249163123E-003
  0.673600000000000       7.856919664772984E-003
  0.673680000000000       7.857167885878875E-003
  0.673760000000000       7.857415911137873E-003
  0.673840000000000       7.857663741871586E-003
  0.673920000000000       7.857911377277101E-003
  0.674000000000000       7.858158817603107E-003
  0.674080000000000       7.858406062828290E-003
  0.674160000000000       7.858653113187127E-003
  0.674240000000000       7.858899967812756E-003
  0.674320000000000       7.859146628168896E-003
  0.674400000000000       7.859393093111573E-003
  0.674480000000000       7.859639362768685E-003
  0.674560000000000       7.859885437168652E-003
  0.674640000000000       7.860131317078863E-003
  0.674720000000000       7.860377001660875E-003
  0.674800000000000       7.860622490815213E-003
  0.674880000000000       7.860867785216892E-003
  0.674960000000000       7.861112884333006E-003
  0.675040000000000       7.861357787822494E-003
  0.675120000000000       7.861602497042493E-003
  0.675200000000000       7.861847010770869E-003
  0.675280000000000       7.862091329320260E-003
  0.675360000000000       7.862335452953569E-003
  0.675440000000000       7.862579381173414E-003
  0.675520000000000       7.862823114491387E-003
  0.675600000000000       7.863066652253788E-003
  0.675680000000000       7.863309995185370E-003
  0.675760000000000       7.863553142987707E-003
  0.675840000000000       7.863796095440530E-003
  0.675920000000000       7.864038852892004E-003
  0.676000000000000       7.864281414901593E-003
  0.676080000000000       7.864523781916939E-003
  0.676160000000000       7.864765953824356E-003
  0.676240000000000       7.865007930360941E-003
  0.676320000000000       7.865249712279872E-003
  0.676400000000000       7.865491298515333E-003
  0.676480000000000       7.865732689564704E-003
  0.676560000000000       7.865973885392459E-003
  0.676640000000000       7.866214886588348E-003
  0.676720000000000       7.866455691844972E-003
  0.676800000000000       7.866696302014982E-003
  0.676880000000000       7.866936717332858E-003
  0.676960000000000       7.867176937684912E-003
  0.677040000000000       7.867416962452974E-003
  0.677120000000000       7.867656791828888E-003
  0.677200000000000       7.867896426381089E-003
  0.677280000000000       7.868135865470090E-003
  0.677360000000000       7.868375109351684E-003
  0.677440000000000       7.868614158246141E-003
  0.677520000000000       7.868853011720030E-003
  0.677600000000000       7.869091670192570E-003
  0.677680000000000       7.869330132626369E-003
  0.677760000000000       7.869568400783573E-003
  0.677840000000000       7.869806473392311E-003
  0.677920000000000       7.870044350729695E-003
  0.678000000000000       7.870282032944938E-003
  0.678080000000000       7.870519519483817E-003
  0.678160000000000       7.870756811262931E-003
  0.678240000000000       7.870993907507791E-003
  0.678320000000000       7.871230808857883E-003
  0.678400000000000       7.871467514282922E-003
  0.678480000000000       7.871704025033462E-003
  0.678560000000000       7.871940340235535E-003
  0.678640000000000       7.872176460422049E-003
  0.678720000000000       7.872412385095624E-003
  0.678800000000000       7.872648114746535E-003
  0.678880000000000       7.872883648806346E-003
  0.678960000000000       7.873118987786649E-003
  0.679040000000000       7.873354131644812E-003
  0.679120000000000       7.873589079720029E-003
  0.679200000000000       7.873823832829425E-003
  0.679280000000000       7.874058390646151E-003
  0.679360000000000       7.874292753312313E-003
  0.679440000000000       7.874526920408693E-003
  0.679520000000000       7.874760892318984E-003
  0.679600000000000       7.874994669043185E-003
  0.679680000000000       7.875228249984441E-003
  0.679760000000000       7.875461636052246E-003
  0.679840000000000       7.875694826706588E-003
  0.679920000000000       7.875927822139313E-003
  0.680000000000000       7.876160622265156E-003
  0.680080000000000       7.876393227034380E-003
  0.680160000000000       7.876625636184083E-003
  0.680240000000000       7.876857850467441E-003
  0.680320000000000       7.877089868918115E-003
  0.680400000000000       7.877321692509549E-003
  0.680480000000000       7.877553320488569E-003
  0.680560000000000       7.877784753515978E-003
  0.680640000000000       7.878015990390959E-003
  0.680720000000000       7.878247032527493E-003
  0.680800000000000       7.878477879286090E-003
  0.680880000000000       7.878708530524643E-003
  0.680960000000000       7.878938986555790E-003
  0.681040000000000       7.879169247045577E-003
  0.681120000000000       7.879399312612174E-003
  0.681200000000000       7.879629182395827E-003
  0.681280000000000       7.879858856787332E-003
  0.681360000000000       7.880088335907483E-003
  0.681440000000000       7.880317619941020E-003
  0.681520000000000       7.880546708454512E-003
  0.681600000000000       7.880775601057162E-003
  0.681680000000000       7.881004298672674E-003
  0.681760000000000       7.881232801009726E-003
  0.681840000000000       7.881461108047001E-003
  0.681920000000000       7.881689219656603E-003
  0.682000000000000       7.881917135774581E-003
  0.682080000000000       7.882144856422253E-003
  0.682160000000000       7.882372381642251E-003
  0.682240000000000       7.882599711718792E-003
  0.682320000000000       7.882826846360554E-003
  0.682400000000000       7.883053785176737E-003
  0.682480000000000       7.883280528963151E-003
  0.682560000000000       7.883507077030567E-003
  0.682640000000000       7.883733430068214E-003
  0.682720000000000       7.883959587472129E-003
  0.682800000000000       7.884185549597585E-003
  0.682880000000000       7.884411316018254E-003
  0.682960000000000       7.884636887522840E-003
  0.683040000000000       7.884862263230270E-003
  0.683120000000000       7.885087443524237E-003
  0.683200000000000       7.885312428042364E-003
  0.683280000000000       7.885537217537826E-003
  0.683360000000000       7.885761811747723E-003
  0.683440000000000       7.885986210167568E-003
  0.683520000000000       7.886210413316060E-003
  0.683600000000000       7.886434420710027E-003
  0.683680000000000       7.886658233244755E-003
  0.683760000000000       7.886881849932588E-003
  0.683840000000000       7.887105271235380E-003
  0.683920000000000       7.887328496847597E-003
  0.684000000000000       7.887551527579258E-003
  0.684080000000000       7.887774362080331E-003
  0.684160000000000       7.887997001736376E-003
  0.684240000000000       7.888219445531315E-003
  0.684320000000000       7.888441693927002E-003
  0.684400000000000       7.888663747044229E-003
  0.684480000000000       7.888885604605884E-003
  0.684560000000000       7.889107266242486E-003
  0.684640000000000       7.889328733289853E-003
  0.684720000000000       7.889550004177688E-003
  0.684800000000000       7.889771079644954E-003
  0.684880000000000       7.889991959904814E-003
  0.684960000000000       7.890212644509627E-003
  0.685040000000000       7.890433133558868E-003
  0.685120000000000       7.890653426867796E-003
  0.685200000000000       7.890873525168270E-003
  0.685280000000000       7.891093427714220E-003
  0.685360000000000       7.891313134384854E-003
  0.685440000000000       7.891532646110984E-003
  0.685520000000000       7.891751962153644E-003
  0.685600000000000       7.891971082406253E-003
  0.685680000000000       7.892190007607776E-003
  0.685760000000000       7.892408737275043E-003
  0.685840000000000       7.892627270583825E-003
  0.685920000000000       7.892845609040473E-003
  0.686000000000000       7.893063752311032E-003
  0.686080000000000       7.893281699613904E-003
  0.686160000000000       7.893499451190673E-003
  0.686240000000000       7.893717007481878E-003
  0.686320000000000       7.893934368167772E-003
  0.686400000000000       7.894151533497047E-003
  0.686480000000000       7.894368502851530E-003
  0.686560000000000       7.894585276806761E-003
  0.686640000000000       7.894801855476426E-003
  0.686720000000000       7.895018238185510E-003
  0.686800000000000       7.895234425907456E-003
  0.686880000000000       7.895450417548029E-003
  0.686960000000000       7.895666213625925E-003
  0.687040000000000       7.895881814482204E-003
  0.687120000000000       7.896097219555538E-003
  0.687200000000000       7.896312429094617E-003
  0.687280000000000       7.896527442609165E-003
  0.687360000000000       7.896742261101049E-003
  0.687440000000000       7.896956883589719E-003
  0.687520000000000       7.897171311375469E-003
  0.687600000000000       7.897385542930631E-003
  0.687680000000000       7.897599578965749E-003
  0.687760000000000       7.897813419317397E-003
  0.687840000000000       7.898027064269793E-003
  0.687920000000000       7.898240513481876E-003
  0.688000000000000       7.898453767259180E-003
  0.688080000000000       7.898666825267749E-003
  0.688160000000000       7.898879687393896E-003
  0.688240000000000       7.899092354440536E-003
  0.688320000000000       7.899304825469751E-003
  0.688400000000000       7.899517101184979E-003
  0.688480000000000       7.899729180939626E-003
  0.688560000000000       7.899941065437129E-003
  0.688640000000000       7.900152754087737E-003
  0.688720000000000       7.900364247140142E-003
  0.688800000000000       7.900575544914086E-003
  0.688880000000000       7.900786646407705E-003
  0.688960000000000       7.900997552963925E-003
  0.689040000000000       7.901208263246924E-003
  0.689120000000000       7.901418778272780E-003
  0.689200000000000       7.901629097316738E-003
  0.689280000000000       7.901839221188818E-003
  0.689360000000000       7.902049149093211E-003
  0.689440000000000       7.902258881648090E-003
  0.689520000000000       7.902468418221072E-003
  0.689600000000000       7.902677759508488E-003
  0.689680000000000       7.902886904764268E-003
  0.689760000000000       7.903095854599480E-003
  0.689840000000000       7.903304608879121E-003
  0.689920000000000       7.903513167169758E-003
  0.690000000000000       7.903721529833770E-003
  0.690080000000000       7.903929697048791E-003
  0.690160000000000       7.904137668289020E-003
  0.690240000000000       7.904345444236578E-003
  0.690320000000000       7.904553024017498E-003
  0.690400000000000       7.904760408747331E-003
  0.690480000000000       7.904967597331843E-003
  0.690560000000000       7.905174590282622E-003
  0.690640000000000       7.905381387713357E-003
  0.690720000000000       7.905587989275882E-003
  0.690800000000000       7.905794395517314E-003
  0.690880000000000       7.906000605648951E-003
  0.690960000000000       7.906206620203700E-003
  0.691040000000000       7.906412439060768E-003
  0.691120000000000       7.906618062440425E-003
  0.691200000000000       7.906823489596600E-003
  0.691280000000000       7.907028721516947E-003
  0.691360000000000       7.907233757689876E-003
  0.691440000000000       7.907438597987489E-003
  0.691520000000000       7.907643242452418E-003
  0.691600000000000       7.907847691560728E-003
  0.691680000000000       7.908051944708457E-003
  0.691760000000000       7.908256002037713E-003
  0.691840000000000       7.908459863839819E-003
  0.691920000000000       7.908663529780820E-003
  0.692000000000000       7.908867000215987E-003
  0.692080000000000       7.909070274790049E-003
  0.692160000000000       7.909273353595377E-003
  0.692240000000000       7.909476236589337E-003
  0.692320000000000       7.909678924311943E-003
  0.692400000000000       7.909881415796856E-003
  0.692480000000000       7.910083711463296E-003
  0.692560000000000       7.910285811424951E-003
  0.692640000000000       7.910487716122357E-003
  0.692720000000000       7.910689424788127E-003
  0.692800000000000       7.910890937535948E-003
  0.692880000000000       7.911092254756620E-003
  0.692960000000000       7.911293375739599E-003
  0.693040000000000       7.911494301479645E-003
  0.693120000000000       7.911695031522011E-003
  0.693200000000000       7.911895565355105E-003
  0.693280000000000       7.912095903668155E-003
  0.693360000000000       7.912296046311947E-003
  0.693440000000000       7.912495993172793E-003
  0.693520000000000       7.912695743803051E-003
  0.693600000000000       7.912895299147744E-003
  0.693680000000000       7.913094658347115E-003
  0.693760000000000       7.913293822268026E-003
  0.693840000000000       7.913492790334938E-003
  0.693920000000000       7.913691562618903E-003
  0.694000000000000       7.913890138587017E-003
  0.694080000000000       7.914088519290881E-003
  0.694160000000000       7.914286703941793E-003
  0.694240000000000       7.914484692731601E-003
  0.694320000000000       7.914682485766884E-003
  0.694400000000000       7.914880082870009E-003
  0.694480000000000       7.915077484708884E-003
  0.694560000000000       7.915274689883740E-003
  0.694640000000000       7.915471700234884E-003
  0.694720000000000       7.915668514199121E-003
  0.694800000000000       7.915865132501206E-003
  0.694880000000000       7.916061554984817E-003
  0.694960000000000       7.916257781671272E-003
  0.695040000000000       7.916453812418463E-003
  0.695120000000000       7.916649647460867E-003
  0.695200000000000       7.916845286585324E-003
  0.695280000000000       7.917040729898413E-003
  0.695360000000000       7.917235977734090E-003
  0.695440000000000       7.917431028948381E-003
  0.695520000000000       7.917625884798947E-003
  0.695600000000000       7.917820544781302E-003
  0.695680000000000       7.918015009158348E-003
  0.695760000000000       7.918209277439810E-003
  0.695840000000000       7.918403350009380E-003
  0.695920000000000       7.918597226568631E-003
  0.696000000000000       7.918790907543889E-003
  0.696080000000000       7.918984392146451E-003
  0.696160000000000       7.919177681562924E-003
  0.696240000000000       7.919370774699071E-003
  0.696320000000000       7.919563672144643E-003
  0.696400000000000       7.919756373551474E-003
  0.696480000000000       7.919948879132728E-003
  0.696560000000000       7.920141188646819E-003
  0.696640000000000       7.920333302782974E-003
  0.696720000000000       7.920525220660120E-003
  0.696800000000000       7.920716942782742E-003
  0.696880000000000       7.920908469385320E-003
  0.696960000000000       7.921099799927840E-003
  0.697040000000000       7.921290934246879E-003
  0.697120000000000       7.921481872953502E-003
  0.697200000000000       7.921672615713755E-003
  0.697280000000000       7.921863162904226E-003
  0.697360000000000       7.922053513807266E-003
  0.697440000000000       7.922243668969993E-003
  0.697520000000000       7.922433628179244E-003
  0.697600000000000       7.922623391584234E-003
  0.697680000000000       7.922812959177856E-003
  0.697760000000000       7.923002330562208E-003
  0.697840000000000       7.923191506113876E-003
  0.697920000000000       7.923380486145500E-003
  0.698000000000000       7.923569269740478E-003
  0.698080000000000       7.923757857829623E-003
  0.698160000000000       7.923946249929766E-003
  0.698240000000000       7.924134445955640E-003
  0.698320000000000       7.924322446084882E-003
  0.698400000000000       7.924510250530654E-003
  0.698480000000000       7.924697858930581E-003
  0.698560000000000       7.924885271483613E-003
  0.698640000000000       7.925072488189751E-003
  0.698720000000000       7.925259508580036E-003
  0.698800000000000       7.925446333421855E-003
  0.698880000000000       7.925632962075720E-003
  0.698960000000000       7.925819394840057E-003
  0.699040000000000       7.926005631721973E-003
  0.699120000000000       7.926191672536727E-003
  0.699200000000000       7.926377517739065E-003
  0.699280000000000       7.926563166803187E-003
  0.699360000000000       7.926748620141207E-003
  0.699440000000000       7.926933877319693E-003
  0.699520000000000       7.927118938523388E-003
  0.699600000000000       7.927303803809134E-003
  0.699680000000000       7.927488473020612E-003
  0.699760000000000       7.927672946690729E-003
  0.699840000000000       7.927857224258157E-003
  0.699920000000000       7.928041305708684E-003
  0.700000000000000       7.928225191219947E-003
  0.700080000000000       7.928408881040634E-003
  0.700160000000000       7.928592374609418E-003
  0.700240000000000       7.928775672182094E-003
  0.700320000000000       7.928958773787083E-003
  0.700400000000000       7.929141679523861E-003
  0.700480000000000       7.929324389463484E-003
  0.700560000000000       7.929506903335944E-003
  0.700640000000000       7.929689220594123E-003
  0.700720000000000       7.929871342524104E-003
  0.700800000000000       7.930053268720878E-003
  0.700880000000000       7.930234998424164E-003
  0.700960000000000       7.930416532330294E-003
  0.701040000000000       7.930597870226104E-003
  0.701120000000000       7.930779011926854E-003
  0.701200000000000       7.930959958242563E-003
  0.701280000000000       7.931140708150049E-003
  0.701360000000000       7.931321261990372E-003
  0.701440000000000       7.931501619777744E-003
  0.701520000000000       7.931681781867435E-003
  0.701600000000000       7.931861747826015E-003
  0.701680000000000       7.932041517731643E-003
  0.701760000000000       7.932221091882748E-003
  0.701840000000000       7.932400469845897E-003
  0.701920000000000       7.932579651699252E-003
  0.702000000000000       7.932758637442812E-003
  0.702080000000000       7.932937427375004E-003
  0.702160000000000       7.933116021325300E-003
  0.702240000000000       7.933294419300803E-003
  0.702320000000000       7.933472621230460E-003
  0.702400000000000       7.933650626929530E-003
  0.702480000000000       7.933828436668018E-003
  0.702560000000000       7.934006050538296E-003
  0.702640000000000       7.934183468291674E-003
  0.702720000000000       7.934360690098681E-003
  0.702800000000000       7.934537715866948E-003
  0.702880000000000       7.934714545660422E-003
  0.702960000000000       7.934891179344102E-003
  0.703040000000000       7.935067616726139E-003
  0.703120000000000       7.935243858481551E-003
  0.703200000000000       7.935419903985060E-003
  0.703280000000000       7.935595753599041E-003
  0.703360000000000       7.935771407025068E-003
  0.703440000000000       7.935946864227612E-003
  0.703520000000000       7.936122125384311E-003
  0.703600000000000       7.936297190885962E-003
  0.703680000000000       7.936472060313345E-003
  0.703760000000000       7.936646733225923E-003
  0.703840000000000       7.936821210483454E-003
  0.703920000000000       7.936995491652506E-003
  0.704000000000000       7.937169576384913E-003
  0.704080000000000       7.937343465554643E-003
  0.704160000000000       7.937517158372993E-003
  0.704240000000000       7.937690655273395E-003
  0.704320000000000       7.937863955808207E-003
  0.704400000000000       7.938037060886922E-003
  0.704480000000000       7.938209969308725E-003
  0.704560000000000       7.938382681869423E-003
  0.704640000000000       7.938555198320325E-003
  0.704720000000000       7.938727518682749E-003
  0.704800000000000       7.938899643411441E-003
  0.704880000000000       7.939071571383745E-003
  0.704960000000000       7.939243303750738E-003
  0.705040000000000       7.939414839446608E-003
  0.705120000000000       7.939586179558485E-003
  0.705200000000000       7.939757323517933E-003
  0.705280000000000       7.939928271502590E-003
  0.705360000000000       7.940099022837439E-003
  0.705440000000000       7.940269578822774E-003
  0.705520000000000       7.940439938371464E-003
  0.705600000000000       7.940610101618513E-003
  0.705680000000000       7.940780069189197E-003
  0.705760000000000       7.940949840223761E-003
  0.705840000000000       7.941119415532223E-003
  0.705920000000000       7.941288794446673E-003
  0.706000000000000       7.941457977322382E-003
  0.706080000000000       7.941626964315669E-003
  0.706160000000000       7.941795754758625E-003
  0.706240000000000       7.941964349539428E-003
  0.706320000000000       7.942132747833848E-003
  0.706400000000000       7.942300950046895E-003
  0.706480000000000       7.942468956583577E-003
  0.706560000000000       7.942636766797302E-003
  0.706640000000000       7.942804380432274E-003
  0.706720000000000       7.942971798227456E-003
  0.706800000000000       7.943139020452857E-003
  0.706880000000000       7.943306045928973E-003
  0.706960000000000       7.943472875323716E-003
  0.707040000000000       7.943639508793406E-003
  0.707120000000000       7.943805945833556E-003
  0.707200000000000       7.943972186969968E-003
  0.707280000000000       7.944138232131588E-003
  0.707360000000000       7.944304080657612E-003
  0.707440000000000       7.944469733073840E-003
  0.707520000000000       7.944635190147660E-003
  0.707600000000000       7.944800450394036E-003
  0.707680000000000       7.944965514594567E-003
  0.707760000000000       7.945130382621353E-003
  0.707840000000000       7.945295054772823E-003
  0.707920000000000       7.945459530480543E-003
  0.708000000000000       7.945623810014520E-003
  0.708080000000000       7.945787893623442E-003
  0.708160000000000       7.945951780817036E-003
  0.708240000000000       7.946115472099786E-003
  0.708320000000000       7.946278967237215E-003
  0.708400000000000       7.946442266065896E-003
  0.708480000000000       7.946605368806099E-003
  0.708560000000000       7.946768275315715E-003
  0.708640000000000       7.946930985743957E-003
  0.708720000000000       7.947093499685816E-003
  0.708800000000000       7.947255817915784E-003
  0.708880000000000       7.947417939879638E-003
  0.708960000000000       7.947579865385530E-003
  0.709040000000000       7.947741594774523E-003
  0.709120000000000       7.947903128266882E-003
  0.709200000000000       7.948064465287071E-003
  0.709280000000000       7.948225606481681E-003
  0.709360000000000       7.948386551097537E-003
  0.709440000000000       7.948547299774129E-003
  0.709520000000000       7.948707852348032E-003
  0.709600000000000       7.948868208421341E-003
  0.709680000000000       7.949028368868023E-003
  0.709760000000000       7.949188332423314E-003
  0.709840000000000       7.949348100494087E-003
  0.709920000000000       7.949507671666363E-003
  0.710000000000000       7.949667046814109E-003
  0.710080000000000       7.949826225972852E-003
  0.710160000000000       7.949985208638106E-003
  0.710240000000000       7.950143995385413E-003
  0.710320000000000       7.950302586022924E-003
  0.710400000000000       7.950460980273528E-003
  0.710480000000000       7.950619178229597E-003
  0.710560000000000       7.950777180289033E-003
  0.710640000000000       7.950934985783926E-003
  0.710720000000000       7.951092595367977E-003
  0.710800000000000       7.951250008465645E-003
  0.710880000000000       7.951407225552994E-003
  0.710960000000000       7.951564246388439E-003
  0.711040000000000       7.951721070829872E-003
  0.711120000000000       7.951877699111772E-003
  0.711200000000000       7.952034131632042E-003
  0.711280000000000       7.952190367516716E-003
  0.711360000000000       7.952346407156592E-003
  0.711440000000000       7.952502250963785E-003
  0.711520000000000       7.952657897794320E-003
  0.711600000000000       7.952813349012440E-003
  0.711680000000000       7.952968603801021E-003
  0.711760000000000       7.953123662188484E-003
  0.711840000000000       7.953278524601155E-003
  0.711920000000000       7.953433190697974E-003
  0.712000000000000       7.953587660727630E-003
  0.712080000000000       7.953741934100374E-003
  0.712160000000000       7.953896011498325E-003
  0.712240000000000       7.954049892921485E-003
  0.712320000000000       7.954203578121162E-003
  0.712400000000000       7.954357066344182E-003
  0.712480000000000       7.954510358663465E-003
  0.712560000000000       7.954663455128748E-003
  0.712640000000000       7.954816355015278E-003
  0.712720000000000       7.954969058699642E-003
  0.712800000000000       7.955121566096575E-003
  0.712880000000000       7.955273877085285E-003
  0.712960000000000       7.955425991992622E-003
  0.713040000000000       7.955577910697793E-003
  0.713120000000000       7.955729633143956E-003
  0.713200000000000       7.955881159210317E-003
  0.713280000000000       7.956032489088723E-003
  0.713360000000000       7.956183622551800E-003
  0.713440000000000       7.956334560025875E-003
  0.713520000000000       7.956485300906986E-003
  0.713600000000000       7.956635845941203E-003
  0.713680000000000       7.956786194425088E-003
  0.713760000000000       7.956936347040762E-003
  0.713840000000000       7.957086302985313E-003
  0.713920000000000       7.957236062479008E-003
  0.714000000000000       7.957385625912645E-003
  0.714080000000000       7.957534993414124E-003
  0.714160000000000       7.957684164152108E-003
  0.714240000000000       7.957833138851352E-003
  0.714320000000000       7.957981917192110E-003
  0.714400000000000       7.958130499046485E-003
  0.714480000000000       7.958278885167654E-003
  0.714560000000000       7.958427074624803E-003
  0.714640000000000       7.958575067616887E-003
  0.714720000000000       7.958722864421015E-003
  0.714800000000000       7.958870465086927E-003
  0.714880000000000       7.959017869557779E-003
  0.714960000000000       7.959165077670145E-003
  0.715040000000000       7.959312089104283E-003
  0.715120000000000       7.959458905004164E-003
  0.715200000000000       7.959605524033971E-003
  0.715280000000000       7.959751946833189E-003
  0.715360000000000       7.959898173465769E-003
  0.715440000000000       7.960044203853552E-003
  0.715520000000000       7.960190037648369E-003
  0.715600000000000       7.960335675155757E-003
  0.715680000000000       7.960481116631508E-003
  0.715760000000000       7.960626361556929E-003
  0.715840000000000       7.960771410550189E-003
  0.715920000000000       7.960916262993119E-003
  0.716000000000000       7.961060918907033E-003
  0.716080000000000       7.961205378789311E-003
  0.716160000000000       7.961349642369948E-003
  0.716240000000000       7.961493709464203E-003
  0.716320000000000       7.961637580235499E-003
  0.716400000000000       7.961781254726470E-003
  0.716480000000000       7.961924733079224E-003
  0.716560000000000       7.962068015009545E-003
  0.716640000000000       7.962211100204793E-003
  0.716720000000000       7.962353989766309E-003
  0.716800000000000       7.962496682791705E-003
  0.716880000000000       7.962639179423088E-003
  0.716960000000000       7.962781479695986E-003
  0.717040000000000       7.962923583617505E-003
  0.717120000000000       7.963065491109485E-003
  0.717200000000000       7.963207202342455E-003
  0.717280000000000       7.963348717259573E-003
  0.717360000000000       7.963490035988736E-003
  0.717440000000000       7.963631158494418E-003
  0.717520000000000       7.963772084428451E-003
  0.717600000000000       7.963912814039527E-003
  0.717680000000000       7.964053347057638E-003
  0.717760000000000       7.964193684243066E-003
  0.717840000000000       7.964333824871057E-003
  0.717920000000000       7.964473769097931E-003
  0.718000000000000       7.964613516781578E-003
  0.718080000000000       7.964753068184900E-003
  0.718160000000000       7.964892423428689E-003
  0.718240000000000       7.965031582321098E-003
  0.718320000000000       7.965170544734231E-003
  0.718400000000000       7.965309310810194E-003
  0.718480000000000       7.965447880605832E-003
  0.718560000000000       7.965586254305886E-003
  0.718640000000000       7.965724431121653E-003
  0.718720000000000       7.965862411941312E-003
  0.718800000000000       7.966000196494856E-003
  0.718880000000000       7.966137784618861E-003
  0.718960000000000       7.966275176000688E-003
  0.719040000000000       7.966412371237193E-003
  0.719120000000000       7.966549370328375E-003
  0.719200000000000       7.966686172670275E-003
  0.719280000000000       7.966822779051592E-003
  0.719360000000000       7.966959188712049E-003
  0.719440000000000       7.967095402319553E-003
  0.719520000000000       7.967231419263039E-003
  0.719600000000000       7.967367239983043E-003
  0.719680000000000       7.967502864564831E-003
  0.719760000000000       7.967638292425756E-003
  0.719840000000000       7.967773523992146E-003
  0.719920000000000       7.967908559477162E-003
  0.720000000000000       7.968043398347897E-003
  0.720080000000000       7.968178040625669E-003
  0.720160000000000       7.968312486644431E-003
  0.720240000000000       7.968446736006281E-003
  0.720320000000000       7.968580789457287E-003
  0.720400000000000       7.968714646706128E-003
  0.720480000000000       7.968848307319372E-003
  0.720560000000000       7.968981771510182E-003
  0.720640000000000       7.969115039058290E-003
  0.720720000000000       7.969248110610290E-003
  0.720800000000000       7.969380985384585E-003
  0.720880000000000       7.969513664027768E-003
  0.720960000000000       7.969646146284044E-003
  0.721040000000000       7.969778431989989E-003
  0.721120000000000       7.969910521316133E-003
  0.721200000000000       7.970042414731433E-003
  0.721280000000000       7.970174111234025E-003
  0.721360000000000       7.970305611541557E-003
  0.721440000000000       7.970436915348496E-003
  0.721520000000000       7.970568023024323E-003
  0.721600000000000       7.970698933716387E-003
  0.721680000000000       7.970829648554452E-003
  0.721760000000000       7.970960166707182E-003
  0.721840000000000       7.971090488394846E-003
  0.721920000000000       7.971220614001136E-003
  0.722000000000000       7.971350542950513E-003
  0.722080000000000       7.971480275370875E-003
  0.722160000000000       7.971609811574860E-003
  0.722240000000000       7.971739151484310E-003
  0.722320000000000       7.971868295056590E-003
  0.722400000000000       7.971997241886693E-003
  0.722480000000000       7.972125992578578E-003
  0.722560000000000       7.972254546528286E-003
  0.722640000000000       7.972382904318460E-003
  0.722720000000000       7.972511065693307E-003
  0.722800000000000       7.972639030617297E-003
  0.722880000000000       7.972766798770688E-003
  0.722960000000000       7.972894370750334E-003
  0.723040000000000       7.973021746542026E-003
  0.723120000000000       7.973148925811809E-003
  0.723200000000000       7.973275908509943E-003
  0.723280000000000       7.973402694856697E-003
  0.723360000000000       7.973529284809440E-003
  0.723440000000000       7.973655678226062E-003
  0.723520000000000       7.973781875213144E-003
  0.723600000000000       7.973907876076221E-003
  0.723680000000000       7.974033680168698E-003
  0.723760000000000       7.974159287732159E-003
  0.723840000000000       7.974284699136087E-003
  0.723920000000000       7.974409914394694E-003
  0.724000000000000       7.974534932868489E-003
  0.724080000000000       7.974659754969589E-003
  0.724160000000000       7.974784380690887E-003
  0.724240000000000       7.974908809598953E-003
  0.724320000000000       7.975033042482489E-003
  0.724400000000000       7.975157078616742E-003
  0.724480000000000       7.975280918186452E-003
  0.724560000000000       7.975404561845319E-003
  0.724640000000000       7.975528008904116E-003
  0.724720000000000       7.975651259497847E-003
  0.724800000000000       7.975774313420454E-003
  0.724880000000000       7.975897170920627E-003
  0.724960000000000       7.976019832417587E-003
  0.725040000000000       7.976142297129736E-003
  0.725120000000000       7.976264565184972E-003
  0.725200000000000       7.976386637030937E-003
  0.725280000000000       7.976508512681842E-003
  0.725360000000000       7.976630191235297E-003
  0.725440000000000       7.976751674105283E-003
  0.725520000000000       7.976872960112298E-003
  0.725600000000000       7.976994049156867E-003
  0.725680000000000       7.977114942517967E-003
  0.725760000000000       7.977235639449527E-003
  0.725840000000000       7.977356139560750E-003
  0.725920000000000       7.977476443079008E-003
  0.726000000000000       7.977596550267203E-003
  0.726080000000000       7.977716461587188E-003
  0.726160000000000       7.977836175667614E-003
  0.726240000000000       7.977955693545875E-003
  0.726320000000000       7.978075015108284E-003
  0.726400000000000       7.978194139907198E-003
  0.726480000000000       7.978313068169991E-003
  0.726560000000000       7.978431800408255E-003
  0.726640000000000       7.978550336010921E-003
  0.726720000000000       7.978668675290630E-003
  0.726800000000000       7.978786817586576E-003
  0.726880000000000       7.978904763914836E-003
  0.726960000000000       7.979022513593288E-003
  0.727040000000000       7.979140066835096E-003
  0.727120000000000       7.979257423498150E-003
  0.727200000000000       7.979374583895089E-003
  0.727280000000000       7.979491547620905E-003
  0.727360000000000       7.979608315030869E-003
  0.727440000000000       7.979724885791024E-003
  0.727520000000000       7.979841260263749E-003
  0.727600000000000       7.979957438093772E-003
  0.727680000000000       7.980073419380569E-003
  0.727760000000000       7.980189204344408E-003
  0.727840000000000       7.980304792637123E-003
  0.727920000000000       7.980420184713462E-003
  0.728000000000000       7.980535380054728E-003
  0.728080000000000       7.980650379208039E-003
  0.728160000000000       7.980765181782597E-003
  0.728240000000000       7.980879787771296E-003
  0.728320000000000       7.980994197273612E-003
  0.728400000000000       7.981108410218492E-003
  0.728480000000000       7.981222426868835E-003
  0.728560000000000       7.981336246663313E-003
  0.728640000000000       7.981449870312469E-003
  0.728720000000000       7.981563297503665E-003
  0.728800000000000       7.981676528229793E-003
  0.728880000000000       7.981789562320325E-003
  0.728960000000000       7.981902399910264E-003
  0.729040000000000       7.982015040850395E-003
  0.729120000000000       7.982127485439146E-003
  0.729200000000000       7.982239733697834E-003
  0.729280000000000       7.982351785072235E-003
  0.729360000000000       7.982463640670796E-003
  0.729440000000000       7.982575299306911E-003
  0.729520000000000       7.982686761222164E-003
  0.729600000000000       7.982798027027622E-003
  0.729680000000000       7.982909096204589E-003
  0.729760000000000       7.983019968504375E-003
  0.729840000000000       7.983130644957266E-003
  0.729920000000000       7.983241124483238E-003
  0.730000000000000       7.983351407551249E-003
  0.730080000000000       7.983461494225248E-003
  0.730160000000000       7.983571384213912E-003
  0.730240000000000       7.983681077829881E-003
  0.730320000000000       7.983790574987888E-003
  0.730400000000000       7.983899875425034E-003
  0.730480000000000       7.984008979553432E-003
  0.730560000000000       7.984117886911231E-003
  0.730640000000000       7.984226598187656E-003
  0.730720000000000       7.984335112999015E-003
  0.730800000000000       7.984443430464234E-003
  0.730880000000000       7.984551552473358E-003
  0.730960000000000       7.984659477171870E-003
  0.731040000000000       7.984767206137174E-003
  0.731120000000000       7.984874737919763E-003
  0.731200000000000       7.984982073336762E-003
  0.731280000000000       7.985089212118164E-003
  0.731360000000000       7.985196154377656E-003
  0.731440000000000       7.985302900676568E-003
  0.731520000000000       7.985409449835397E-003
  0.731600000000000       7.985515802784955E-003
  0.731680000000000       7.985621959383134E-003
  0.731760000000000       7.985727919168080E-003
  0.731840000000000       7.985833682161110E-003
  0.731920000000000       7.985939249207770E-003
  0.732000000000000       7.986044619377249E-003
  0.732080000000000       7.986149793188242E-003
  0.732160000000000       7.986254770633645E-003
  0.732240000000000       7.986359551059759E-003
  0.732320000000000       7.986464135162914E-003
  0.732400000000000       7.986568522751265E-003
  0.732480000000000       7.986672714066397E-003
  0.732560000000000       7.986776708532768E-003
  0.732640000000000       7.986880506768552E-003
  0.732720000000000       7.986984108070312E-003
  0.732800000000000       7.987087513070430E-003
  0.732880000000000       7.987190721655220E-003
  0.732960000000000       7.987293733782048E-003
  0.733040000000000       7.987396549223542E-003
  0.733120000000000       7.987499167844699E-003
  0.733200000000000       7.987601590235267E-003
  0.733280000000000       7.987703815968923E-003
  0.733360000000000       7.987805845173564E-003
  0.733440000000000       7.987907677771029E-003
  0.733520000000000       7.988009314493179E-003
  0.733600000000000       7.988110753755502E-003
  0.733680000000000       7.988211997014612E-003
  0.733760000000000       7.988313043631019E-003
  0.733840000000000       7.988413893853415E-003
  0.733920000000000       7.988514547163102E-003
  0.734000000000000       7.988615004355888E-003
  0.734080000000000       7.988715264621755E-003
  0.734160000000000       7.988815328699668E-003
  0.734240000000000       7.988915195680131E-003
  0.734320000000000       7.989014866671591E-003
  0.734400000000000       7.989114340828503E-003
  0.734480000000000       7.989213618818776E-003
  0.734560000000000       7.989312700109504E-003
  0.734640000000000       7.989411584473312E-003
  0.734720000000000       7.989510272741536E-003
  0.734800000000000       7.989608764260477E-003
  0.734880000000000       7.989707059236191E-003
  0.734960000000000       7.989805157512360E-003
  0.735040000000000       7.989903059472676E-003
  0.735120000000000       7.990000765074508E-003
  0.735200000000000       7.990098273799158E-003
  0.735280000000000       7.990195585902422E-003
  0.735360000000000       7.990292701490882E-003
  0.735440000000000       7.990389620784806E-003
  0.735520000000000       7.990486343443133E-003
  0.735600000000000       7.990582869529812E-003
  0.735680000000000       7.990679198895630E-003
  0.735760000000000       7.990775331988227E-003
  0.735840000000000       7.990871268566020E-003
  0.735920000000000       7.990967008557955E-003
  0.736000000000000       7.991062551793500E-003
  0.736080000000000       7.991157898428976E-003
  0.736160000000000       7.991253048428855E-003
  0.736240000000000       7.991348002141303E-003
  0.736320000000000       7.991442759402896E-003
  0.736400000000000       7.991537320107052E-003
  0.736480000000000       7.991631683685337E-003
  0.736560000000000       7.991725851104088E-003
  0.736640000000000       7.991819821993824E-003
  0.736720000000000       7.991913596319018E-003
  0.736800000000000       7.992007173958877E-003
  0.736880000000000       7.992100555240252E-003
  0.736960000000000       7.992193739807869E-003
  0.737040000000000       7.992286728038318E-003
  0.737120000000000       7.992379519491062E-003
  0.737200000000000       7.992472114379263E-003
  0.737280000000000       7.992564512830820E-003
  0.737360000000000       7.992656714611253E-003
  0.737440000000000       7.992748719720562E-003
  0.737520000000000       7.992840528528229E-003
  0.737600000000000       7.992932140870830E-003
  0.737680000000000       7.993023556201247E-003
  0.737760000000000       7.993114775279760E-003
  0.737840000000000       7.993205797431353E-003
  0.737920000000000       7.993296623288411E-003
  0.738000000000000       7.993387252694613E-003
  0.738080000000000       7.993477685436796E-003
  0.738160000000000       7.993567921671281E-003
  0.738240000000000       7.993657961355434E-003
  0.738320000000000       7.993747804205038E-003
  0.738400000000000       7.993837450717474E-003
  0.738480000000000       7.993926900892741E-003
  0.738560000000000       7.994016153792922E-003
  0.738640000000000       7.994105210561993E-003
  0.738720000000000       7.994194071022316E-003
  0.738800000000000       7.994282734513088E-003
  0.738880000000000       7.994371201716428E-003
  0.738960000000000       7.994459472099431E-003
  0.739040000000000       7.994547546088422E-003
  0.739120000000000       7.994635423562609E-003
  0.739200000000000       7.994723104102770E-003
  0.739280000000000       7.994810588199182E-003
  0.739360000000000       7.994897875972636E-003
  0.739440000000000       7.994984966854697E-003
  0.739520000000000       7.995071861200638E-003
  0.739600000000000       7.995158559415468E-003
  0.739680000000000       7.995245060895224E-003
  0.739760000000000       7.995331365021736E-003
  0.739840000000000       7.995417473628204E-003
  0.739920000000000       7.995503385421439E-003
