  0.660000000000000       0.938066902020336     
  0.660080000000000       0.938160358888578     
  0.660160000000000       0.938253816383107     
  0.660240000000000       0.938347274503027     
  0.660320000000000       0.938440733247600     
  0.660400000000000       0.938534192615319     
  0.660480000000000       0.938627652606439     
  0.660560000000000       0.938721113219029     
  0.660640000000000       0.938814574452505     
  0.660720000000000       0.938908036306114     
  0.660800000000000       0.939001498778919     
  0.660880000000000       0.939094961869711     
  0.660960000000000       0.939188425577964     
  0.661040000000000       0.939281889902912     
  0.661120000000000       0.939375354843304     
  0.661200000000000       0.939468820398102     
  0.661280000000000       0.939562286566937     
  0.661360000000000       0.939655753348501     
  0.661440000000000       0.939749220742027     
  0.661520000000000       0.939842688746677     
  0.661600000000000       0.939936157361356     
  0.661680000000000       0.940029626585482     
  0.661760000000000       0.940123096417889     
  0.661840000000000       0.940216566857782     
  0.661920000000000       0.940310037904337     
  0.662000000000000       0.940403509556359     
  0.662080000000000       0.940496981813436     
  0.662160000000000       0.940590454674177     
  0.662240000000000       0.940683928137997     
  0.662320000000000       0.940777402204159     
  0.662400000000000       0.940870876871085     
  0.662480000000000       0.940964352138747     
  0.662560000000000       0.941057828005353     
  0.662640000000000       0.941151304470705     
  0.662720000000000       0.941244781533993     
  0.662800000000000       0.941338259193398     
  0.662880000000000       0.941431737449048     
  0.662960000000000       0.941525216299294     
  0.663040000000000       0.941618695743824     
  0.663120000000000       0.941712175781330     
  0.663200000000000       0.941805656411159     
  0.663280000000000       0.941899137632330     
  0.663360000000000       0.941992619443934     
  0.663440000000000       0.942086101845018     
  0.663520000000000       0.942179584834787     
  0.663600000000000       0.942273068412402     
  0.663680000000000       0.942366552576655     
  0.663760000000000       0.942460037326921     
  0.663840000000000       0.942553522662121     
  0.663920000000000       0.942647008581656     
  0.664000000000000       0.942740495084448     
  0.664080000000000       0.942833982169628     
  0.664160000000000       0.942927469836189     
  0.664240000000000       0.943020958083264     
  0.664320000000000       0.943114446910070     
  0.664400000000000       0.943207936315727     
  0.664480000000000       0.943301426299155     
  0.664560000000000       0.943394916859515     
  0.664640000000000       0.943488407996224     
  0.664720000000000       0.943581899708005     
  0.664800000000000       0.943675391993946     
  0.664880000000000       0.943768884853353     
  0.664960000000000       0.943862378285243     
  0.665040000000000       0.943955872288780     
  0.665120000000000       0.944049366862910     
  0.665200000000000       0.944142862006683     
  0.665280000000000       0.944236357719600     
  0.665360000000000       0.944329854000597     
  0.665440000000000       0.944423350848777     
  0.665520000000000       0.944516848262705     
  0.665600000000000       0.944610346242268     
  0.665680000000000       0.944703844786201     
  0.665760000000000       0.944797343893609     
  0.665840000000000       0.944890843563780     
  0.665920000000000       0.944984343795394     
  0.666000000000000       0.945077844588266     
  0.666080000000000       0.945171345940804     
  0.666160000000000       0.945264847852354     
  0.666240000000000       0.945358350322036     
  0.666320000000000       0.945451853349024     
  0.666400000000000       0.945545356932169     
  0.666480000000000       0.945638861071143     
  0.666560000000000       0.945732365764240     
  0.666640000000000       0.945825871011178     
  0.666720000000000       0.945919376811017     
  0.666800000000000       0.946012883162450     
  0.666880000000000       0.946106390065080     
  0.666960000000000       0.946199897517570     
  0.667040000000000       0.946293405519296     
  0.667120000000000       0.946386914069461     
  0.667200000000000       0.946480423166631     
  0.667280000000000       0.946573932810634     
  0.667360000000000       0.946667442999978     
  0.667440000000000       0.946760953734281     
  0.667520000000000       0.946854465011964     
  0.667600000000000       0.946947976832700     
  0.667680000000000       0.947041489195354     
  0.667760000000000       0.947135002099114     
  0.667840000000000       0.947228515543085     
  0.667920000000000       0.947322029526558     
  0.668000000000000       0.947415544048152     
  0.668080000000000       0.947509059107315     
  0.668160000000000       0.947602574703194     
  0.668240000000000       0.947696090834509     
  0.668320000000000       0.947789607500991     
  0.668400000000000       0.947883124700962     
  0.668480000000000       0.947976642434324     
  0.668560000000000       0.948070160699427     
  0.668640000000000       0.948163679496145     
  0.668720000000000       0.948257198822813     
  0.668800000000000       0.948350718679063     
  0.668880000000000       0.948444239063744     
  0.668960000000000       0.948537759976315     
  0.669040000000000       0.948631281415356     
  0.669120000000000       0.948724803380227     
  0.669200000000000       0.948818325870104     
  0.669280000000000       0.948911848883878     
  0.669360000000000       0.949005372421010     
  0.669440000000000       0.949098896480433     
  0.669520000000000       0.949192421060997     
  0.669600000000000       0.949285946161748     
  0.669680000000000       0.949379471782518     
  0.669760000000000       0.949472997921543     
  0.669840000000000       0.949566524578583     
  0.669920000000000       0.949660051752400     
  0.670000000000000       0.949753579442299     
  0.670080000000000       0.949847107646957     
  0.670160000000000       0.949940636365920     
  0.670240000000000       0.950034165598294     
  0.670320000000000       0.950127695342954     
  0.670400000000000       0.950221225598949     
  0.670480000000000       0.950314756365697     
  0.670560000000000       0.950408287641932     
  0.670640000000000       0.950501819427129     
  0.670720000000000       0.950595351719966     
  0.670800000000000       0.950688884519846     
  0.670880000000000       0.950782417825917     
  0.670960000000000       0.950875951637099     
  0.671040000000000       0.950969485952496     
  0.671120000000000       0.951063020771326     
  0.671200000000000       0.951156556092738     
  0.671280000000000       0.951250091915693     
  0.671360000000000       0.951343628239326     
  0.671440000000000       0.951437165062697     
  0.671520000000000       0.951530702384940     
  0.671600000000000       0.951624240205345     
  0.671680000000000       0.951717778522774     
  0.671760000000000       0.951811317336333     
  0.671840000000000       0.951904856645112     
  0.671920000000000       0.951998396448627     
  0.672000000000000       0.952091936745387     
  0.672080000000000       0.952185477534709     
  0.672160000000000       0.952279018815827     
  0.672240000000000       0.952372560587830     
  0.672320000000000       0.952466102849794     
  0.672400000000000       0.952559645600698     
  0.672480000000000       0.952653188839517     
  0.672560000000000       0.952746732565811     
  0.672640000000000       0.952840276778514     
  0.672720000000000       0.952933821476546     
  0.672800000000000       0.953027366658870     
  0.672880000000000       0.953120912325045     
  0.672960000000000       0.953214458473934     
  0.673040000000000       0.953308005104657     
  0.673120000000000       0.953401552216360     
  0.673200000000000       0.953495099808035     
  0.673280000000000       0.953588647878701     
  0.673360000000000       0.953682196427931     
  0.673440000000000       0.953775745454277     
  0.673520000000000       0.953869294957212     
  0.673600000000000       0.953962844935714     
  0.673680000000000       0.954056395388645     
  0.673760000000000       0.954149946315451     
  0.673840000000000       0.954243497715265     
  0.673920000000000       0.954337049586809     
  0.674000000000000       0.954430601929513     
  0.674080000000000       0.954524154742441     
  0.674160000000000       0.954617708024725     
  0.674240000000000       0.954711261775000     
  0.674320000000000       0.954804815993140     
  0.674400000000000       0.954898370677580     
  0.674480000000000       0.954991925827923     
  0.674560000000000       0.955085481442876     
  0.674640000000000       0.955179037521671     
  0.674720000000000       0.955272594063555     
  0.674800000000000       0.955366151067363     
  0.674880000000000       0.955459708532456     
  0.674960000000000       0.955553266457753     
  0.675040000000000       0.955646824842529     
  0.675120000000000       0.955740383685932     
  0.675200000000000       0.955833942986584     
  0.675280000000000       0.955927502744257     
  0.675360000000000       0.956021062957657     
  0.675440000000000       0.956114623625862     
  0.675520000000000       0.956208184747933     
  0.675600000000000       0.956301746323331     
  0.675680000000000       0.956395308350861     
  0.675760000000000       0.956488870829614     
  0.675840000000000       0.956582433758965     
  0.675920000000000       0.956675997137677     
  0.676000000000000       0.956769560964855     
  0.676080000000000       0.956863125240045     
  0.676160000000000       0.956956689961711     
  0.676240000000000       0.957050255129684     
  0.676320000000000       0.957143820742343     
  0.676400000000000       0.957237386799289     
  0.676480000000000       0.957330953299359     
  0.676560000000000       0.957424520241713     
  0.676640000000000       0.957518087625755     
  0.676720000000000       0.957611655450077     
  0.676800000000000       0.957705223714183     
  0.676880000000000       0.957798792416750     
  0.676960000000000       0.957892361557438     
  0.677040000000000       0.957985931134954     
  0.677120000000000       0.958079501148600     
  0.677200000000000       0.958173071597213     
  0.677280000000000       0.958266642480251     
  0.677360000000000       0.958360213796323     
  0.677440000000000       0.958453785545072     
  0.677520000000000       0.958547357725277     
  0.677600000000000       0.958640930336313     
  0.677680000000000       0.958734503376786     
  0.677760000000000       0.958828076846285     
  0.677840000000000       0.958921650743616     
  0.677920000000000       0.959015225068083     
  0.678000000000000       0.959108799818762     
  0.678080000000000       0.959202374994658     
  0.678160000000000       0.959295950594790     
  0.678240000000000       0.959389526618591     
  0.678320000000000       0.959483103064909     
  0.678400000000000       0.959576679932636     
  0.678480000000000       0.959670257221416     
  0.678560000000000       0.959763834929842     
  0.678640000000000       0.959857413057432     
  0.678720000000000       0.959950991602977     
  0.678800000000000       0.960044570565668     
  0.678880000000000       0.960138149944566     
  0.678960000000000       0.960231729739019     
  0.679040000000000       0.960325309947902     
  0.679120000000000       0.960418890570335     
  0.679200000000000       0.960512471605537     
  0.679280000000000       0.960606053052498     
  0.679360000000000       0.960699634910054     
  0.679440000000000       0.960793217177849     
  0.679520000000000       0.960886799854759     
  0.679600000000000       0.960980382939721     
  0.679680000000000       0.961073966431994     
  0.679760000000000       0.961167550330796     
  0.679840000000000       0.961261134634978     
  0.679920000000000       0.961354719343799     
  0.680000000000000       0.961448304456152     
  0.680080000000000       0.961541889971440     
  0.680160000000000       0.961635475888539     
  0.680240000000000       0.961729062206811     
  0.680320000000000       0.961822648924948     
  0.680400000000000       0.961916236042452     
  0.680480000000000       0.962009823558259     
  0.680560000000000       0.962103411471486     
  0.680640000000000       0.962196999781125     
  0.680720000000000       0.962290588486323     
  0.680800000000000       0.962384177586341     
  0.680880000000000       0.962477767080085     
  0.680960000000000       0.962571356966873     
  0.681040000000000       0.962664947245497     
  0.681120000000000       0.962758537915545     
  0.681200000000000       0.962852128975439     
  0.681280000000000       0.962945720424867     
  0.681360000000000       0.963039312262563     
  0.681440000000000       0.963132904488089     
  0.681520000000000       0.963226497099879     
  0.681600000000000       0.963320090097395     
  0.681680000000000       0.963413683480195     
  0.681760000000000       0.963507277246688     
  0.681840000000000       0.963600871396036     
  0.681920000000000       0.963694465927500     
  0.682000000000000       0.963788060840284     
  0.682080000000000       0.963881656133492     
  0.682160000000000       0.963975251806045     
  0.682240000000000       0.964068847857317     
  0.682320000000000       0.964162444285915     
  0.682400000000000       0.964256041091585     
  0.682480000000000       0.964349638272762     
  0.682560000000000       0.964443235829077     
  0.682640000000000       0.964536833759436     
  0.682720000000000       0.964630432062944     
  0.682800000000000       0.964724030738634     
  0.682880000000000       0.964817629785725     
  0.682960000000000       0.964911229203065     
  0.683040000000000       0.965004828989987     
  0.683120000000000       0.965098429145794     
  0.683200000000000       0.965192029669393     
  0.683280000000000       0.965285630559433     
  0.683360000000000       0.965379231815800     
  0.683440000000000       0.965472833437244     
  0.683520000000000       0.965566435422684     
  0.683600000000000       0.965660037771397     
  0.683680000000000       0.965753640482458     
  0.683760000000000       0.965847243554845     
  0.683840000000000       0.965940846988144     
  0.683920000000000       0.966034450781035     
  0.684000000000000       0.966128054932409     
  0.684080000000000       0.966221659442010     
  0.684160000000000       0.966315264308403     
  0.684240000000000       0.966408869530792     
  0.684320000000000       0.966502475108595     
  0.684400000000000       0.966596081040490     
  0.684480000000000       0.966689687325581     
  0.684560000000000       0.966783293963257     
  0.684640000000000       0.966876900952653     
  0.684720000000000       0.966970508292744     
  0.684800000000000       0.967064115982450     
  0.684880000000000       0.967157724021118     
  0.684960000000000       0.967251332407923     
  0.685040000000000       0.967344941141573     
  0.685120000000000       0.967438550221456     
  0.685200000000000       0.967532159646819     
  0.685280000000000       0.967625769416384     
  0.685360000000000       0.967719379529453     
  0.685440000000000       0.967812989985160     
  0.685520000000000       0.967906600782695     
  0.685600000000000       0.968000211920679     
  0.685680000000000       0.968093823398829     
  0.685760000000000       0.968187435215765     
  0.685840000000000       0.968281047371005     
  0.685920000000000       0.968374659863312     
  0.686000000000000       0.968468272691948     
  0.686080000000000       0.968561885856030     
  0.686160000000000       0.968655499354537     
  0.686240000000000       0.968749113186644     
  0.686320000000000       0.968842727351526     
  0.686400000000000       0.968936341848317     
  0.686480000000000       0.969029956675780     
  0.686560000000000       0.969123571833447     
  0.686640000000000       0.969217187320038     
  0.686720000000000       0.969310803134843     
  0.686800000000000       0.969404419277279     
  0.686880000000000       0.969498035745755     
  0.686960000000000       0.969591652539958     
  0.687040000000000       0.969685269658780     
  0.687120000000000       0.969778887101026     
  0.687200000000000       0.969872504866342     
  0.687280000000000       0.969966122953534     
  0.687360000000000       0.970059741362004     
  0.687440000000000       0.970153360090191     
  0.687520000000000       0.970246979137767     
  0.687600000000000       0.970340598503495     
  0.687680000000000       0.970434218187063     
  0.687760000000000       0.970527838186737     
  0.687840000000000       0.970621458502205     
  0.687920000000000       0.970715079132529     
  0.688000000000000       0.970808700076429     
  0.688080000000000       0.970902321333367     
  0.688160000000000       0.970995942902360     
  0.688240000000000       0.971089564782400     
  0.688320000000000       0.971183186972848     
  0.688400000000000       0.971276809472525     
  0.688480000000000       0.971370432280619     
  0.688560000000000       0.971464055396194     
  0.688640000000000       0.971557678818596     
  0.688720000000000       0.971651302546601     
  0.688800000000000       0.971744926579458     
  0.688880000000000       0.971838550916257     
  0.688960000000000       0.971932175556302     
  0.689040000000000       0.972025800498326     
  0.689120000000000       0.972119425741366     
  0.689200000000000       0.972213051284950     
  0.689280000000000       0.972306677127986     
  0.689360000000000       0.972400303269720     
  0.689440000000000       0.972493929708730     
  0.689520000000000       0.972587556444805     
  0.689600000000000       0.972681183476720     
  0.689680000000000       0.972774810803384     
  0.689760000000000       0.972868438424297     
  0.689840000000000       0.972962066338280     
  0.689920000000000       0.973055694544439     
  0.690000000000000       0.973149323042205     
  0.690080000000000       0.973242951830255     
  0.690160000000000       0.973336580907781     
  0.690240000000000       0.973430210274128     
  0.690320000000000       0.973523839928288     
  0.690400000000000       0.973617469868995     
  0.690480000000000       0.973711100095994     
  0.690560000000000       0.973804730607765     
  0.690640000000000       0.973898361403965     
  0.690720000000000       0.973991992483232     
  0.690800000000000       0.974085623845039     
  0.690880000000000       0.974179255488164     
  0.690960000000000       0.974272887411954     
  0.691040000000000       0.974366519615469     
  0.691120000000000       0.974460152097674     
  0.691200000000000       0.974553784857744     
  0.691280000000000       0.974647417894769     
  0.691360000000000       0.974741051207940     
  0.691440000000000       0.974834684796318     
  0.691520000000000       0.974928318658780     
  0.691600000000000       0.975021952794844     
  0.691680000000000       0.975115587203061     
  0.691760000000000       0.975209221883230     
  0.691840000000000       0.975302856833903     
  0.691920000000000       0.975396492054440     
  0.692000000000000       0.975490127543861     
  0.692080000000000       0.975583763301185     
  0.692160000000000       0.975677399325531     
  0.692240000000000       0.975771035616145     
  0.692320000000000       0.975864672172162     
  0.692400000000000       0.975958308992216     
  0.692480000000000       0.976051946076095     
  0.692560000000000       0.976145583422604     
  0.692640000000000       0.976239221030579     
  0.692720000000000       0.976332858899437     
  0.692800000000000       0.976426497028197     
  0.692880000000000       0.976520135416007     
  0.692960000000000       0.976613774061701     
  0.693040000000000       0.976707412964853     
  0.693120000000000       0.976801052124256     
  0.693200000000000       0.976894691538885     
  0.693280000000000       0.976988331208088     
  0.693360000000000       0.977081971130840     
  0.693440000000000       0.977175611306404     
  0.693520000000000       0.977269251733813     
  0.693600000000000       0.977362892412015     
  0.693680000000000       0.977456533340214     
  0.693760000000000       0.977550174517458     
  0.693840000000000       0.977643815942966     
  0.693920000000000       0.977737457615899     
  0.694000000000000       0.977831099535149     
  0.694080000000000       0.977924741699934     
  0.694160000000000       0.978018384109174     
  0.694240000000000       0.978112026762500     
  0.694320000000000       0.978205669658021     
  0.694400000000000       0.978299312796008     
  0.694480000000000       0.978392956174912     
  0.694560000000000       0.978486599793837     
  0.694640000000000       0.978580243651774     
  0.694720000000000       0.978673887748297     
  0.694800000000000       0.978767532082128     
  0.694880000000000       0.978861176652583     
  0.694960000000000       0.978954821458441     
  0.695040000000000       0.979048466499105     
  0.695120000000000       0.979142111773837     
  0.695200000000000       0.979235757281199     
  0.695280000000000       0.979329403020640     
  0.695360000000000       0.979423048991291     
  0.695440000000000       0.979516695192100     
  0.695520000000000       0.979610341622202     
  0.695600000000000       0.979703988280673     
  0.695680000000000       0.979797635166958     
  0.695760000000000       0.979891282279479     
  0.695840000000000       0.979984929618067     
  0.695920000000000       0.980078577181371     
  0.696000000000000       0.980172224968510     
  0.696080000000000       0.980265872978902     
  0.696160000000000       0.980359521211082     
  0.696240000000000       0.980453169664668     
  0.696320000000000       0.980546818338536     
  0.696400000000000       0.980640467231890     
  0.696480000000000       0.980734116343780     
  0.696560000000000       0.980827765673379     
  0.696640000000000       0.980921415219780     
  0.696720000000000       0.981015064981801     
  0.696800000000000       0.981108714958847     
  0.696880000000000       0.981202365149880     
  0.696960000000000       0.981296015554091     
  0.697040000000000       0.981389666170654     
  0.697120000000000       0.981483316998333     
  0.697200000000000       0.981576968036603     
  0.697280000000000       0.981670619284384     
  0.697360000000000       0.981764270740794     
  0.697440000000000       0.981857922405038     
  0.697520000000000       0.981951574276107     
  0.697600000000000       0.982045226352906     
  0.697680000000000       0.982138878634910     
  0.697760000000000       0.982232531120997     
  0.697840000000000       0.982326183810596     
  0.697920000000000       0.982419836702317     
  0.698000000000000       0.982513489795463     
  0.698080000000000       0.982607143089194     
  0.698160000000000       0.982700796582816     
  0.698240000000000       0.982794450274821     
  0.698320000000000       0.982888104164783     
  0.698400000000000       0.982981758251665     
  0.698480000000000       0.983075412534771     
  0.698560000000000       0.983169067012992     
  0.698640000000000       0.983262721685404     
  0.698720000000000       0.983356376551140     
  0.698800000000000       0.983450031609448     
  0.698880000000000       0.983543686859133     
  0.698960000000000       0.983637342299727     
  0.699040000000000       0.983730997929851     
  0.699120000000000       0.983824653749065     
  0.699200000000000       0.983918309756018     
  0.699280000000000       0.984011965950185     
  0.699360000000000       0.984105622330500     
  0.699440000000000       0.984199278896068     
  0.699520000000000       0.984292935645880     
  0.699600000000000       0.984386592579338     
  0.699680000000000       0.984480249695235     
  0.699760000000000       0.984573906992975     
  0.699840000000000       0.984667564471192     
  0.699920000000000       0.984761222129489     
  0.700000000000000       0.984854879966588     
  0.700080000000000       0.984948537982018     
  0.700160000000000       0.985042196174416     
  0.700240000000000       0.985135854543142     
  0.700320000000000       0.985229513087060     
  0.700400000000000       0.985323171805913     
  0.700480000000000       0.985416830698111     
  0.700560000000000       0.985510489762856     
  0.700640000000000       0.985604148999496     
  0.700720000000000       0.985697808407050     
  0.700800000000000       0.985791467984524     
  0.700880000000000       0.985885127730950     
  0.700960000000000       0.985978787645689     
  0.701040000000000       0.986072447727705     
  0.701120000000000       0.986166107976086     
  0.701200000000000       0.986259768389854     
  0.701280000000000       0.986353428968340     
  0.701360000000000       0.986447089710506     
  0.701440000000000       0.986540750615302     
  0.701520000000000       0.986634411682371     
  0.701600000000000       0.986728072909938     
  0.701680000000000       0.986821734297973     
  0.701760000000000       0.986915395844858     
  0.701840000000000       0.987009057550293     
  0.701920000000000       0.987102719412971     
  0.702000000000000       0.987196381432238     
  0.702080000000000       0.987290043606987     
  0.702160000000000       0.987383705936605     
  0.702240000000000       0.987477368419928     
  0.702320000000000       0.987571031056046     
  0.702400000000000       0.987664693844121     
  0.702480000000000       0.987758356783542     
  0.702560000000000       0.987852019872915     
  0.702640000000000       0.987945683111786     
  0.702720000000000       0.988039346498806     
  0.702800000000000       0.988133010033363     
  0.702880000000000       0.988226673714846     
  0.702960000000000       0.988320337541847     
  0.703040000000000       0.988414001513601     
  0.703120000000000       0.988507665629268     
  0.703200000000000       0.988601329887655     
  0.703280000000000       0.988694994288505     
  0.703360000000000       0.988788658830455     
  0.703440000000000       0.988882323512780     
  0.703520000000000       0.988975988334357     
  0.703600000000000       0.989069653294547     
  0.703680000000000       0.989163318392511     
  0.703760000000000       0.989256983626913     
  0.703840000000000       0.989350648997171     
  0.703920000000000       0.989444314502219     
  0.704000000000000       0.989537980141418     
  0.704080000000000       0.989631645913715     
  0.704160000000000       0.989725311818273     
  0.704240000000000       0.989818977854054     
  0.704320000000000       0.989912644020205     
  0.704400000000000       0.990006310316087     
  0.704480000000000       0.990099976740436     
  0.704560000000000       0.990193643292611     
  0.704640000000000       0.990287309971490     
  0.704720000000000       0.990380976776348     
  0.704800000000000       0.990474643706105     
  0.704880000000000       0.990568310759980     
  0.704960000000000       0.990661977937205     
  0.705040000000000       0.990755645236700     
  0.705120000000000       0.990849312657556     
  0.705200000000000       0.990942980199048     
  0.705280000000000       0.991036647859855     
  0.705360000000000       0.991130315639734     
  0.705440000000000       0.991223983537279     
  0.705520000000000       0.991317651551807     
  0.705600000000000       0.991411319682211     
  0.705680000000000       0.991504987927965     
  0.705760000000000       0.991598656287661     
  0.705840000000000       0.991692324760845     
  0.705920000000000       0.991785993346522     
  0.706000000000000       0.991879662043613     
  0.706080000000000       0.991973330851434     
  0.706160000000000       0.992066999769005     
  0.706240000000000       0.992160668795219     
  0.706320000000000       0.992254337929407     
  0.706400000000000       0.992348007170602     
  0.706480000000000       0.992441676518052     
  0.706560000000000       0.992535345970776     
  0.706640000000000       0.992629015527808     
  0.706720000000000       0.992722685188011     
  0.706800000000000       0.992816354951057     
  0.706880000000000       0.992910024815569     
  0.706960000000000       0.993003694781035     
  0.707040000000000       0.993097364846048     
  0.707120000000000       0.993191035010182     
  0.707200000000000       0.993284705272285     
  0.707280000000000       0.993378375631491     
  0.707360000000000       0.993472046087047     
  0.707440000000000       0.993565716637758     
  0.707520000000000       0.993659387283000     
  0.707600000000000       0.993753058021821     
  0.707680000000000       0.993846728853381     
  0.707760000000000       0.993940399776446     
  0.707840000000000       0.994034070790516     
  0.707920000000000       0.994127741894499     
  0.708000000000000       0.994221413087484     
  0.708080000000000       0.994315084368719     
  0.708160000000000       0.994408755737081     
  0.708240000000000       0.994502427191830     
  0.708320000000000       0.994596098731915     
  0.708400000000000       0.994689770356612     
  0.708480000000000       0.994783442064997     
  0.708560000000000       0.994877113856373     
  0.708640000000000       0.994970785729319     
  0.708720000000000       0.995064457683281     
  0.708800000000000       0.995158129717294     
  0.708880000000000       0.995251801830432     
  0.708960000000000       0.995345474021843     
  0.709040000000000       0.995439146290334     
  0.709120000000000       0.995532818635777     
  0.709200000000000       0.995626491056510     
  0.709280000000000       0.995720163551778     
  0.709360000000000       0.995813836120999     
  0.709440000000000       0.995907508763108     
  0.709520000000000       0.996001181476882     
  0.709600000000000       0.996094854262108     
  0.709680000000000       0.996188527117309     
  0.709760000000000       0.996282200041830     
  0.709840000000000       0.996375873034648     
  0.709920000000000       0.996469546094926     
  0.710000000000000       0.996563219221696     
  0.710080000000000       0.996656892414091     
  0.710160000000000       0.996750565671573     
  0.710240000000000       0.996844238992534     
  0.710320000000000       0.996937912376777     
  0.710400000000000       0.997031585823007     
  0.710480000000000       0.997125259330272     
  0.710560000000000       0.997218932898019     
  0.710640000000000       0.997312606524827     
  0.710720000000000       0.997406280210367     
  0.710800000000000       0.997499953953320     
  0.710880000000000       0.997593627752903     
  0.710960000000000       0.997687301608306     
  0.711040000000000       0.997780975518677     
  0.711120000000000       0.997874649482921     
  0.711200000000000       0.997968323500271     
  0.711280000000000       0.998061997569874     
  0.711360000000000       0.998155671690750     
  0.711440000000000       0.998249345861876     
  0.711520000000000       0.998343020082711     
  0.711600000000000       0.998436694351793     
  0.711680000000000       0.998530368668764     
  0.711760000000000       0.998624043032433     
  0.711840000000000       0.998717717441974     
  0.711920000000000       0.998811391896464     
  0.712000000000000       0.998905066395079     
  0.712080000000000       0.998998740936938     
  0.712160000000000       0.999092415520832     
  0.712240000000000       0.999186090146364     
  0.712320000000000       0.999279764812468     
  0.712400000000000       0.999373439518007     
  0.712480000000000       0.999467114262129     
  0.712560000000000       0.999560789044236     
  0.712640000000000       0.999654463863064     
  0.712720000000000       0.999748138718016     
  0.712800000000000       0.999841813607841     
  0.712880000000000       0.999935488532256     
  0.712960000000000        1.00002916348938     
  0.713040000000000        1.00012283847934     
  0.713120000000000        1.00021651350087     
  0.713200000000000        1.00031018855287     
  0.713280000000000        1.00040386363420     
  0.713360000000000        1.00049753874475     
  0.713440000000000        1.00059121388288     
  0.713520000000000        1.00068488904823     
  0.713600000000000        1.00077856423952     
  0.713680000000000        1.00087223945623     
  0.713760000000000        1.00096591469713     
  0.713840000000000        1.00105958996140     
  0.713920000000000        1.00115326524798     
  0.714000000000000        1.00124694055657     
  0.714080000000000        1.00134061588555     
  0.714160000000000        1.00143429123451     
  0.714240000000000        1.00152796660218     
  0.714320000000000        1.00162164198799     
  0.714400000000000        1.00171531739106     
  0.714480000000000        1.00180899281008     
  0.714560000000000        1.00190266824434     
  0.714640000000000        1.00199634369313     
  0.714720000000000        1.00209001915551     
  0.714800000000000        1.00218369463024     
  0.714880000000000        1.00227737011714     
  0.714960000000000        1.00237104561431     
  0.715040000000000        1.00246472112177     
  0.715120000000000        1.00255839663813     
  0.715200000000000        1.00265207216239     
  0.715280000000000        1.00274574769415     
  0.715360000000000        1.00283942323216     
  0.715440000000000        1.00293309877545     
  0.715520000000000        1.00302677432336     
  0.715600000000000        1.00312044987510     
  0.715680000000000        1.00321412542906     
  0.715760000000000        1.00330780098507     
  0.715840000000000        1.00340147654219     
  0.715920000000000        1.00349515209917     
  0.716000000000000        1.00358882765518     
  0.716080000000000        1.00368250320946     
  0.716160000000000        1.00377617876111     
  0.716240000000000        1.00386985430921     
  0.716320000000000        1.00396352985282     
  0.716400000000000        1.00405720539108     
  0.716480000000000        1.00415088092292     
  0.716560000000000        1.00424455644756     
  0.716640000000000        1.00433823196425     
  0.716720000000000        1.00443190747192     
  0.716800000000000        1.00452558296986     
  0.716880000000000        1.00461925845682     
  0.716960000000000        1.00471293393215     
  0.717040000000000        1.00480660939513     
  0.717120000000000        1.00490028484438     
  0.717200000000000        1.00499396027953     
  0.717280000000000        1.00508763569895     
  0.717360000000000        1.00518131110261     
  0.717440000000000        1.00527498648901     
  0.717520000000000        1.00536866185740     
  0.717600000000000        1.00546233720720     
  0.717680000000000        1.00555601253690     
  0.717760000000000        1.00564968784623     
  0.717840000000000        1.00574336313377     
  0.717920000000000        1.00583703839898     
  0.718000000000000        1.00593071364069     
  0.718080000000000        1.00602438885835     
  0.718160000000000        1.00611806405075     
  0.718240000000000        1.00621173921715     
  0.718320000000000        1.00630541435650     
  0.718400000000000        1.00639908946790     
  0.718480000000000        1.00649276455060     
  0.718560000000000        1.00658643960375     
  0.718640000000000        1.00668011462639     
  0.718720000000000        1.00677378961732     
  0.718800000000000        1.00686746457609     
  0.718880000000000        1.00696113950174     
  0.718960000000000        1.00705481439306     
  0.719040000000000        1.00714848924930     
  0.719120000000000        1.00724216406958     
  0.719200000000000        1.00733583885305     
  0.719280000000000        1.00742951359899     
  0.719360000000000        1.00752318830596     
  0.719440000000000        1.00761686297353     
  0.719520000000000        1.00771053760051     
  0.719600000000000        1.00780421218637     
  0.719680000000000        1.00789788672988     
  0.719760000000000        1.00799156123017     
  0.719840000000000        1.00808523568662     
  0.719920000000000        1.00817891009808     
  0.720000000000000        1.00827258446341     
  0.720080000000000        1.00836625878224     
  0.720160000000000        1.00845993305341     
  0.720240000000000        1.00855360727614     
  0.720320000000000        1.00864728144924     
  0.720400000000000        1.00874095557211     
  0.720480000000000        1.00883462964391     
  0.720560000000000        1.00892830366331     
  0.720640000000000        1.00902197762978     
  0.720720000000000        1.00911565154243     
  0.720800000000000        1.00920932540002     
  0.720880000000000        1.00930299920192     
  0.720960000000000        1.00939667294713     
  0.721040000000000        1.00949034663513     
  0.721120000000000        1.00958402026451     
  0.721200000000000        1.00967769383446     
  0.721280000000000        1.00977136734447     
  0.721360000000000        1.00986504079316     
  0.721440000000000        1.00995871417966     
  0.721520000000000        1.01005238750342     
  0.721600000000000        1.01014606076344     
  0.721680000000000        1.01023973395875     
  0.721760000000000        1.01033340708804     
  0.721840000000000        1.01042708015140     
  0.721920000000000        1.01052075314696     
  0.722000000000000        1.01061442607449     
  0.722080000000000        1.01070809893268     
  0.722160000000000        1.01080177172070     
  0.722240000000000        1.01089544443743     
  0.722320000000000        1.01098911708263     
  0.722400000000000        1.01108278965489     
  0.722480000000000        1.01117646215340     
  0.722560000000000        1.01127013457747     
  0.722640000000000        1.01136380692598     
  0.722720000000000        1.01145747919787     
  0.722800000000000        1.01155115139261     
  0.722880000000000        1.01164482350906     
  0.722960000000000        1.01173849554628     
  0.723040000000000        1.01183216750392     
  0.723120000000000        1.01192583938041     
  0.723200000000000        1.01201951117509     
  0.723280000000000        1.01211318288717     
  0.723360000000000        1.01220685451551     
  0.723440000000000        1.01230052605939     
  0.723520000000000        1.01239419751795     
  0.723600000000000        1.01248786889013     
  0.723680000000000        1.01258154017510     
  0.723760000000000        1.01267521137200     
  0.723840000000000        1.01276888247996     
  0.723920000000000        1.01286255349795     
  0.724000000000000        1.01295622442511     
  0.724080000000000        1.01304989526063     
  0.724160000000000        1.01314356600359     
  0.724240000000000        1.01323723665317     
  0.724320000000000        1.01333090720821     
  0.724400000000000        1.01342457766807     
  0.724480000000000        1.01351824803156     
  0.724560000000000        1.01361191829814     
  0.724640000000000        1.01370558846670     
  0.724720000000000        1.01379925853626     
  0.724800000000000        1.01389292850615     
  0.724880000000000        1.01398659837515     
  0.724960000000000        1.01408026814289     
  0.725040000000000        1.01417393780805     
  0.725120000000000        1.01426760736973     
  0.725200000000000        1.01436127682721     
  0.725280000000000        1.01445494617969     
  0.725360000000000        1.01454861542575     
  0.725440000000000        1.01464228456494     
  0.725520000000000        1.01473595359644     
  0.725600000000000        1.01482962251896     
  0.725680000000000        1.01492329133187     
  0.725760000000000        1.01501696003436     
  0.725840000000000        1.01511062862495     
  0.725920000000000        1.01520429710361     
  0.726000000000000        1.01529796546874     
  0.726080000000000        1.01539163371984     
  0.726160000000000        1.01548530185604     
  0.726240000000000        1.01557896987611     
  0.726320000000000        1.01567263777931     
  0.726400000000000        1.01576630556464     
  0.726480000000000        1.01585997323131     
  0.726560000000000        1.01595364077856     
  0.726640000000000        1.01604730820543     
  0.726720000000000        1.01614097551090     
  0.726800000000000        1.01623464269383     
  0.726880000000000        1.01632830975373     
  0.726960000000000        1.01642197668992     
  0.727040000000000        1.01651564350081     
  0.727120000000000        1.01660931018583     
  0.727200000000000        1.01670297674438     
  0.727280000000000        1.01679664317514     
  0.727360000000000        1.01689030947737     
  0.727440000000000        1.01698397565012     
  0.727520000000000        1.01707764169258     
  0.727600000000000        1.01717130760370     
  0.727680000000000        1.01726497338252     
  0.727760000000000        1.01735863902855     
  0.727840000000000        1.01745230454050     
  0.727920000000000        1.01754596991780     
  0.728000000000000        1.01763963515921     
  0.728080000000000        1.01773330026419     
  0.728160000000000        1.01782696523138     
  0.728240000000000        1.01792063006013     
  0.728320000000000        1.01801429474982     
  0.728400000000000        1.01810795929903     
  0.728480000000000        1.01820162370708     
  0.728560000000000        1.01829528797319     
  0.728640000000000        1.01838895209631     
  0.728720000000000        1.01848261607574     
  0.728800000000000        1.01857627991066     
  0.728880000000000        1.01866994359940     
  0.728960000000000        1.01876360714206     
  0.729040000000000        1.01885727053705     
  0.729120000000000        1.01895093378392     
  0.729200000000000        1.01904459688131     
  0.729280000000000        1.01913825982862     
  0.729360000000000        1.01923192262525     
  0.729440000000000        1.01932558526968     
  0.729520000000000        1.01941924776122     
  0.729600000000000        1.01951291009919     
  0.729680000000000        1.01960657228257     
  0.729760000000000        1.01970023431042     
  0.729840000000000        1.01979389618174     
  0.729920000000000        1.01988755789607     
  0.730000000000000        1.01998121945189     
  0.730080000000000        1.02007488084862     
  0.730160000000000        1.02016854208541     
  0.730240000000000        1.02026220316131     
  0.730320000000000        1.02035586407541     
  0.730400000000000        1.02044952482669     
  0.730480000000000        1.02054318541456     
  0.730560000000000        1.02063684583792     
  0.730640000000000        1.02073050609576     
  0.730720000000000        1.02082416618732     
  0.730800000000000        1.02091782611171     
  0.730880000000000        1.02101148586780     
  0.730960000000000        1.02110514545528     
  0.731040000000000        1.02119880487275     
  0.731120000000000        1.02129246411924     
  0.731200000000000        1.02138612319430     
  0.731280000000000        1.02147978209656     
  0.731360000000000        1.02157344082549     
  0.731440000000000        1.02166709937988     
  0.731520000000000        1.02176075775929     
  0.731600000000000        1.02185441596228     
  0.731680000000000        1.02194807398815     
  0.731760000000000        1.02204173183621     
  0.731840000000000        1.02213538950508     
  0.731920000000000        1.02222904699448     
  0.732000000000000        1.02232270430319     
  0.732080000000000        1.02241636143023     
  0.732160000000000        1.02251001837490     
  0.732240000000000        1.02260367513587     
  0.732320000000000        1.02269733171313     
  0.732400000000000        1.02279098810490     
  0.732480000000000        1.02288464431052     
  0.732560000000000        1.02297830032921     
  0.732640000000000        1.02307195615998     
  0.732720000000000        1.02316561180237     
  0.732800000000000        1.02325926725463     
  0.732880000000000        1.02335292251668     
  0.732960000000000        1.02344657758696     
  0.733040000000000        1.02354023246531     
  0.733120000000000        1.02363388715007     
  0.733200000000000        1.02372754164079     
  0.733280000000000        1.02382119593638     
  0.733360000000000        1.02391485003610     
  0.733440000000000        1.02400850393901     
  0.733520000000000        1.02410215764413     
  0.733600000000000        1.02419581115052     
  0.733680000000000        1.02428946445741     
  0.733760000000000        1.02438311756388     
  0.733840000000000        1.02447677046900     
  0.733920000000000        1.02457042317185     
  0.734000000000000        1.02466407567152     
  0.734080000000000        1.02475772796715     
  0.734160000000000        1.02485138005809     
  0.734240000000000        1.02494503194300     
  0.734320000000000        1.02503868362120     
  0.734400000000000        1.02513233509184     
  0.734480000000000        1.02522598635373     
  0.734560000000000        1.02531963740635     
  0.734640000000000        1.02541328824865     
  0.734720000000000        1.02550693887977     
  0.734800000000000        1.02560058929870     
  0.734880000000000        1.02569423950451     
  0.734960000000000        1.02578788949677     
  0.735040000000000        1.02588153927387     
  0.735120000000000        1.02597518883520     
  0.735200000000000        1.02606883818005     
  0.735280000000000        1.02616248730753     
  0.735360000000000        1.02625613621632     
  0.735440000000000        1.02634978490599     
  0.735520000000000        1.02644343337547     
  0.735600000000000        1.02653708162374     
  0.735680000000000        1.02663072964981     
  0.735760000000000        1.02672437745347     
  0.735840000000000        1.02681802503286     
  0.735920000000000        1.02691167238781     
  0.736000000000000        1.02700531951703     
  0.736080000000000        1.02709896641991     
  0.736160000000000        1.02719261309526     
  0.736240000000000        1.02728625954240     
  0.736320000000000        1.02737990576015     
  0.736400000000000        1.02747355174814     
  0.736480000000000        1.02756719750481     
  0.736560000000000        1.02766084302973     
  0.736640000000000        1.02775448832206     
  0.736720000000000        1.02784813338054     
  0.736800000000000        1.02794177820431     
  0.736880000000000        1.02803542279269     
  0.736960000000000        1.02812906714464     
  0.737040000000000        1.02822271125940     
  0.737120000000000        1.02831635513621     
  0.737200000000000        1.02840999877342     
  0.737280000000000        1.02850364217097     
  0.737360000000000        1.02859728532749     
  0.737440000000000        1.02869092824255     
  0.737520000000000        1.02878457091469     
  0.737600000000000        1.02887821334346     
  0.737680000000000        1.02897185552744     
  0.737760000000000        1.02906549746627     
  0.737840000000000        1.02915913915890     
  0.737920000000000        1.02925278060429     
  0.738000000000000        1.02934642180159     
  0.738080000000000        1.02944006274994     
  0.738160000000000        1.02953370344858     
  0.738240000000000        1.02962734389619     
  0.738320000000000        1.02972098409248     
  0.738400000000000        1.02981462403602     
  0.738480000000000        1.02990826372617     
  0.738560000000000        1.03000190316191     
  0.738640000000000        1.03009554234239     
  0.738720000000000        1.03018918126669     
  0.738800000000000        1.03028281993415     
  0.738880000000000        1.03037645834341     
  0.738960000000000        1.03047009649411     
  0.739040000000000        1.03056373438485     
  0.739120000000000        1.03065737201524     
  0.739200000000000        1.03075100938390     
  0.739280000000000        1.03084464649008     
  0.739360000000000        1.03093828333288     
  0.739440000000000        1.03103191991175     
  0.739520000000000        1.03112555622525     
  0.739600000000000        1.03121919227280     
  0.739680000000000        1.03131282805357     
  0.739760000000000        1.03140646356621     
  0.739840000000000        1.03150009881027     
  0.739920000000000        1.03159373378484     
