  0.660000000000000       0.284022736674584     
  0.660080000000000       0.284039229655815     
  0.660160000000000       0.284055722729829     
  0.660240000000000       0.284072215894977     
  0.660320000000000       0.284088709151402     
  0.660400000000000       0.284105202498975     
  0.660480000000000       0.284121695938634     
  0.660560000000000       0.284138189468902     
  0.660640000000000       0.284154683089864     
  0.660720000000000       0.284171176801888     
  0.660800000000000       0.284187670603896     
  0.660880000000000       0.284204164496924     
  0.660960000000000       0.284220658480149     
  0.661040000000000       0.284237152553058     
  0.661120000000000       0.284253646716405     
  0.661200000000000       0.284270140969281     
  0.661280000000000       0.284286635311898     
  0.661360000000000       0.284303129744470     
  0.661440000000000       0.284319624265561     
  0.661520000000000       0.284336118876138     
  0.661600000000000       0.284352613575874     
  0.661680000000000       0.284369108364172     
  0.661760000000000       0.284385603241060     
  0.661840000000000       0.284402098206951     
  0.661920000000000       0.284418593260267     
  0.662000000000000       0.284435088402785     
  0.662080000000000       0.284451583633197     
  0.662160000000000       0.284468078951275     
  0.662240000000000       0.284484574357191     
  0.662320000000000       0.284501069850205     
  0.662400000000000       0.284517565431412     
  0.662480000000000       0.284534061098950     
  0.662560000000000       0.284550556853813     
  0.662640000000000       0.284567052696784     
  0.662720000000000       0.284583548625332     
  0.662800000000000       0.284600044640453     
  0.662880000000000       0.284616540742459     
  0.662960000000000       0.284633036931095     
  0.663040000000000       0.284649533205351     
  0.663120000000000       0.284666029565582     
  0.663200000000000       0.284682526011761     
  0.663280000000000       0.284699022543546     
  0.663360000000000       0.284715519160739     
  0.663440000000000       0.284732015863509     
  0.663520000000000       0.284748512651501     
  0.663600000000000       0.284765009524304     
  0.663680000000000       0.284781506481974     
  0.663760000000000       0.284798003524838     
  0.663840000000000       0.284814500651802     
  0.663920000000000       0.284830997863392     
  0.664000000000000       0.284847495158854     
  0.664080000000000       0.284863992538857     
  0.664160000000000       0.284880490002163     
  0.664240000000000       0.284896987549485     
  0.664320000000000       0.284913485180792     
  0.664400000000000       0.284929982895645     
  0.664480000000000       0.284946480693020     
  0.664560000000000       0.284962978573742     
  0.664640000000000       0.284979476537924     
  0.664720000000000       0.284995974584672     
  0.664800000000000       0.285012472714141     
  0.664880000000000       0.285028970926004     
  0.664960000000000       0.285045469219679     
  0.665040000000000       0.285061967596730     
  0.665120000000000       0.285078466055180     
  0.665200000000000       0.285094964594759     
  0.665280000000000       0.285111463216947     
  0.665360000000000       0.285127961920563     
  0.665440000000000       0.285144460705422     
  0.665520000000000       0.285160959571695     
  0.665600000000000       0.285177458518814     
  0.665680000000000       0.285193957547162     
  0.665760000000000       0.285210456655645     
  0.665840000000000       0.285226955845229     
  0.665920000000000       0.285243455115062     
  0.666000000000000       0.285259954464959     
  0.666080000000000       0.285276453895290     
  0.666160000000000       0.285292953405642     
  0.666240000000000       0.285309452995517     
  0.666320000000000       0.285325952665158     
  0.666400000000000       0.285342452414281     
  0.666480000000000       0.285358952243041     
  0.666560000000000       0.285375452150316     
  0.666640000000000       0.285391952136561     
  0.666720000000000       0.285408452202742     
  0.666800000000000       0.285424952346344     
  0.666880000000000       0.285441452569143     
  0.666960000000000       0.285457952870200     
  0.667040000000000       0.285474453249319     
  0.667120000000000       0.285490953706838     
  0.667200000000000       0.285507454242247     
  0.667280000000000       0.285523954854949     
  0.667360000000000       0.285540455545626     
  0.667440000000000       0.285556956313042     
  0.667520000000000       0.285573457158930     
  0.667600000000000       0.285589958081101     
  0.667680000000000       0.285606459079955     
  0.667760000000000       0.285622960156030     
  0.667840000000000       0.285639461308944     
  0.667920000000000       0.285655962537672     
  0.668000000000000       0.285672463843153     
  0.668080000000000       0.285688965225018     
  0.668160000000000       0.285705466682654     
  0.668240000000000       0.285721968215552     
  0.668320000000000       0.285738469824776     
  0.668400000000000       0.285754971509928     
  0.668480000000000       0.285771473269546     
  0.668560000000000       0.285787975104609     
  0.668640000000000       0.285804477014605     
  0.668720000000000       0.285820978999792     
  0.668800000000000       0.285837481059883     
  0.668880000000000       0.285853983194241     
  0.668960000000000       0.285870485403135     
  0.669040000000000       0.285886987685854     
  0.669120000000000       0.285903490043151     
  0.669200000000000       0.285919992473819     
  0.669280000000000       0.285936494978483     
  0.669360000000000       0.285952997556916     
  0.669440000000000       0.285969500208989     
  0.669520000000000       0.285986002934277     
  0.669600000000000       0.286002505732196     
  0.669680000000000       0.286019008603728     
  0.669760000000000       0.286035511547436     
  0.669840000000000       0.286052014564430     
  0.669920000000000       0.286068517653629     
  0.670000000000000       0.286085020815105     
  0.670080000000000       0.286101524049141     
  0.670160000000000       0.286118027354530     
  0.670240000000000       0.286134530732437     
  0.670320000000000       0.286151034181597     
  0.670400000000000       0.286167537702579     
  0.670480000000000       0.286184041294800     
  0.670560000000000       0.286200544958587     
  0.670640000000000       0.286217048693044     
  0.670720000000000       0.286233552498698     
  0.670800000000000       0.286250056375107     
  0.670880000000000       0.286266560321278     
  0.670960000000000       0.286283064338929     
  0.671040000000000       0.286299568426483     
  0.671120000000000       0.286316072584509     
  0.671200000000000       0.286332576811998     
  0.671280000000000       0.286349081109177     
  0.671360000000000       0.286365585476642     
  0.671440000000000       0.286382089913187     
  0.671520000000000       0.286398594419023     
  0.671600000000000       0.286415098994024     
  0.671680000000000       0.286431603638275     
  0.671760000000000       0.286448108351519     
  0.671840000000000       0.286464613133487     
  0.671920000000000       0.286481117982885     
  0.672000000000000       0.286497622901277     
  0.672080000000000       0.286514127888307     
  0.672160000000000       0.286530632942910     
  0.672240000000000       0.286547138065754     
  0.672320000000000       0.286563643256326     
  0.672400000000000       0.286580148514415     
  0.672480000000000       0.286596653839791     
  0.672560000000000       0.286613159232300     
  0.672640000000000       0.286629664692211     
  0.672720000000000       0.286646170219041     
  0.672800000000000       0.286662675812718     
  0.672880000000000       0.286679181472817     
  0.672960000000000       0.286695687199423     
  0.673040000000000       0.286712192992295     
  0.673120000000000       0.286728698851559     
  0.673200000000000       0.286745204776719     
  0.673280000000000       0.286761710767661     
  0.673360000000000       0.286778216824243     
  0.673440000000000       0.286794722946209     
  0.673520000000000       0.286811229134042     
  0.673600000000000       0.286827735386748     
  0.673680000000000       0.286844241704711     
  0.673760000000000       0.286860748087105     
  0.673840000000000       0.286877254534301     
  0.673920000000000       0.286893761046639     
  0.674000000000000       0.286910267622727     
  0.674080000000000       0.286926774263134     
  0.674160000000000       0.286943280967816     
  0.674240000000000       0.286959787736362     
  0.674320000000000       0.286976294568785     
  0.674400000000000       0.286992801464675     
  0.674480000000000       0.287009308424143     
  0.674560000000000       0.287025815446765     
  0.674640000000000       0.287042322533051     
  0.674720000000000       0.287058829681809     
  0.674800000000000       0.287075336893520     
  0.674880000000000       0.287091844168285     
  0.674960000000000       0.287108351504497     
  0.675040000000000       0.287124858904019     
  0.675120000000000       0.287141366365032     
  0.675200000000000       0.287157873888216     
  0.675280000000000       0.287174381473844     
  0.675360000000000       0.287190889120649     
  0.675440000000000       0.287207396829314     
  0.675520000000000       0.287223904599142     
  0.675600000000000       0.287240412430106     
  0.675680000000000       0.287256920323014     
  0.675760000000000       0.287273428275694     
  0.675840000000000       0.287289936289508     
  0.675920000000000       0.287306444364273     
  0.676000000000000       0.287322952499093     
  0.676080000000000       0.287339460693983     
  0.676160000000000       0.287355968949581     
  0.676240000000000       0.287372477264765     
  0.676320000000000       0.287388985640331     
  0.676400000000000       0.287405494074631     
  0.676480000000000       0.287422002568886     
  0.676560000000000       0.287438511122286     
  0.676640000000000       0.287455019735174     
  0.676720000000000       0.287471528406724     
  0.676800000000000       0.287488037137703     
  0.676880000000000       0.287504545926990     
  0.676960000000000       0.287521054774541     
  0.677040000000000       0.287537563680499     
  0.677120000000000       0.287554072645119     
  0.677200000000000       0.287570581667492     
  0.677280000000000       0.287587090747817     
  0.677360000000000       0.287603599885796     
  0.677440000000000       0.287620109081854     
  0.677520000000000       0.287636618334500     
  0.677600000000000       0.287653127644899     
  0.677680000000000       0.287669637012937     
  0.677760000000000       0.287686146436951     
  0.677840000000000       0.287702655918051     
  0.677920000000000       0.287719165455809     
  0.678000000000000       0.287735675050226     
  0.678080000000000       0.287752184701031     
  0.678160000000000       0.287768694407572     
  0.678240000000000       0.287785204170345     
  0.678320000000000       0.287801713989151     
  0.678400000000000       0.287818223863295     
  0.678480000000000       0.287834733793116     
  0.678560000000000       0.287851243778005     
  0.678640000000000       0.287867753818273     
  0.678720000000000       0.287884263913765     
  0.678800000000000       0.287900774064295     
  0.678880000000000       0.287917284268528     
  0.678960000000000       0.287933794528510     
  0.679040000000000       0.287950304842480     
  0.679120000000000       0.287966815210862     
  0.679200000000000       0.287983325632735     
  0.679280000000000       0.287999836108935     
  0.679360000000000       0.288016346639122     
  0.679440000000000       0.288032857222657     
  0.679520000000000       0.288049367859824     
  0.679600000000000       0.288065878549713     
  0.679680000000000       0.288082389293930     
  0.679760000000000       0.288098900090074     
  0.679840000000000       0.288115410939352     
  0.679920000000000       0.288131921841494     
  0.680000000000000       0.288148432795450     
  0.680080000000000       0.288164943801985     
  0.680160000000000       0.288181454861527     
  0.680240000000000       0.288197965972498     
  0.680320000000000       0.288214477134969     
  0.680400000000000       0.288230988349906     
  0.680480000000000       0.288247499615989     
  0.680560000000000       0.288264010933585     
  0.680640000000000       0.288280522302085     
  0.680720000000000       0.288297033721830     
  0.680800000000000       0.288313545192790     
  0.680880000000000       0.288330056713900     
  0.680960000000000       0.288346568286141     
  0.681040000000000       0.288363079908461     
  0.681120000000000       0.288379591581145     
  0.681200000000000       0.288396103304461     
  0.681280000000000       0.288412615077232     
  0.681360000000000       0.288429126899825     
  0.681440000000000       0.288445638772001     
  0.681520000000000       0.288462150693630     
  0.681600000000000       0.288478662664514     
  0.681680000000000       0.288495174684994     
  0.681760000000000       0.288511686754387     
  0.681840000000000       0.288528198872126     
  0.681920000000000       0.288544711039432     
  0.682000000000000       0.288561223254502     
  0.682080000000000       0.288577735518527     
  0.682160000000000       0.288594247830471     
  0.682240000000000       0.288610760190065     
  0.682320000000000       0.288627272597947     
  0.682400000000000       0.288643785053904     
  0.682480000000000       0.288660297556899     
  0.682560000000000       0.288676810107600     
  0.682640000000000       0.288693322704685     
  0.682720000000000       0.288709835350301     
  0.682800000000000       0.288726348041917     
  0.682880000000000       0.288742860780656     
  0.682960000000000       0.288759373566191     
  0.683040000000000       0.288775886397727     
  0.683120000000000       0.288792399275462     
  0.683200000000000       0.288808912200406     
  0.683280000000000       0.288825425170171     
  0.683360000000000       0.288841938186249     
  0.683440000000000       0.288858451247830     
  0.683520000000000       0.288874964355000     
  0.683600000000000       0.288891477507673     
  0.683680000000000       0.288907990705891     
  0.683760000000000       0.288924503948661     
  0.683840000000000       0.288941017236067     
  0.683920000000000       0.288957530568663     
  0.684000000000000       0.288974043945513     
  0.684080000000000       0.288990557366742     
  0.684160000000000       0.289007070832295     
  0.684240000000000       0.289023584342314     
  0.684320000000000       0.289040097895790     
  0.684400000000000       0.289056611492936     
  0.684480000000000       0.289073125134448     
  0.684560000000000       0.289089638818720     
  0.684640000000000       0.289106152546890     
  0.684720000000000       0.289122666317678     
  0.684800000000000       0.289139180131326     
  0.684880000000000       0.289155693987806     
  0.684960000000000       0.289172207887643     
  0.685040000000000       0.289188721828904     
  0.685120000000000       0.289205235812997     
  0.685200000000000       0.289221749839553     
  0.685280000000000       0.289238263908086     
  0.685360000000000       0.289254778017562     
  0.685440000000000       0.289271292169812     
  0.685520000000000       0.289287806363458     
  0.685600000000000       0.289304320597861     
  0.685680000000000       0.289320834874059     
  0.685760000000000       0.289337349190942     
  0.685840000000000       0.289353863549135     
  0.685920000000000       0.289370377948129     
  0.686000000000000       0.289386892387452     
  0.686080000000000       0.289403406867305     
  0.686160000000000       0.289419921387219     
  0.686240000000000       0.289436435947221     
  0.686320000000000       0.289452950547440     
  0.686400000000000       0.289469465187321     
  0.686480000000000       0.289485979867178     
  0.686560000000000       0.289502494586000     
  0.686640000000000       0.289519009344201     
  0.686720000000000       0.289535524141866     
  0.686800000000000       0.289552038978340     
  0.686880000000000       0.289568553853397     
  0.686960000000000       0.289585068767846     
  0.687040000000000       0.289601583720040     
  0.687120000000000       0.289618098711100     
  0.687200000000000       0.289634613740714     
  0.687280000000000       0.289651128807375     
  0.687360000000000       0.289667643913003     
  0.687440000000000       0.289684159054997     
  0.687520000000000       0.289700674235701     
  0.687600000000000       0.289717189453637     
  0.687680000000000       0.289733704708721     
  0.687760000000000       0.289750220000255     
  0.687840000000000       0.289766735329889     
  0.687920000000000       0.289783250695646     
  0.688000000000000       0.289799766097855     
  0.688080000000000       0.289816281537054     
  0.688160000000000       0.289832797012477     
  0.688240000000000       0.289849312523640     
  0.688320000000000       0.289865828070899     
  0.688400000000000       0.289882343654082     
  0.688480000000000       0.289898859272708     
  0.688560000000000       0.289915374927315     
  0.688640000000000       0.289931890616725     
  0.688720000000000       0.289948406341847     
  0.688800000000000       0.289964922101885     
  0.688880000000000       0.289981437896697     
  0.688960000000000       0.289997953726467     
  0.689040000000000       0.290014469590244     
  0.689120000000000       0.290030985488895     
  0.689200000000000       0.290047501421282     
  0.689280000000000       0.290064017387647     
  0.689360000000000       0.290080533388516     
  0.689440000000000       0.290097049422980     
  0.689520000000000       0.290113565491194     
  0.689600000000000       0.290130081592264     
  0.689680000000000       0.290146597727411     
  0.689760000000000       0.290163113895102     
  0.689840000000000       0.290179630095634     
  0.689920000000000       0.290196146329475     
  0.690000000000000       0.290212662596073     
  0.690080000000000       0.290229178894887     
  0.690160000000000       0.290245695226031     
  0.690240000000000       0.290262211589248     
  0.690320000000000       0.290278727984682     
  0.690400000000000       0.290295244411621     
  0.690480000000000       0.290311760870804     
  0.690560000000000       0.290328277360811     
  0.690640000000000       0.290344793882835     
  0.690720000000000       0.290361310435540     
  0.690800000000000       0.290377827019594     
  0.690880000000000       0.290394343634046     
  0.690960000000000       0.290410860280159     
  0.691040000000000       0.290427376956455     
  0.691120000000000       0.290443893663505     
  0.691200000000000       0.290460410399942     
  0.691280000000000       0.290476927167373     
  0.691360000000000       0.290493443963808     
  0.691440000000000       0.290509960790769     
  0.691520000000000       0.290526477647487     
  0.691600000000000       0.290542994532797     
  0.691680000000000       0.290559511448078     
  0.691760000000000       0.290576028392505     
  0.691840000000000       0.290592545365681     
  0.691920000000000       0.290609062367719     
  0.692000000000000       0.290625579399259     
  0.692080000000000       0.290642096458254     
  0.692160000000000       0.290658613546125     
  0.692240000000000       0.290675130662035     
  0.692320000000000       0.290691647805699     
  0.692400000000000       0.290708164977315     
  0.692480000000000       0.290724682177296     
  0.692560000000000       0.290741199404249     
  0.692640000000000       0.290757716658999     
  0.692720000000000       0.290774233940735     
  0.692800000000000       0.290790751249642     
  0.692880000000000       0.290807268584726     
  0.692960000000000       0.290823785947734     
  0.693040000000000       0.290840303337046     
  0.693120000000000       0.290856820752421     
  0.693200000000000       0.290873338194300     
  0.693280000000000       0.290889855662525     
  0.693360000000000       0.290906373156429     
  0.693440000000000       0.290922890676410     
  0.693520000000000       0.290939408221587     
  0.693600000000000       0.290955925793040     
  0.693680000000000       0.290972443389006     
  0.693760000000000       0.290988961010439     
  0.693840000000000       0.291005478657436     
  0.693920000000000       0.291021996328550     
  0.694000000000000       0.291038514024049     
  0.694080000000000       0.291055031744844     
  0.694160000000000       0.291071549490081     
  0.694240000000000       0.291088067259534     
  0.694320000000000       0.291104585052577     
  0.694400000000000       0.291121102870076     
  0.694480000000000       0.291137620710839     
  0.694560000000000       0.291154138575504     
  0.694640000000000       0.291170656463319     
  0.694720000000000       0.291187174374724     
  0.694800000000000       0.291203692308952     
  0.694880000000000       0.291220210266570     
  0.694960000000000       0.291236728246798     
  0.695040000000000       0.291253246249337     
  0.695120000000000       0.291269764274998     
  0.695200000000000       0.291286282321917     
  0.695280000000000       0.291302800391631     
  0.695360000000000       0.291319318483556     
  0.695440000000000       0.291335836596969     
  0.695520000000000       0.291352354732408     
  0.695600000000000       0.291368872889476     
  0.695680000000000       0.291385391067604     
  0.695760000000000       0.291401909266949     
  0.695840000000000       0.291418427487440     
  0.695920000000000       0.291434945728906     
  0.696000000000000       0.291451463990381     
  0.696080000000000       0.291467982273457     
  0.696160000000000       0.291484500576016     
  0.696240000000000       0.291501018899322     
  0.696320000000000       0.291517537243149     
  0.696400000000000       0.291534055606076     
  0.696480000000000       0.291550573989281     
  0.696560000000000       0.291567092392069     
  0.696640000000000       0.291583610814212     
  0.696720000000000       0.291600129254985     
  0.696800000000000       0.291616647716577     
  0.696880000000000       0.291633166196047     
  0.696960000000000       0.291649684693962     
  0.697040000000000       0.291666203211133     
  0.697120000000000       0.291682721746778     
  0.697200000000000       0.291699240300656     
  0.697280000000000       0.291715758872937     
  0.697360000000000       0.291732277462739     
  0.697440000000000       0.291748796070831     
  0.697520000000000       0.291765314696716     
  0.697600000000000       0.291781833339951     
  0.697680000000000       0.291798352000552     
  0.697760000000000       0.291814870678405     
  0.697840000000000       0.291831389373681     
  0.697920000000000       0.291847908085512     
  0.698000000000000       0.291864426813928     
  0.698080000000000       0.291880945559169     
  0.698160000000000       0.291897464321278     
  0.698240000000000       0.291913983099104     
  0.698320000000000       0.291930501893600     
  0.698400000000000       0.291947020703557     
  0.698480000000000       0.291963539529075     
  0.698560000000000       0.291980058371078     
  0.698640000000000       0.291996577228173     
  0.698720000000000       0.292013096100502     
  0.698800000000000       0.292029614987652     
  0.698880000000000       0.292046133890435     
  0.698960000000000       0.292062652807798     
  0.699040000000000       0.292079171739627     
  0.699120000000000       0.292095690686350     
  0.699200000000000       0.292112209647681     
  0.699280000000000       0.292128728622754     
  0.699360000000000       0.292145247611583     
  0.699440000000000       0.292161766615078     
  0.699520000000000       0.292178285631562     
  0.699600000000000       0.292194804662796     
  0.699680000000000       0.292211323706408     
  0.699760000000000       0.292227842763322     
  0.699840000000000       0.292244361833807     
  0.699920000000000       0.292260880916939     
  0.700000000000000       0.292277400013117     
  0.700080000000000       0.292293919121616     
  0.700160000000000       0.292310438242990     
  0.700240000000000       0.292326957376216     
  0.700320000000000       0.292343476522132     
  0.700400000000000       0.292359995679104     
  0.700480000000000       0.292376514848482     
  0.700560000000000       0.292393034030096     
  0.700640000000000       0.292409553222140     
  0.700720000000000       0.292426072426278     
  0.700800000000000       0.292442591641515     
  0.700880000000000       0.292459110867878     
  0.700960000000000       0.292475630104431     
  0.701040000000000       0.292492149352822     
  0.701120000000000       0.292508668610734     
  0.701200000000000       0.292525187879275     
  0.701280000000000       0.292541707158333     
  0.701360000000000       0.292558226447892     
  0.701440000000000       0.292574745746916     
  0.701520000000000       0.292591265055120     
  0.701600000000000       0.292607784373925     
  0.701680000000000       0.292624303701925     
  0.701760000000000       0.292640823038664     
  0.701840000000000       0.292657342385422     
  0.701920000000000       0.292673861740451     
  0.702000000000000       0.292690381104404     
  0.702080000000000       0.292706900477197     
  0.702160000000000       0.292723419858174     
  0.702240000000000       0.292739939247650     
  0.702320000000000       0.292756458645468     
  0.702400000000000       0.292772978051158     
  0.702480000000000       0.292789497464679     
  0.702560000000000       0.292806016885945     
  0.702640000000000       0.292822536314841     
  0.702720000000000       0.292839055751128     
  0.702800000000000       0.292855575194477     
  0.702880000000000       0.292872094645102     
  0.702960000000000       0.292888614102492     
  0.703040000000000       0.292905133566561     
  0.703120000000000       0.292921653037124     
  0.703200000000000       0.292938172514693     
  0.703280000000000       0.292954691997946     
  0.703360000000000       0.292971211487821     
  0.703440000000000       0.292987730982785     
  0.703520000000000       0.293004250484299     
  0.703600000000000       0.293020769991171     
  0.703680000000000       0.293037289503897     
  0.703760000000000       0.293053809021384     
  0.703840000000000       0.293070328544485     
  0.703920000000000       0.293086848072630     
  0.704000000000000       0.293103367605252     
  0.704080000000000       0.293119887143075     
  0.704160000000000       0.293136406684536     
  0.704240000000000       0.293152926230644     
  0.704320000000000       0.293169445781641     
  0.704400000000000       0.293185965336019     
  0.704480000000000       0.293202484894178     
  0.704560000000000       0.293219004456643     
  0.704640000000000       0.293235524022745     
  0.704720000000000       0.293252043591789     
  0.704800000000000       0.293268563164187     
  0.704880000000000       0.293285082739683     
  0.704960000000000       0.293301602318277     
  0.705040000000000       0.293318121899216     
  0.705120000000000       0.293334641482997     
  0.705200000000000       0.293351161069492     
  0.705280000000000       0.293367680658446     
  0.705360000000000       0.293384200248679     
  0.705440000000000       0.293400719841725     
  0.705520000000000       0.293417239435823     
  0.705600000000000       0.293433759032479     
  0.705680000000000       0.293450278630598     
  0.705760000000000       0.293466798229159     
  0.705840000000000       0.293483317829467     
  0.705920000000000       0.293499837430997     
  0.706000000000000       0.293516357033437     
  0.706080000000000       0.293532876636047     
  0.706160000000000       0.293549396239297     
  0.706240000000000       0.293565915843072     
  0.706320000000000       0.293582435447019     
  0.706400000000000       0.293598955051363     
  0.706480000000000       0.293615474655181     
  0.706560000000000       0.293631994258871     
  0.706640000000000       0.293648513862618     
  0.706720000000000       0.293665033465527     
  0.706800000000000       0.293681553067725     
  0.706880000000000       0.293698072669156     
  0.706960000000000       0.293714592269009     
  0.707040000000000       0.293731111868507     
  0.707120000000000       0.293747631465746     
  0.707200000000000       0.293764151061834     
  0.707280000000000       0.293780670656713     
  0.707360000000000       0.293797190248822     
  0.707440000000000       0.293813709839850     
  0.707520000000000       0.293830229428079     
  0.707600000000000       0.293846749014446     
  0.707680000000000       0.293863268598099     
  0.707760000000000       0.293879788179024     
  0.707840000000000       0.293896307757134     
  0.707920000000000       0.293912827332858     
  0.708000000000000       0.293929346905100     
  0.708080000000000       0.293945866474115     
  0.708160000000000       0.293962386039593     
  0.708240000000000       0.293978905601674     
  0.708320000000000       0.293995425160017     
  0.708400000000000       0.294011944714197     
  0.708480000000000       0.294028464264753     
  0.708560000000000       0.294044983810761     
  0.708640000000000       0.294061503352307     
  0.708720000000000       0.294078022889576     
  0.708800000000000       0.294094542421857     
  0.708880000000000       0.294111061950059     
  0.708960000000000       0.294127581472137     
  0.709040000000000       0.294144100989894     
  0.709120000000000       0.294160620502024     
  0.709200000000000       0.294177140008299     
  0.709280000000000       0.294193659509259     
  0.709360000000000       0.294210179004634     
  0.709440000000000       0.294226698493699     
  0.709520000000000       0.294243217977109     
  0.709600000000000       0.294259737454337     
  0.709680000000000       0.294276256924530     
  0.709760000000000       0.294292776388102     
  0.709840000000000       0.294309295845505     
  0.709920000000000       0.294325815295179     
  0.710000000000000       0.294342334738258     
  0.710080000000000       0.294358854174388     
  0.710160000000000       0.294375373602929     
  0.710240000000000       0.294391893023598     
  0.710320000000000       0.294408412437019     
  0.710400000000000       0.294424931841999     
  0.710480000000000       0.294441451238993     
  0.710560000000000       0.294457970628483     
  0.710640000000000       0.294474490009148     
  0.710720000000000       0.294491009380832     
  0.710800000000000       0.294507528744927     
  0.710880000000000       0.294524048099743     
  0.710960000000000       0.294540567445392     
  0.711040000000000       0.294557086782089     
  0.711120000000000       0.294573606109208     
  0.711200000000000       0.294590125427160     
  0.711280000000000       0.294606644735251     
  0.711360000000000       0.294623164033479     
  0.711440000000000       0.294639683322228     
  0.711520000000000       0.294656202600874     
  0.711600000000000       0.294672721869159     
  0.711680000000000       0.294689241126815     
  0.711760000000000       0.294705760374239     
  0.711840000000000       0.294722279610451     
  0.711920000000000       0.294738798836119     
  0.712000000000000       0.294755318050858     
  0.712080000000000       0.294771837253902     
  0.712160000000000       0.294788356445889     
  0.712240000000000       0.294804875626267     
  0.712320000000000       0.294821394794892     
  0.712400000000000       0.294837913951707     
  0.712480000000000       0.294854433097041     
  0.712560000000000       0.294870952229968     
  0.712640000000000       0.294887471349978     
  0.712720000000000       0.294903990458079     
  0.712800000000000       0.294920509553688     
  0.712880000000000       0.294937028635812     
  0.712960000000000       0.294953547705501     
  0.713040000000000       0.294970066762059     
  0.713120000000000       0.294986585804975     
  0.713200000000000       0.295003104835016     
  0.713280000000000       0.295019623851243     
  0.713360000000000       0.295036142853147     
  0.713440000000000       0.295052661842061     
  0.713520000000000       0.295069180816495     
  0.713600000000000       0.295085699776846     
  0.713680000000000       0.295102218722545     
  0.713760000000000       0.295118737653763     
  0.713840000000000       0.295135256570401     
  0.713920000000000       0.295151775472317     
  0.714000000000000       0.295168294358771     
  0.714080000000000       0.295184813230063     
  0.714160000000000       0.295201332086546     
  0.714240000000000       0.295217850927568     
  0.714320000000000       0.295234369752589     
  0.714400000000000       0.295250888561822     
  0.714480000000000       0.295267407354712     
  0.714560000000000       0.295283926131799     
  0.714640000000000       0.295300444892089     
  0.714720000000000       0.295316963636904     
  0.714800000000000       0.295333482365135     
  0.714880000000000       0.295350001075616     
  0.714960000000000       0.295366519770437     
  0.715040000000000       0.295383038447153     
  0.715120000000000       0.295399557107172     
  0.715200000000000       0.295416075749355     
  0.715280000000000       0.295432594374245     
  0.715360000000000       0.295449112981129     
  0.715440000000000       0.295465631570534     
  0.715520000000000       0.295482150141365     
  0.715600000000000       0.295498668694177     
  0.715680000000000       0.295515187229296     
  0.715760000000000       0.295531705745344     
  0.715840000000000       0.295548224242521     
  0.715920000000000       0.295564742721436     
  0.716000000000000       0.295581261180669     
  0.716080000000000       0.295597779621073     
  0.716160000000000       0.295614298042008     
  0.716240000000000       0.295630816443972     
  0.716320000000000       0.295647334826069     
  0.716400000000000       0.295663853188782     
  0.716480000000000       0.295680371530335     
  0.716560000000000       0.295696889852647     
  0.716640000000000       0.295713408155206     
  0.716720000000000       0.295729926436007     
  0.716800000000000       0.295746444697269     
  0.716880000000000       0.295762962937485     
  0.716960000000000       0.295779481156697     
  0.717040000000000       0.295795999354905     
  0.717120000000000       0.295812517532053     
  0.717200000000000       0.295829035687487     
  0.717280000000000       0.295845553821661     
  0.717360000000000       0.295862071934221     
  0.717440000000000       0.295878590024753     
  0.717520000000000       0.295895108093586     
  0.717600000000000       0.295911626139653     
  0.717680000000000       0.295928144164361     
  0.717760000000000       0.295944662165607     
  0.717840000000000       0.295961180144244     
  0.717920000000000       0.295977698101024     
  0.718000000000000       0.295994216033404     
  0.718080000000000       0.296010733943544     
  0.718160000000000       0.296027251831004     
  0.718240000000000       0.296043769694305     
  0.718320000000000       0.296060287534016     
  0.718400000000000       0.296076805349895     
  0.718480000000000       0.296093323141886     
  0.718560000000000       0.296109840909762     
  0.718640000000000       0.296126358653535     
  0.718720000000000       0.296142876372994     
  0.718800000000000       0.296159394067399     
  0.718880000000000       0.296175911737788     
  0.718960000000000       0.296192429383294     
  0.719040000000000       0.296208947003646     
  0.719120000000000       0.296225464598504     
  0.719200000000000       0.296241982168110     
  0.719280000000000       0.296258499712221     
  0.719360000000000       0.296275017231207     
  0.719440000000000       0.296291534723633     
  0.719520000000000       0.296308052190409     
  0.719600000000000       0.296324569630895     
  0.719680000000000       0.296341087045744     
  0.719760000000000       0.296357604433081     
  0.719840000000000       0.296374121793971     
  0.719920000000000       0.296390639128686     
  0.720000000000000       0.296407156435973     
  0.720080000000000       0.296423673716686     
  0.720160000000000       0.296440190969929     
  0.720240000000000       0.296456708195575     
  0.720320000000000       0.296473225393652     
  0.720400000000000       0.296489742564245     
  0.720480000000000       0.296506259706501     
  0.720560000000000       0.296522776821445     
  0.720640000000000       0.296539293907668     
  0.720720000000000       0.296555810965370     
  0.720800000000000       0.296572327995091     
  0.720880000000000       0.296588844995281     
  0.720960000000000       0.296605361967136     
  0.721040000000000       0.296621878910057     
  0.721120000000000       0.296638395824087     
  0.721200000000000       0.296654912708786     
  0.721280000000000       0.296671429563727     
  0.721360000000000       0.296687946388485     
  0.721440000000000       0.296704463184437     
  0.721520000000000       0.296720979949780     
  0.721600000000000       0.296737496684966     
  0.721680000000000       0.296754013390353     
  0.721760000000000       0.296770530065285     
  0.721840000000000       0.296787046709324     
  0.721920000000000       0.296803563323249     
  0.722000000000000       0.296820079905228     
  0.722080000000000       0.296836596456953     
  0.722160000000000       0.296853112976774     
  0.722240000000000       0.296869629465942     
  0.722320000000000       0.296886145923762     
  0.722400000000000       0.296902662348683     
  0.722480000000000       0.296919178742724     
  0.722560000000000       0.296935695104207     
  0.722640000000000       0.296952211434200     
  0.722720000000000       0.296968727730911     
  0.722800000000000       0.296985243996002     
  0.722880000000000       0.297001760228196     
  0.722960000000000       0.297018276427605     
  0.723040000000000       0.297034792593846     
  0.723120000000000       0.297051308726890     
  0.723200000000000       0.297067824826823     
  0.723280000000000       0.297084340893375     
  0.723360000000000       0.297100856926005     
  0.723440000000000       0.297117372925098     
  0.723520000000000       0.297133888889943     
  0.723600000000000       0.297150404821662     
  0.723680000000000       0.297166920718095     
  0.723760000000000       0.297183436580536     
  0.723840000000000       0.297199952408573     
  0.723920000000000       0.297216468201523     
  0.724000000000000       0.297232983959927     
  0.724080000000000       0.297249499683287     
  0.724160000000000       0.297266015371261     
  0.724240000000000       0.297282531023723     
  0.724320000000000       0.297299046641368     
  0.724400000000000       0.297315562222804     
  0.724480000000000       0.297332077768499     
  0.724560000000000       0.297348593277900     
  0.724640000000000       0.297365108751788     
  0.724720000000000       0.297381624189069     
  0.724800000000000       0.297398139590013     
  0.724880000000000       0.297414654953724     
  0.724960000000000       0.297431170281567     
  0.725040000000000       0.297447685571964     
  0.725120000000000       0.297464200825655     
  0.725200000000000       0.297480716041346     
  0.725280000000000       0.297497231220217     
  0.725360000000000       0.297513746361102     
  0.725440000000000       0.297530261464385     
  0.725520000000000       0.297546776529867     
  0.725600000000000       0.297563291557833     
  0.725680000000000       0.297579806546690     
  0.725760000000000       0.297596321497463     
  0.725840000000000       0.297612836410022     
  0.725920000000000       0.297629351283686     
  0.726000000000000       0.297645866118214     
  0.726080000000000       0.297662380913647     
  0.726160000000000       0.297678895670555     
  0.726240000000000       0.297695410387374     
  0.726320000000000       0.297711925065909     
  0.726400000000000       0.297728439703545     
  0.726480000000000       0.297744954302513     
  0.726560000000000       0.297761468860938     
  0.726640000000000       0.297777983378791     
  0.726720000000000       0.297794497856938     
  0.726800000000000       0.297811012294628     
  0.726880000000000       0.297827526691503     
  0.726960000000000       0.297844041047708     
  0.727040000000000       0.297860555363326     
  0.727120000000000       0.297877069637590     
  0.727200000000000       0.297893583870885     
  0.727280000000000       0.297910098062201     
  0.727360000000000       0.297926612212689     
  0.727440000000000       0.297943126320956     
  0.727520000000000       0.297959640387657     
  0.727600000000000       0.297976154412194     
  0.727680000000000       0.297992668394639     
  0.727760000000000       0.298009182334039     
  0.727840000000000       0.298025696231829     
  0.727920000000000       0.298042210086561     
  0.728000000000000       0.298058723898362     
  0.728080000000000       0.298075237667786     
  0.728160000000000       0.298091751393696     
  0.728240000000000       0.298108265076178     
  0.728320000000000       0.298124778715388     
  0.728400000000000       0.298141292311070     
  0.728480000000000       0.298157805863266     
  0.728560000000000       0.298174319370671     
  0.728640000000000       0.298190832834632     
  0.728720000000000       0.298207346254483     
  0.728800000000000       0.298223859629286     
  0.728880000000000       0.298240372960206     
  0.728960000000000       0.298256886245849     
  0.729040000000000       0.298273399486786     
  0.729120000000000       0.298289912682716     
  0.729200000000000       0.298306425833798     
  0.729280000000000       0.298322938938864     
  0.729360000000000       0.298339451998783     
  0.729440000000000       0.298355965013241     
  0.729520000000000       0.298372477981314     
  0.729600000000000       0.298388990904084     
  0.729680000000000       0.298405503780413     
  0.729760000000000       0.298422016610257     
  0.729840000000000       0.298438529393690     
  0.729920000000000       0.298455042130382     
  0.730000000000000       0.298471554820634     
  0.730080000000000       0.298488067463862     
  0.730160000000000       0.298504580059498     
  0.730240000000000       0.298521092608436     
  0.730320000000000       0.298537605109499     
  0.730400000000000       0.298554117563523     
  0.730480000000000       0.298570629969743     
  0.730560000000000       0.298587142328015     
  0.730640000000000       0.298603654637415     
  0.730720000000000       0.298620166899352     
  0.730800000000000       0.298636679112985     
  0.730880000000000       0.298653191277975     
  0.730960000000000       0.298669703394350     
  0.731040000000000       0.298686215461953     
  0.731120000000000       0.298702727479960     
  0.731200000000000       0.298719239449096     
  0.731280000000000       0.298735751369134     
  0.731360000000000       0.298752263239632     
  0.731440000000000       0.298768775060421     
  0.731520000000000       0.298785286831642     
  0.731600000000000       0.298801798552501     
  0.731680000000000       0.298818310223351     
  0.731760000000000       0.298834821843866     
  0.731840000000000       0.298851333414615     
  0.731920000000000       0.298867844933807     
  0.732000000000000       0.298884356402607     
  0.732080000000000       0.298900867820632     
  0.732160000000000       0.298917379187313     
  0.732240000000000       0.298933890503233     
  0.732320000000000       0.298950401767496     
  0.732400000000000       0.298966912980117     
  0.732480000000000       0.298983424140855     
  0.732560000000000       0.298999935250191     
  0.732640000000000       0.299016446307303     
  0.732720000000000       0.299032957312574     
  0.732800000000000       0.299049468264894     
  0.732880000000000       0.299065979164877     
  0.732960000000000       0.299082490012464     
  0.733040000000000       0.299099000807186     
  0.733120000000000       0.299115511548803     
  0.733200000000000       0.299132022237356     
  0.733280000000000       0.299148532872405     
  0.733360000000000       0.299165043454079     
  0.733440000000000       0.299181553982305     
  0.733520000000000       0.299198064456985     
  0.733600000000000       0.299214574876967     
  0.733680000000000       0.299231085243332     
  0.733760000000000       0.299247595555639     
  0.733840000000000       0.299264105813333     
  0.733920000000000       0.299280616016614     
  0.734000000000000       0.299297126165283     
  0.734080000000000       0.299313636258870     
  0.734160000000000       0.299330146297135     
  0.734240000000000       0.299346656280304     
  0.734320000000000       0.299363166208065     
  0.734400000000000       0.299379676080915     
  0.734480000000000       0.299396185897803     
  0.734560000000000       0.299412695658373     
  0.734640000000000       0.299429205363990     
  0.734720000000000       0.299445715012308     
  0.734800000000000       0.299462224604494     
  0.734880000000000       0.299478734140504     
  0.734960000000000       0.299495243619828     
  0.735040000000000       0.299511753042435     
  0.735120000000000       0.299528262408654     
  0.735200000000000       0.299544771717078     
  0.735280000000000       0.299561280968388     
  0.735360000000000       0.299577790162385     
  0.735440000000000       0.299594299298460     
  0.735520000000000       0.299610808377207     
  0.735600000000000       0.299627317398173     
  0.735680000000000       0.299643826360477     
  0.735760000000000       0.299660335264886     
  0.735840000000000       0.299676844111031     
  0.735920000000000       0.299693352898171     
  0.736000000000000       0.299709861627403     
  0.736080000000000       0.299726370297347     
  0.736160000000000       0.299742878908131     
  0.736240000000000       0.299759387459912     
  0.736320000000000       0.299775895952405     
  0.736400000000000       0.299792404385582     
  0.736480000000000       0.299808912758917     
  0.736560000000000       0.299825421072779     
  0.736640000000000       0.299841929326473     
  0.736720000000000       0.299858437519814     
  0.736800000000000       0.299874945652715     
  0.736880000000000       0.299891453725107     
  0.736960000000000       0.299907961737799     
  0.737040000000000       0.299924469688745     
  0.737120000000000       0.299940977579749     
  0.737200000000000       0.299957485409050     
  0.737280000000000       0.299973993177557     
  0.737360000000000       0.299990500884402     
  0.737440000000000       0.300007008529374     
  0.737520000000000       0.300023516113069     
  0.737600000000000       0.300040023634620     
  0.737680000000000       0.300056531094694     
  0.737760000000000       0.300073038491672     
  0.737840000000000       0.300089545827075     
  0.737920000000000       0.300106053099779     
  0.738000000000000       0.300122560310155     
  0.738080000000000       0.300139067456837     
  0.738160000000000       0.300155574541205     
  0.738240000000000       0.300172081562747     
  0.738320000000000       0.300188588520524     
  0.738400000000000       0.300205095414566     
  0.738480000000000       0.300221602245540     
  0.738560000000000       0.300238109012736     
  0.738640000000000       0.300254615715713     
  0.738720000000000       0.300271122354428     
  0.738800000000000       0.300287628929067     
  0.738880000000000       0.300304135439302     
  0.738960000000000       0.300320641885219     
  0.739040000000000       0.300337148266902     
  0.739120000000000       0.300353654582790     
  0.739200000000000       0.300370160833890     
  0.739280000000000       0.300386667019919     
  0.739360000000000       0.300403173140151     
  0.739440000000000       0.300419679195355     
  0.739520000000000       0.300436185184790     
  0.739600000000000       0.300452691108714     
  0.739680000000000       0.300469196966159     
  0.739760000000000       0.300485702757865     
  0.739840000000000       0.300502208482880     
  0.739920000000000       0.300518714141146     
