6.2187E-03 6.2293E-03 0.1706
6.1909E-03 6.1961E-03 0.0848
6.2212E-03 6.2244E-03 0.0504
6.2111E-03 6.2167E-03 0.0902
6.2154E-03 6.2131E-03 0.0367
6.2031E-03 6.2107E-03 0.1215
6.2133E-03 6.2212E-03 0.1268
6.2166E-03 6.2254E-03 0.1415
6.2313E-03 6.2399E-03 0.1380
6.2243E-03 6.2259E-03 0.0248
4.3289E-03 4.3226E-03 0.1458
6.1982E-03 6.1988E-03 0.0094
4.3179E-03 4.3070E-03 0.2537
6.2184E-03 6.2188E-03 0.0054
4.3572E-03 4.3428E-03 0.3300
6.1936E-03 6.1970E-03 0.0539
6.2167E-03 6.2163E-03 0.0065
6.2182E-03 6.2281E-03 0.1598
6.1947E-03 6.1986E-03 0.0620
6.2055E-03 6.2020E-03 0.0574
5.3419E-03 5.3302E-03 0.2191
4.3473E-03 4.3420E-03 0.1221
5.3548E-03 5.3591E-03 0.0793
4.3459E-03 4.3417E-03 0.0975
5.3347E-03 5.3370E-03 0.0436
4.3356E-03 4.3397E-03 0.0938
5.3618E-03 5.3625E-03 0.0131
4.3482E-03 4.3404E-03 0.1806
5.3348E-03 5.3219E-03 0.2429
6.2166E-03 6.2078E-03 0.1429
6.2258E-03 6.2319E-03 0.0979
6.2202E-03 6.2283E-03 0.1301
5.3357E-03 5.3214E-03 0.2673
5.3634E-03 5.3497E-03 0.2563
5.3308E-03 5.3340E-03 0.0582
4.3274E-03 4.3325E-03 0.1193
5.3675E-03 5.3705E-03 0.0567
4.3385E-03 4.3385E-03 0.0016
5.3412E-03 5.3402E-03 0.0178
4.3579E-03 4.3519E-03 0.1374
5.3550E-03 5.3521E-03 0.0535
5.3560E-03 5.3438E-03 0.2286
5.3176E-03 5.2984E-03 0.3626
6.2094E-03 6.2214E-03 0.1931
6.2010E-03 6.2080E-03 0.1139
6.2265E-03 6.2247E-03 0.0291
4.3591E-03 4.3507E-03 0.1937
5.3533E-03 5.3527E-03 0.0119
4.3280E-03 4.3344E-03 0.1467
5.3433E-03 5.3424E-03 0.0168
4.3171E-03 4.3130E-03 0.0955
5.3402E-03 5.3375E-03 0.0497
4.3447E-03 4.3426E-03 0.0491
5.3739E-03 5.3729E-03 0.0190
4.3226E-03 4.3336E-03 0.2540
5.3657E-03 5.3543E-03 0.2123
4.3442E-03 4.3373E-03 0.1598
6.2070E-03 6.2026E-03 0.0712
6.2153E-03 6.2160E-03 0.0102
6.2038E-03 6.2069E-03 0.0491
4.3177E-03 4.3070E-03 0.2470
5.3705E-03 5.3660E-03 0.0842
4.3206E-03 4.3249E-03 0.0990
5.3491E-03 5.3435E-03 0.1041
4.3627E-03 4.3529E-03 0.2266
5.3729E-03 5.3692E-03 0.0691
4.3606E-03 4.3495E-03 0.2560
5.3491E-03 5.3494E-03 0.0054
4.3275E-03 4.3308E-03 0.0774
5.3649E-03 5.3657E-03 0.0146
4.3271E-03 4.3327E-03 0.1290
5.3314E-03 5.3392E-03 0.1452
4.3240E-03 4.3116E-03 0.2880
6.1896E-03 6.1864E-03 0.0525
6.2118E-03 6.2144E-03 0.0426
6.2177E-03 6.2132E-03 0.0730
4.3261E-03 4.3315E-03 0.1244
5.3474E-03 5.3429E-03 0.0857
4.3169E-03 4.3100E-03 0.1586
5.3772E-03 5.3700E-03 0.1347
4.3168E-03 4.3130E-03 0.0885
5.3439E-03 5.3447E-03 0.0149
4.3490E-03 4.3479E-03 0.0254
5.3341E-03 5.3252E-03 0.1671
4.3412E-03 4.3396E-03 0.0378
5.3796E-03 5.3750E-03 0.0847
4.3348E-03 4.3338E-03 0.0230
6.2150E-03 6.2128E-03 0.0368
6.1877E-03 6.1846E-03 0.0502
6.2286E-03 6.2359E-03 0.1169
4.3302E-03 4.3247E-03 0.1260
5.3326E-03 5.3365E-03 0.0715
4.3212E-03 4.3207E-03 0.0100
5.3360E-03 5.3296E-03 0.1207
4.3170E-03 4.3159E-03 0.0258
5.3239E-03 5.3265E-03 0.0484
4.3384E-03 4.3445E-03 0.1399
5.3840E-03 5.3738E-03 0.1903
4.3179E-03 4.3201E-03 0.0531
5.3309E-03 5.3260E-03 0.0918
4.3616E-03 4.3497E-03 0.2734
5.3466E-03 5.3455E-03 0.0222
4.3241E-03 4.3155E-03 0.1998
6.1941E-03 6.1898E-03 0.0685
6.1993E-03 6.1980E-03 0.0209
6.1880E-03 6.1925E-03 0.0727
4.3292E-03 4.3292E-03 0.0008
5.3679E-03 5.3670E-03 0.0169
4.3172E-03 4.3124E-03 0.1113
5.3661E-03 5.3599E-03 0.1171
4.3459E-03 4.3479E-03 0.0462
5.3718E-03 5.3597E-03 0.2264
4.3168E-03 4.3156E-03 0.0284
5.3793E-03 5.3714E-03 0.1465
4.3171E-03 4.3098E-03 0.1698
5.3434E-03 5.3377E-03 0.1076
4.3337E-03 4.3316E-03 0.0481
6.2243E-03 6.2245E-03 0.0032
6.1991E-03 6.2015E-03 0.0378
6.1837E-03 6.1817E-03 0.0318
4.3425E-03 4.3287E-03 0.3179
5.3706E-03 5.3602E-03 0.1934
4.3168E-03 4.3123E-03 0.1030
5.3686E-03 5.3609E-03 0.1449
4.3227E-03 4.3266E-03 0.0889
5.3559E-03 5.3511E-03 0.0897
4.3168E-03 4.3112E-03 0.1297
5.3308E-03 5.3212E-03 0.1811
4.3181E-03 4.3207E-03 0.0582
5.3800E-03 5.3708E-03 0.1701
4.3184E-03 4.3219E-03 0.0815
5.3632E-03 5.3601E-03 0.0585
4.3565E-03 4.3427E-03 0.3169
6.2296E-03 6.2405E-03 0.1746
6.1896E-03 6.1960E-03 0.1027
6.1710E-03 6.1595E-03 0.1860
4.3207E-03 4.3167E-03 0.0926
5.3516E-03 5.3495E-03 0.0384
4.3168E-03 4.3117E-03 0.1169
5.3618E-03 5.3573E-03 0.0833
4.3218E-03 4.3239E-03 0.0478
5.3419E-03 5.3379E-03 0.0751
4.3475E-03 4.3486E-03 0.0274
5.3505E-03 5.3523E-03 0.0325
4.3212E-03 4.3216E-03 0.0110
5.3431E-03 5.3402E-03 0.0548
4.3394E-03 4.3317E-03 0.1777
6.1705E-03 6.1648E-03 0.0940
6.2313E-03 6.2389E-03 0.1219
6.2260E-03 6.2285E-03 0.0413
5.3313E-03 5.3191E-03 0.2289
5.3804E-03 5.3635E-03 0.3146
5.3470E-03 5.3426E-03 0.0833
4.3377E-03 4.3397E-03 0.0463
5.3372E-03 5.3297E-03 0.1413
4.3575E-03 4.3524E-03 0.1160
5.3625E-03 5.3662E-03 0.0682
4.3597E-03 4.3505E-03 0.2122
5.3748E-03 5.3670E-03 0.1438
5.3414E-03 5.3335E-03 0.1477
5.3355E-03 5.3185E-03 0.3202
6.1906E-03 6.1915E-03 0.0147
6.1961E-03 6.2068E-03 0.1722
6.2216E-03 6.2107E-03 0.1744
5.3640E-03 5.3421E-03 0.4101
4.3178E-03 4.3111E-03 0.1570
5.3666E-03 5.3592E-03 0.1378
4.3176E-03 4.3100E-03 0.1754
5.3526E-03 5.3488E-03 0.0710
4.3174E-03 4.3111E-03 0.1460
5.3172E-03 5.3181E-03 0.0178
4.3516E-03 4.3418E-03 0.2255
5.3270E-03 5.3049E-03 0.4170
6.1788E-03 6.1737E-03 0.0825
6.2317E-03 6.2389E-03 0.1158
6.2054E-03 6.2164E-03 0.1771
6.2296E-03 6.2323E-03 0.0433
6.2041E-03 6.2040E-03 0.0015
4.3540E-03 4.3374E-03 0.3841
6.1754E-03 6.1716E-03 0.0621
4.3266E-03 4.3222E-03 0.1039
6.1821E-03 6.1804E-03 0.0272
4.3301E-03 4.3196E-03 0.2436
6.1995E-03 6.1943E-03 0.0830
6.1832E-03 6.1888E-03 0.0899
6.1931E-03 6.1994E-03 0.1020
6.2132E-03 6.2201E-03 0.1103
6.2193E-03 6.2258E-03 0.1045
6.2220E-03 6.2196E-03 0.0384
6.2296E-03 6.2354E-03 0.0938
6.2192E-03 6.2234E-03 0.0674
6.2285E-03 6.2392E-03 0.1711
6.1840E-03 6.1840E-03 0.0009
