  0.660000000000000       5.902176016799367E-002
  0.660080000000000       5.902352817609093E-002
  0.660160000000000       5.902529665480195E-002
  0.660240000000000       5.902706560277672E-002
  0.660320000000000       5.902883502107394E-002
  0.660400000000000       5.903060490904700E-002
  0.660480000000000       5.903237526701567E-002
  0.660560000000000       5.903414609546311E-002
  0.660640000000000       5.903591739321691E-002
  0.660720000000000       5.903768916052578E-002
  0.660800000000000       5.903946139841999E-002
  0.660880000000000       5.904123410555663E-002
  0.660960000000000       5.904300728310098E-002
  0.661040000000000       5.904478093040645E-002
  0.661120000000000       5.904655504696145E-002
  0.661200000000000       5.904832963387442E-002
  0.661280000000000       5.905010469017193E-002
  0.661360000000000       5.905188021645792E-002
  0.661440000000000       5.905365621229898E-002
  0.661520000000000       5.905543267800774E-002
  0.661600000000000       5.905720961350604E-002
  0.661680000000000       5.905898701898572E-002
  0.661760000000000       5.906076489360125E-002
  0.661840000000000       5.906254323787842E-002
  0.661920000000000       5.906432205234304E-002
  0.662000000000000       5.906610133582980E-002
  0.662080000000000       5.906788108931217E-002
  0.662160000000000       5.906966131232118E-002
  0.662240000000000       5.907144200467919E-002
  0.662320000000000       5.907322316677700E-002
  0.662400000000000       5.907500479924700E-002
  0.662480000000000       5.907678689988650E-002
  0.662560000000000       5.907856947075608E-002
  0.662640000000000       5.908035251096046E-002
  0.662720000000000       5.908213602068436E-002
  0.662800000000000       5.908391999982833E-002
  0.662880000000000       5.908570444899632E-002
  0.662960000000000       5.908748936772647E-002
  0.663040000000000       5.908927475519456E-002
  0.663120000000000       5.909106061238113E-002
  0.663200000000000       5.909284693907303E-002
  0.663280000000000       5.909463373490077E-002
  0.663360000000000       5.909642100056069E-002
  0.663440000000000       5.909820873546302E-002
  0.663520000000000       5.909999693922409E-002
  0.663600000000000       5.910178561302339E-002
  0.663680000000000       5.910357475575247E-002
  0.663760000000000       5.910536436802240E-002
  0.663840000000000       5.910715444952054E-002
  0.663920000000000       5.910894500016874E-002
  0.664000000000000       5.911073602003093E-002
  0.664080000000000       5.911252750929898E-002
  0.664160000000000       5.911431946766733E-002
  0.664240000000000       5.911611189583944E-002
  0.664320000000000       5.911790479282765E-002
  0.664400000000000       5.911969815869590E-002
  0.664480000000000       5.912149199416895E-002
  0.664560000000000       5.912328629900522E-002
  0.664640000000000       5.912508107235205E-002
  0.664720000000000       5.912687631542447E-002
  0.664800000000000       5.912867202750484E-002
  0.664880000000000       5.913046820817393E-002
  0.664960000000000       5.913226485851887E-002
  0.665040000000000       5.913406197718253E-002
  0.665120000000000       5.913585956610469E-002
  0.665200000000000       5.913765762330293E-002
  0.665280000000000       5.913945614964412E-002
  0.665360000000000       5.914125514516379E-002
  0.665440000000000       5.914305460940718E-002
  0.665520000000000       5.914485454331221E-002
  0.665600000000000       5.914665494550043E-002
  0.665680000000000       5.914845581709451E-002
  0.665760000000000       5.915025715721335E-002
  0.665840000000000       5.915205896628330E-002
  0.665920000000000       5.915386124472356E-002
  0.666000000000000       5.915566399196572E-002
  0.666080000000000       5.915746720725658E-002
  0.666160000000000       5.915927089230145E-002
  0.666240000000000       5.916107504603453E-002
  0.666320000000000       5.916287966897450E-002
  0.666400000000000       5.916468475993476E-002
  0.666480000000000       5.916649032027245E-002
  0.666560000000000       5.916829634885069E-002
  0.666640000000000       5.917010284678505E-002
  0.666720000000000       5.917190981271837E-002
  0.666800000000000       5.917371724834176E-002
  0.666880000000000       5.917552515271020E-002
  0.666960000000000       5.917733352578815E-002
  0.667040000000000       5.917914236693612E-002
  0.667120000000000       5.918095167687888E-002
  0.667200000000000       5.918276145574432E-002
  0.667280000000000       5.918457170363191E-002
  0.667360000000000       5.918638241920583E-002
  0.667440000000000       5.918819360443429E-002
  0.667520000000000       5.919000525698671E-002
  0.667600000000000       5.919181737953473E-002
  0.667680000000000       5.919362997000356E-002
  0.667760000000000       5.919544302947323E-002
  0.667840000000000       5.919725655703424E-002
  0.667920000000000       5.919907055301345E-002
  0.668000000000000       5.920088501780164E-002
  0.668080000000000       5.920269995129225E-002
  0.668160000000000       5.920451535256156E-002
  0.668240000000000       5.920633122332199E-002
  0.668320000000000       5.920814756174743E-002
  0.668400000000000       5.920996436901028E-002
  0.668480000000000       5.921178164498266E-002
  0.668560000000000       5.921359938871952E-002
  0.668640000000000       5.921541760071115E-002
  0.668720000000000       5.921723628203047E-002
  0.668800000000000       5.921905543074481E-002
  0.668880000000000       5.922087504855945E-002
  0.668960000000000       5.922269513484203E-002
  0.669040000000000       5.922451568883937E-002
  0.669120000000000       5.922633671154622E-002
  0.669200000000000       5.922815820198914E-002
  0.669280000000000       5.922998016098525E-002
  0.669360000000000       5.923180258898932E-002
  0.669440000000000       5.923362548443813E-002
  0.669520000000000       5.923544884819855E-002
  0.669600000000000       5.923727268047664E-002
  0.669680000000000       5.923909698040554E-002
  0.669760000000000       5.924092174929264E-002
  0.669840000000000       5.924274698578082E-002
  0.669920000000000       5.924457269107088E-002
  0.670000000000000       5.924639886355700E-002
  0.670080000000000       5.924822550456789E-002
  0.670160000000000       5.925005261430961E-002
  0.670240000000000       5.925188019146767E-002
  0.670320000000000       5.925370823643995E-002
  0.670400000000000       5.925553675034913E-002
  0.670480000000000       5.925736573167463E-002
  0.670560000000000       5.925919518077173E-002
  0.670640000000000       5.926102509878441E-002
  0.670720000000000       5.926285548427736E-002
  0.670800000000000       5.926468633806771E-002
  0.670880000000000       5.926651765929571E-002
  0.670960000000000       5.926834944911953E-002
  0.671040000000000       5.927018170646627E-002
  0.671120000000000       5.927201443195408E-002
  0.671200000000000       5.927384762494349E-002
  0.671280000000000       5.927568128621609E-002
  0.671360000000000       5.927751541507555E-002
  0.671440000000000       5.927935001207608E-002
  0.671520000000000       5.928118507724613E-002
  0.671600000000000       5.928302060976855E-002
  0.671680000000000       5.928485661027573E-002
  0.671760000000000       5.928669307835556E-002
  0.671840000000000       5.928853001493885E-002
  0.671920000000000       5.929036741864714E-002
  0.672000000000000       5.929220529000624E-002
  0.672080000000000       5.929404362941405E-002
  0.672160000000000       5.929588243666452E-002
  0.672240000000000       5.929772171163684E-002
  0.672320000000000       5.929956145394023E-002
  0.672400000000000       5.930140166415022E-002
  0.672480000000000       5.930324234188313E-002
  0.672560000000000       5.930508348744447E-002
  0.672640000000000       5.930692510063530E-002
  0.672720000000000       5.930876718085877E-002
  0.672800000000000       5.931060972911674E-002
  0.672880000000000       5.931245274513210E-002
  0.672960000000000       5.931429622901142E-002
  0.673040000000000       5.931614017975285E-002
  0.673120000000000       5.931798459864958E-002
  0.673200000000000       5.931982948469262E-002
  0.673280000000000       5.932167483826568E-002
  0.673360000000000       5.932352065964587E-002
  0.673440000000000       5.932536694801606E-002
  0.673520000000000       5.932721370388784E-002
  0.673600000000000       5.932906092772307E-002
  0.673680000000000       5.933090861848435E-002
  0.673760000000000       5.933275677731566E-002
  0.673840000000000       5.933460540218484E-002
  0.673920000000000       5.933645449577064E-002
  0.674000000000000       5.933830405611908E-002
  0.674080000000000       5.934015408404726E-002
  0.674160000000000       5.934200457929230E-002
  0.674240000000000       5.934385554179734E-002
  0.674320000000000       5.934570697180398E-002
  0.674400000000000       5.934755886870825E-002
  0.674480000000000       5.934941123324912E-002
  0.674560000000000       5.935126406473025E-002
  0.674640000000000       5.935311736407535E-002
  0.674720000000000       5.935497112939438E-002
  0.674800000000000       5.935682536294686E-002
  0.674880000000000       5.935868006368829E-002
  0.674960000000000       5.936053523127051E-002
  0.675040000000000       5.936239086589247E-002
  0.675120000000000       5.936424696822919E-002
  0.675200000000000       5.936610353765538E-002
  0.675280000000000       5.936796057336104E-002
  0.675360000000000       5.936981807690224E-002
  0.675440000000000       5.937167604734107E-002
  0.675520000000000       5.937353448489070E-002
  0.675600000000000       5.937539338919585E-002
  0.675680000000000       5.937725276078233E-002
  0.675760000000000       5.937911259923802E-002
  0.675840000000000       5.938097290501056E-002
  0.675920000000000       5.938283367766652E-002
  0.676000000000000       5.938469491710642E-002
  0.676080000000000       5.938655662373528E-002
  0.676160000000000       5.938841879701308E-002
  0.676240000000000       5.939028143743010E-002
  0.676320000000000       5.939214454440368E-002
  0.676400000000000       5.939400811885755E-002
  0.676480000000000       5.939587216043642E-002
  0.676560000000000       5.939773666826632E-002
  0.676640000000000       5.939960164285175E-002
  0.676720000000000       5.940146708397955E-002
  0.676800000000000       5.940333299294288E-002
  0.676880000000000       5.940519936788725E-002
  0.676960000000000       5.940706620979321E-002
  0.677040000000000       5.940893351871047E-002
  0.677120000000000       5.941080129430511E-002
  0.677200000000000       5.941266953644921E-002
  0.677280000000000       5.941453824545541E-002
  0.677360000000000       5.941640742105371E-002
  0.677440000000000       5.941827706380544E-002
  0.677520000000000       5.942014717216872E-002
  0.677600000000000       5.942201774768542E-002
  0.677680000000000       5.942388879061135E-002
  0.677760000000000       5.942576029935488E-002
  0.677840000000000       5.942763227481841E-002
  0.677920000000000       5.942950471665377E-002
  0.678000000000000       5.943137762556440E-002
  0.678080000000000       5.943325100055553E-002
  0.678160000000000       5.943512484221693E-002
  0.678240000000000       5.943699915038515E-002
  0.678320000000000       5.943887392560022E-002
  0.678400000000000       5.944074916710186E-002
  0.678480000000000       5.944262487453479E-002
  0.678560000000000       5.944450104877298E-002
  0.678640000000000       5.944637768965301E-002
  0.678720000000000       5.944825479626538E-002
  0.678800000000000       5.945013237008091E-002
  0.678880000000000       5.945201040999117E-002
  0.678960000000000       5.945388891619509E-002
  0.679040000000000       5.945576788870689E-002
  0.679120000000000       5.945764732754789E-002
  0.679200000000000       5.945952723320837E-002
  0.679280000000000       5.946140760439513E-002
  0.679360000000000       5.946328844252925E-002
  0.679440000000000       5.946516974645256E-002
  0.679520000000000       5.946705151700350E-002
  0.679600000000000       5.946893375369890E-002
  0.679680000000000       5.947081645683717E-002
  0.679760000000000       5.947269962582148E-002
  0.679840000000000       5.947458326107814E-002
  0.679920000000000       5.947646736234426E-002
  0.680000000000000       5.947835192998931E-002
  0.680080000000000       5.948023696396355E-002
  0.680160000000000       5.948212246420305E-002
  0.680240000000000       5.948400842998304E-002
  0.680320000000000       5.948589486221302E-002
  0.680400000000000       5.948778176074378E-002
  0.680480000000000       5.948966912504951E-002
  0.680560000000000       5.949155695516574E-002
  0.680640000000000       5.949344525185275E-002
  0.680720000000000       5.949533401403763E-002
  0.680800000000000       5.949722324244512E-002
  0.680880000000000       5.949911293706102E-002
  0.680960000000000       5.950100309714636E-002
  0.681040000000000       5.950289372394459E-002
  0.681120000000000       5.950478481609857E-002
  0.681200000000000       5.950667637419806E-002
  0.681280000000000       5.950856839832121E-002
  0.681360000000000       5.951046088864566E-002
  0.681440000000000       5.951235384419086E-002
  0.681520000000000       5.951424726594447E-002
  0.681600000000000       5.951614115364358E-002
  0.681680000000000       5.951803550673397E-002
  0.681760000000000       5.951993032611803E-002
  0.681840000000000       5.952182561103549E-002
  0.681920000000000       5.952372136152896E-002
  0.682000000000000       5.952561757780452E-002
  0.682080000000000       5.952751426025295E-002
  0.682160000000000       5.952941140850478E-002
  0.682240000000000       5.953130902207683E-002
  0.682320000000000       5.953320710138833E-002
  0.682400000000000       5.953510564661692E-002
  0.682480000000000       5.953700465723678E-002
  0.682560000000000       5.953890413346820E-002
  0.682640000000000       5.954080407480668E-002
  0.682720000000000       5.954270448239619E-002
  0.682800000000000       5.954460535588148E-002
  0.682880000000000       5.954650669453777E-002
  0.682960000000000       5.954840849872746E-002
  0.683040000000000       5.955031076906160E-002
  0.683120000000000       5.955221350410490E-002
  0.683200000000000       5.955411670504397E-002
  0.683280000000000       5.955602037089826E-002
  0.683360000000000       5.955792450288279E-002
  0.683440000000000       5.955982909993886E-002
  0.683520000000000       5.956173416268463E-002
  0.683600000000000       5.956363969087854E-002
  0.683680000000000       5.956554568400897E-002
  0.683760000000000       5.956745214303517E-002
  0.683840000000000       5.956935906760898E-002
  0.683920000000000       5.957126645704115E-002
  0.684000000000000       5.957317431180066E-002
  0.684080000000000       5.957508263220014E-002
  0.684160000000000       5.957699141780616E-002
  0.684240000000000       5.957890066868267E-002
  0.684320000000000       5.958081038497888E-002
  0.684400000000000       5.958272056621873E-002
  0.684480000000000       5.958463121299197E-002
  0.684560000000000       5.958654232433226E-002
  0.684640000000000       5.958845390225755E-002
  0.684720000000000       5.959036594421697E-002
  0.684800000000000       5.959227845194427E-002
  0.684880000000000       5.959419142414625E-002
  0.684960000000000       5.959610486196688E-002
  0.685040000000000       5.959801876515038E-002
  0.685120000000000       5.959993313301461E-002
  0.685200000000000       5.960184796546721E-002
  0.685280000000000       5.960376326331109E-002
  0.685360000000000       5.960567902705073E-002
  0.685440000000000       5.960759525494531E-002
  0.685520000000000       5.960951194882803E-002
  0.685600000000000       5.961142910691543E-002
  0.685680000000000       5.961334672991804E-002
  0.685760000000000       5.961526481790692E-002
  0.685840000000000       5.961718337136525E-002
  0.685920000000000       5.961910238928404E-002
  0.686000000000000       5.962102187243780E-002
  0.686080000000000       5.962294182028650E-002
  0.686160000000000       5.962486223291542E-002
  0.686240000000000       5.962678311090720E-002
  0.686320000000000       5.962870445310366E-002
  0.686400000000000       5.963062626012296E-002
  0.686480000000000       5.963254853254064E-002
  0.686560000000000       5.963447126948275E-002
  0.686640000000000       5.963639447089243E-002
  0.686720000000000       5.963831813792787E-002
  0.686800000000000       5.964024226918931E-002
  0.686880000000000       5.964216686486147E-002
  0.686960000000000       5.964409192580412E-002
  0.687040000000000       5.964601745078092E-002
  0.687120000000000       5.964794344100689E-002
  0.687200000000000       5.964986989575018E-002
  0.687280000000000       5.965179681537315E-002
  0.687360000000000       5.965372419920080E-002
  0.687440000000000       5.965565204781577E-002
  0.687520000000000       5.965758036098358E-002
  0.687600000000000       5.965950913855501E-002
  0.687680000000000       5.966143838068640E-002
  0.687760000000000       5.966336808810958E-002
  0.687840000000000       5.966529825936086E-002
  0.687920000000000       5.966722889564814E-002
  0.688000000000000       5.966915999592694E-002
  0.688080000000000       5.967109156058804E-002
  0.688160000000000       5.967302358971673E-002
  0.688240000000000       5.967495608370378E-002
  0.688320000000000       5.967688904179604E-002
  0.688400000000000       5.967882246496693E-002
  0.688480000000000       5.968075635177407E-002
  0.688560000000000       5.968269070350353E-002
  0.688640000000000       5.968462551921029E-002
  0.688720000000000       5.968656079944147E-002
  0.688800000000000       5.968849654369258E-002
  0.688880000000000       5.969043275252496E-002
  0.688960000000000       5.969236942594570E-002
  0.689040000000000       5.969430656303111E-002
  0.689120000000000       5.969624416441356E-002
  0.689200000000000       5.969818223023517E-002
  0.689280000000000       5.970012076005539E-002
  0.689360000000000       5.970205975444266E-002
  0.689440000000000       5.970399921248039E-002
  0.689520000000000       5.970593913515622E-002
  0.689600000000000       5.970787952210067E-002
  0.689680000000000       5.970982037280927E-002
  0.689760000000000       5.971176168769411E-002
  0.689840000000000       5.971370346681916E-002
  0.689920000000000       5.971564570986466E-002
  0.690000000000000       5.971758841744880E-002
  0.690080000000000       5.971953158859812E-002
  0.690160000000000       5.972147522363948E-002
  0.690240000000000       5.972341932262971E-002
  0.690320000000000       5.972536388610174E-002
  0.690400000000000       5.972730891355106E-002
  0.690480000000000       5.972925440467926E-002
  0.690560000000000       5.973120036011161E-002
  0.690640000000000       5.973314677855492E-002
  0.690720000000000       5.973509366213371E-002
  0.690800000000000       5.973704100878031E-002
  0.690880000000000       5.973898881997976E-002
  0.690960000000000       5.974093709464491E-002
  0.691040000000000       5.974288583289657E-002
  0.691120000000000       5.974483503491236E-002
  0.691200000000000       5.974678470086993E-002
  0.691280000000000       5.974873483124533E-002
  0.691360000000000       5.975068542460328E-002
  0.691440000000000       5.975263648225117E-002
  0.691520000000000       5.975458800313739E-002
  0.691600000000000       5.975653998796539E-002
  0.691680000000000       5.975849243628752E-002
  0.691760000000000       5.976044534875748E-002
  0.691840000000000       5.976239872428814E-002
  0.691920000000000       5.976435256381031E-002
  0.692000000000000       5.976630686709662E-002
  0.692080000000000       5.976826163343653E-002
  0.692160000000000       5.977021686444296E-002
  0.692240000000000       5.977217255816904E-002
  0.692320000000000       5.977412871556688E-002
  0.692400000000000       5.977608533699176E-002
  0.692480000000000       5.977804242094444E-002
  0.692560000000000       5.977999996932916E-002
  0.692640000000000       5.978195798048326E-002
  0.692720000000000       5.978391645541571E-002
  0.692800000000000       5.978587539438231E-002
  0.692880000000000       5.978783479588380E-002
  0.692960000000000       5.978979466181024E-002
  0.693040000000000       5.979175499051316E-002
  0.693120000000000       5.979371578190730E-002
  0.693200000000000       5.979567703766954E-002
  0.693280000000000       5.979763875674117E-002
  0.693360000000000       5.979960093839033E-002
  0.693440000000000       5.980156358435075E-002
  0.693520000000000       5.980352669323687E-002
  0.693600000000000       5.980549026467209E-002
  0.693680000000000       5.980745430029778E-002
  0.693760000000000       5.980941879863601E-002
  0.693840000000000       5.981138376000651E-002
  0.693920000000000       5.981334918541827E-002
  0.694000000000000       5.981531507364203E-002
  0.694080000000000       5.981728142474886E-002
  0.694160000000000       5.981924823965536E-002
  0.694240000000000       5.982121551723175E-002
  0.694320000000000       5.982318325781201E-002
  0.694400000000000       5.982515146133217E-002
  0.694480000000000       5.982712012855963E-002
  0.694560000000000       5.982908925870568E-002
  0.694640000000000       5.983105885187691E-002
  0.694720000000000       5.983302890787436E-002
  0.694800000000000       5.983499942720961E-002
  0.694880000000000       5.983697040931425E-002
  0.694960000000000       5.983894185388274E-002
  0.695040000000000       5.984091376217983E-002
  0.695120000000000       5.984288613289103E-002
  0.695200000000000       5.984485896658477E-002
  0.695280000000000       5.984683226382238E-002
  0.695360000000000       5.984880602293409E-002
  0.695440000000000       5.985078024509229E-002
  0.695520000000000       5.985275493109989E-002
  0.695600000000000       5.985473007917343E-002
  0.695680000000000       5.985670569032898E-002
  0.695760000000000       5.985868176423260E-002
  0.695840000000000       5.986065830078481E-002
  0.695920000000000       5.986263530007087E-002
  0.696000000000000       5.986461276216183E-002
  0.696080000000000       5.986659068739165E-002
  0.696160000000000       5.986856907485795E-002
  0.696240000000000       5.987054792485914E-002
  0.696320000000000       5.987252723784288E-002
  0.696400000000000       5.987450701299203E-002
  0.696480000000000       5.987648725138663E-002
  0.696560000000000       5.987846795210296E-002
  0.696640000000000       5.988044911513392E-002
  0.696720000000000       5.988243074180112E-002
  0.696800000000000       5.988441283036373E-002
  0.696880000000000       5.988639538128361E-002
  0.696960000000000       5.988837839478812E-002
  0.697040000000000       5.989036187135334E-002
  0.697120000000000       5.989234580972870E-002
  0.697200000000000       5.989433021093028E-002
  0.697280000000000       5.989631507466676E-002
  0.697360000000000       5.989830040049050E-002
  0.697440000000000       5.990028618910494E-002
  0.697520000000000       5.990227243974268E-002
  0.697600000000000       5.990425915300769E-002
  0.697680000000000       5.990624632860865E-002
  0.697760000000000       5.990823396637503E-002
  0.697840000000000       5.991022206649867E-002
  0.697920000000000       5.991221062951958E-002
  0.698000000000000       5.991419965430801E-002
  0.698080000000000       5.991618914142528E-002
  0.698160000000000       5.991817909105614E-002
  0.698240000000000       5.992016950268898E-002
  0.698320000000000       5.992216037623145E-002
  0.698400000000000       5.992415171249356E-002
  0.698480000000000       5.992614351071503E-002
  0.698560000000000       5.992813577099533E-002
  0.698640000000000       5.993012849413028E-002
  0.698720000000000       5.993212167828667E-002
  0.698800000000000       5.993411532498506E-002
  0.698880000000000       5.993610943421125E-002
  0.698960000000000       5.993810400539680E-002
  0.699040000000000       5.994009903834986E-002
  0.699120000000000       5.994209453346834E-002
  0.699200000000000       5.994409049065276E-002
  0.699280000000000       5.994608690960469E-002
  0.699360000000000       5.994808379053730E-002
  0.699440000000000       5.995008113396928E-002
  0.699520000000000       5.995207893877798E-002
  0.699600000000000       5.995407720574499E-002
  0.699680000000000       5.995607593481346E-002
  0.699760000000000       5.995807512560682E-002
  0.699840000000000       5.996007477827427E-002
  0.699920000000000       5.996207489301476E-002
  0.700000000000000       5.996407546922435E-002
  0.700080000000000       5.996607650762066E-002
  0.700160000000000       5.996807800711658E-002
  0.700240000000000       5.997007996872107E-002
  0.700320000000000       5.997208239226361E-002
  0.700400000000000       5.997408527785787E-002
  0.700480000000000       5.997608862487859E-002
  0.700560000000000       5.997809243370945E-002
  0.700640000000000       5.998009670370387E-002
  0.700720000000000       5.998210143609108E-002
  0.700800000000000       5.998410663006816E-002
  0.700880000000000       5.998611228534380E-002
  0.700960000000000       5.998811840247222E-002
  0.701040000000000       5.999012498016022E-002
  0.701120000000000       5.999213202113630E-002
  0.701200000000000       5.999413952272882E-002
  0.701280000000000       5.999614748566252E-002
  0.701360000000000       5.999815591087533E-002
  0.701440000000000       6.000016479700300E-002
  0.701520000000000       6.000217414518240E-002
  0.701600000000000       6.000418395442587E-002
  0.701680000000000       6.000619422518107E-002
  0.701760000000000       6.000820495736271E-002
  0.701840000000000       6.001021615076475E-002
  0.701920000000000       6.001222780616168E-002
  0.702000000000000       6.001423992265821E-002
  0.702080000000000       6.001625250015487E-002
  0.702160000000000       6.001826553907798E-002
  0.702240000000000       6.002027903961939E-002
  0.702320000000000       6.002229300111118E-002
  0.702400000000000       6.002430742456234E-002
  0.702480000000000       6.002632230896389E-002
  0.702560000000000       6.002833765437977E-002
  0.702640000000000       6.003035346104448E-002
  0.702720000000000       6.003236972946958E-002
  0.702800000000000       6.003438645821270E-002
  0.702880000000000       6.003640364877307E-002
  0.702960000000000       6.003842130043303E-002
  0.703040000000000       6.004043941284444E-002
  0.703120000000000       6.004245798675335E-002
  0.703200000000000       6.004447702169081E-002
  0.703280000000000       6.004649651733708E-002
  0.703360000000000       6.004851647430322E-002
  0.703440000000000       6.005053689258212E-002
  0.703520000000000       6.005255777182562E-002
  0.703600000000000       6.005457911185609E-002
  0.703680000000000       6.005660091337696E-002
  0.703760000000000       6.005862317547873E-002
  0.703840000000000       6.006064589835326E-002
  0.703920000000000       6.006266908251924E-002
  0.704000000000000       6.006469272733007E-002
  0.704080000000000       6.006671683279287E-002
  0.704160000000000       6.006874139966790E-002
  0.704240000000000       6.007076642720911E-002
  0.704320000000000       6.007279191577887E-002
  0.704400000000000       6.007481786487980E-002
  0.704480000000000       6.007684427473216E-002
  0.704560000000000       6.007887114567702E-002
  0.704640000000000       6.008089847752253E-002
  0.704720000000000       6.008292626936630E-002
  0.704800000000000       6.008495452299890E-002
  0.704880000000000       6.008698323608976E-002
  0.704960000000000       6.008901241078470E-002
  0.705040000000000       6.009104204596107E-002
  0.705120000000000       6.009307214199545E-002
  0.705200000000000       6.009510269847575E-002
  0.705280000000000       6.009713371501114E-002
  0.705360000000000       6.009916519305826E-002
  0.705440000000000       6.010119713117469E-002
  0.705520000000000       6.010322952969439E-002
  0.705600000000000       6.010526238923554E-002
  0.705680000000000       6.010729570887442E-002
  0.705760000000000       6.010932948918658E-002
  0.705840000000000       6.011136373020044E-002
  0.705920000000000       6.011339843166021E-002
  0.706000000000000       6.011543359311113E-002
  0.706080000000000       6.011746921586060E-002
  0.706160000000000       6.011950529797595E-002
  0.706240000000000       6.012154184107012E-002
  0.706320000000000       6.012357884443255E-002
  0.706400000000000       6.012561630818404E-002
  0.706480000000000       6.012765423245960E-002
  0.706560000000000       6.012969261692526E-002
  0.706640000000000       6.013173146128260E-002
  0.706720000000000       6.013377076638428E-002
  0.706800000000000       6.013581053160501E-002
  0.706880000000000       6.013785075678847E-002
  0.706960000000000       6.013989144257416E-002
  0.707040000000000       6.014193258839363E-002
  0.707120000000000       6.014397419445296E-002
  0.707200000000000       6.014601626065265E-002
  0.707280000000000       6.014805878730535E-002
  0.707360000000000       6.015010177389236E-002
  0.707440000000000       6.015214522062685E-002
  0.707520000000000       6.015418912709670E-002
  0.707600000000000       6.015623349359324E-002
  0.707680000000000       6.015827832067068E-002
  0.707760000000000       6.016032360722058E-002
  0.707840000000000       6.016236935422349E-002
  0.707920000000000       6.016441556121045E-002
  0.708000000000000       6.016646222813883E-002
  0.708080000000000       6.016850935441888E-002
  0.708160000000000       6.017055694169195E-002
  0.708240000000000       6.017260498764877E-002
  0.708320000000000       6.017465349466967E-002
  0.708400000000000       6.017670246097119E-002
  0.708480000000000       6.017875188714307E-002
  0.708560000000000       6.018080177372533E-002
  0.708640000000000       6.018285211930398E-002
  0.708720000000000       6.018490292499458E-002
  0.708800000000000       6.018695419049160E-002
  0.708880000000000       6.018900591582345E-002
  0.708960000000000       6.019105810079829E-002
  0.709040000000000       6.019311074567192E-002
  0.709120000000000       6.019516385008196E-002
  0.709200000000000       6.019721741419183E-002
  0.709280000000000       6.019927143805127E-002
  0.709360000000000       6.020132592137607E-002
  0.709440000000000       6.020338086453571E-002
  0.709520000000000       6.020543626757992E-002
  0.709600000000000       6.020749212978395E-002
  0.709680000000000       6.020954845165229E-002
  0.709760000000000       6.021160523301440E-002
  0.709840000000000       6.021366247384187E-002
  0.709920000000000       6.021572017434075E-002
  0.710000000000000       6.021777833456078E-002
  0.710080000000000       6.021983695404011E-002
  0.710160000000000       6.022189603302742E-002
  0.710240000000000       6.022395557133088E-002
  0.710320000000000       6.022601556907127E-002
  0.710400000000000       6.022807602614201E-002
  0.710480000000000       6.023013694252179E-002
  0.710560000000000       6.023219831822481E-002
  0.710640000000000       6.023426015410373E-002
  0.710720000000000       6.023632244858114E-002
  0.710800000000000       6.023838520238890E-002
  0.710880000000000       6.024044841566202E-002
  0.710960000000000       6.024251208771837E-002
  0.711040000000000       6.024457621960956E-002
  0.711120000000000       6.024664081070320E-002
  0.711200000000000       6.024870586099930E-002
  0.711280000000000       6.025077137023495E-002
  0.711360000000000       6.025283733831778E-002
  0.711440000000000       6.025490376621413E-002
  0.711520000000000       6.025697065292214E-002
  0.711600000000000       6.025903799864075E-002
  0.711680000000000       6.026110580353340E-002
  0.711760000000000       6.026317406808325E-002
  0.711840000000000       6.026524279116764E-002
  0.711920000000000       6.026731197254499E-002
  0.712000000000000       6.026938161412666E-002
  0.712080000000000       6.027145171422867E-002
  0.712160000000000       6.027352227307838E-002
  0.712240000000000       6.027559329125844E-002
  0.712320000000000       6.027766476829279E-002
  0.712400000000000       6.027973670398247E-002
  0.712480000000000       6.028180909938620E-002
  0.712560000000000       6.028388195235103E-002
  0.712640000000000       6.028595526547754E-002
  0.712720000000000       6.028802903701071E-002
  0.712800000000000       6.029010326663788E-002
  0.712880000000000       6.029217795553145E-002
  0.712960000000000       6.029425310356352E-002
  0.713040000000000       6.029632870988856E-002
  0.713120000000000       6.029840477520289E-002
  0.713200000000000       6.030048129912992E-002
  0.713280000000000       6.030255828177623E-002
  0.713360000000000       6.030463572332657E-002
  0.713440000000000       6.030671362362462E-002
  0.713520000000000       6.030879198236484E-002
  0.713600000000000       6.031087079925591E-002
  0.713680000000000       6.031295007539918E-002
  0.713760000000000       6.031502980954408E-002
  0.713840000000000       6.031711000291985E-002
  0.713920000000000       6.031919065402726E-002
  0.714000000000000       6.032127176447923E-002
  0.714080000000000       6.032335333353679E-002
  0.714160000000000       6.032543536012704E-002
  0.714240000000000       6.032751784575631E-002
  0.714320000000000       6.032960078994855E-002
  0.714400000000000       6.033168419234848E-002
  0.714480000000000       6.033376805279979E-002
  0.714560000000000       6.033585237260276E-002
  0.714640000000000       6.033793714949788E-002
  0.714720000000000       6.034002238576598E-002
  0.714800000000000       6.034210808024888E-002
  0.714880000000000       6.034419423249184E-002
  0.714960000000000       6.034628084309880E-002
  0.715040000000000       6.034836791301480E-002
  0.715120000000000       6.035045544027164E-002
  0.715200000000000       6.035254342584985E-002
  0.715280000000000       6.035463186923785E-002
  0.715360000000000       6.035672077152278E-002
  0.715440000000000       6.035881013208645E-002
  0.715520000000000       6.036089995049544E-002
  0.715600000000000       6.036299022702686E-002
  0.715680000000000       6.036508096163808E-002
  0.715760000000000       6.036717215426514E-002
  0.715840000000000       6.036926380438935E-002
  0.715920000000000       6.037135591314048E-002
  0.716000000000000       6.037344848048300E-002
  0.716080000000000       6.037554150535109E-002
  0.716160000000000       6.037763498835581E-002
  0.716240000000000       6.037972892928402E-002
  0.716320000000000       6.038182332751753E-002
  0.716400000000000       6.038391818447743E-002
  0.716480000000000       6.038601349941054E-002
  0.716560000000000       6.038810927150685E-002
  0.716640000000000       6.039020550174691E-002
  0.716720000000000       6.039230219022308E-002
  0.716800000000000       6.039439933624614E-002
  0.716880000000000       6.039649694044137E-002
  0.716960000000000       6.039859500183532E-002
  0.717040000000000       6.040069352145828E-002
  0.717120000000000       6.040279249881998E-002
  0.717200000000000       6.040489193339461E-002
  0.717280000000000       6.040699182607746E-002
  0.717360000000000       6.040909217709590E-002
  0.717440000000000       6.041119298451016E-002
  0.717520000000000       6.041329425031684E-002
  0.717600000000000       6.041539597401148E-002
  0.717680000000000       6.041749815434351E-002
  0.717760000000000       6.041960079325272E-002
  0.717840000000000       6.042170388920433E-002
  0.717920000000000       6.042380744312205E-002
  0.718000000000000       6.042591145413902E-002
  0.718080000000000       6.042801592280235E-002
  0.718160000000000       6.043012084904810E-002
  0.718240000000000       6.043222623278389E-002
  0.718320000000000       6.043433207379657E-002
  0.718400000000000       6.043643837252667E-002
  0.718480000000000       6.043854512830628E-002
  0.718560000000000       6.044065234195962E-002
  0.718640000000000       6.044276001269801E-002
  0.718720000000000       6.044486814079854E-002
  0.718800000000000       6.044697672601963E-002
  0.718880000000000       6.044908576833997E-002
  0.718960000000000       6.045119526859800E-002
  0.719040000000000       6.045330522609739E-002
  0.719120000000000       6.045541564090919E-002
  0.719200000000000       6.045752651241522E-002
  0.719280000000000       6.045963784147525E-002
  0.719360000000000       6.046174962762742E-002
  0.719440000000000       6.046386187115595E-002
  0.719520000000000       6.046597457197557E-002
  0.719600000000000       6.046808772911995E-002
  0.719680000000000       6.047020134382543E-002
  0.719760000000000       6.047231541586463E-002
  0.719840000000000       6.047442994458387E-002
  0.719920000000000       6.047654493046629E-002
  0.720000000000000       6.047866037351902E-002
  0.720080000000000       6.048077627372074E-002
  0.720160000000000       6.048289263129171E-002
  0.720240000000000       6.048500944518033E-002
  0.720320000000000       6.048712671613267E-002
  0.720400000000000       6.048924444361582E-002
  0.720480000000000       6.049136262885903E-002
  0.720560000000000       6.049348127045541E-002
  0.720640000000000       6.049560036890946E-002
  0.720720000000000       6.049771992412879E-002
  0.720800000000000       6.049983993665344E-002
  0.720880000000000       6.050196040538204E-002
  0.720960000000000       6.050408133174991E-002
  0.721040000000000       6.050620271354724E-002
  0.721120000000000       6.050832455370149E-002
  0.721200000000000       6.051044684919994E-002
  0.721280000000000       6.051256960228081E-002
  0.721360000000000       6.051469281182854E-002
  0.721440000000000       6.051681647793551E-002
  0.721520000000000       6.051894060048803E-002
  0.721600000000000       6.052106518032453E-002
  0.721680000000000       6.052319021617315E-002
  0.721760000000000       6.052531570909260E-002
  0.721840000000000       6.052744165796732E-002
  0.721920000000000       6.052956806366418E-002
  0.722000000000000       6.053169492550815E-002
  0.722080000000000       6.053382224486349E-002
  0.722160000000000       6.053595001999647E-002
  0.722240000000000       6.053807825153946E-002
  0.722320000000000       6.054020693974828E-002
  0.722400000000000       6.054233608454475E-002
  0.722480000000000       6.054446568536755E-002
  0.722560000000000       6.054659574299116E-002
  0.722640000000000       6.054872625654874E-002
  0.722720000000000       6.055085722652344E-002
  0.722800000000000       6.055298865276605E-002
  0.722880000000000       6.055512053538316E-002
  0.722960000000000       6.055725287501425E-002
  0.723040000000000       6.055938566955611E-002
  0.723120000000000       6.056151892136065E-002
  0.723200000000000       6.056365262891440E-002
  0.723280000000000       6.056578679256554E-002
  0.723360000000000       6.056792141245616E-002
  0.723440000000000       6.057005648926840E-002
  0.723520000000000       6.057219202128984E-002
  0.723600000000000       6.057432800966446E-002
  0.723680000000000       6.057646445456989E-002
  0.723760000000000       6.057860135494032E-002
  0.723840000000000       6.058073871168525E-002
  0.723920000000000       6.058287652483309E-002
  0.724000000000000       6.058501479279223E-002
  0.724080000000000       6.058715351777956E-002
  0.724160000000000       6.058929269902059E-002
  0.724240000000000       6.059143233520083E-002
  0.724320000000000       6.059357242763476E-002
  0.724400000000000       6.059571297602397E-002
  0.724480000000000       6.059785398045371E-002
  0.724560000000000       6.059999544079610E-002
  0.724640000000000       6.060213735707244E-002
  0.724720000000000       6.060427972879247E-002
  0.724800000000000       6.060642255664540E-002
  0.724880000000000       6.060856584021203E-002
  0.724960000000000       6.061070957949945E-002
  0.725040000000000       6.061285377429450E-002
  0.725120000000000       6.061499842492403E-002
  0.725200000000000       6.061714353204885E-002
  0.725280000000000       6.061928909340943E-002
  0.725360000000000       6.062143511134345E-002
  0.725440000000000       6.062358158480642E-002
  0.725520000000000       6.062572851428151E-002
  0.725600000000000       6.062787589874553E-002
  0.725680000000000       6.063002373846850E-002
  0.725760000000000       6.063217203465122E-002
  0.725840000000000       6.063432078565235E-002
  0.725920000000000       6.063646999297824E-002
  0.726000000000000       6.063861965548491E-002
  0.726080000000000       6.064076977295209E-002
  0.726160000000000       6.064292034578479E-002
  0.726240000000000       6.064507137469356E-002
  0.726320000000000       6.064722285868364E-002
  0.726400000000000       6.064937479860057E-002
  0.726480000000000       6.065152719333590E-002
  0.726560000000000       6.065368004358597E-002
  0.726640000000000       6.065583334893866E-002
  0.726720000000000       6.065798711009031E-002
  0.726800000000000       6.066014132639432E-002
  0.726880000000000       6.066229599751673E-002
  0.726960000000000       6.066445112455178E-002
  0.727040000000000       6.066660670583680E-002
  0.727120000000000       6.066876274317658E-002
  0.727200000000000       6.067091923544844E-002
  0.727280000000000       6.067307618292951E-002
  0.727360000000000       6.067523358588979E-002
  0.727440000000000       6.067739144310004E-002
  0.727520000000000       6.067954975601687E-002
  0.727600000000000       6.068170852408607E-002
  0.727680000000000       6.068386774676761E-002
  0.727760000000000       6.068602742456598E-002
  0.727840000000000       6.068818755809936E-002
  0.727920000000000       6.069034814601772E-002
  0.728000000000000       6.069250918886816E-002
  0.728080000000000       6.069467068689939E-002
  0.728160000000000       6.069683263980587E-002
  0.728240000000000       6.069899504755207E-002
  0.728320000000000       6.070115791028009E-002
  0.728400000000000       6.070332122773416E-002
  0.728480000000000       6.070548499967977E-002
  0.728560000000000       6.070764922704776E-002
  0.728640000000000       6.070981390934073E-002
  0.728720000000000       6.071197904532234E-002
  0.728800000000000       6.071414463765713E-002
  0.728880000000000       6.071631068388662E-002
  0.728960000000000       6.071847718485636E-002
  0.729040000000000       6.072064414078661E-002
  0.729120000000000       6.072281155119420E-002
  0.729200000000000       6.072497941573098E-002
  0.729280000000000       6.072714773550537E-002
  0.729360000000000       6.072931650966475E-002
  0.729440000000000       6.073148573899780E-002
  0.729520000000000       6.073365542238186E-002
  0.729600000000000       6.073582556088276E-002
  0.729680000000000       6.073799615260335E-002
  0.729760000000000       6.074016720003762E-002
  0.729840000000000       6.074233870170055E-002
  0.729920000000000       6.074451065790477E-002
  0.730000000000000       6.074668306863608E-002
  0.730080000000000       6.074885593319103E-002
  0.730160000000000       6.075102925235833E-002
  0.730240000000000       6.075320302622324E-002
  0.730320000000000       6.075537725427417E-002
  0.730400000000000       6.075755193647560E-002
  0.730480000000000       6.075972707356649E-002
  0.730560000000000       6.076190266455918E-002
  0.730640000000000       6.076407870978763E-002
  0.730720000000000       6.076625520908131E-002
  0.730800000000000       6.076843216361973E-002
  0.730880000000000       6.077060957144177E-002
  0.730960000000000       6.077278743369142E-002
  0.731040000000000       6.077496574923182E-002
  0.731120000000000       6.077714452035089E-002
  0.731200000000000       6.077932374485308E-002
  0.731280000000000       6.078150342401735E-002
  0.731360000000000       6.078368355647946E-002
  0.731440000000000       6.078586414393762E-002
  0.731520000000000       6.078804518470073E-002
  0.731600000000000       6.079022667957169E-002
  0.731680000000000       6.079240862879211E-002
  0.731760000000000       6.079459103188591E-002
  0.731840000000000       6.079677388874651E-002
  0.731920000000000       6.079895719999208E-002
  0.732000000000000       6.080114096456392E-002
  0.732080000000000       6.080332518346389E-002
  0.732160000000000       6.080550985513590E-002
  0.732240000000000       6.080769498193896E-002
  0.732320000000000       6.080988056211091E-002
  0.732400000000000       6.081206659661099E-002
  0.732480000000000       6.081425308428813E-002
  0.732560000000000       6.081644002585997E-002
  0.732640000000000       6.081862742123413E-002
  0.732720000000000       6.082081527063089E-002
  0.732800000000000       6.082300357270733E-002
  0.732880000000000       6.082519232946716E-002
  0.732960000000000       6.082738153960300E-002
  0.733040000000000       6.082957120311484E-002
  0.733120000000000       6.083176132043612E-002
  0.733200000000000       6.083395189219921E-002
  0.733280000000000       6.083614291608776E-002
  0.733360000000000       6.083833439446075E-002
  0.733440000000000       6.084052632591842E-002
  0.733520000000000       6.084271871120685E-002
  0.733600000000000       6.084491155020523E-002
  0.733680000000000       6.084710484228119E-002
  0.733760000000000       6.084929858781842E-002
  0.733840000000000       6.085149278644032E-002
  0.733920000000000       6.085368743907772E-002
  0.734000000000000       6.085588254493481E-002
  0.734080000000000       6.085807810425316E-002
  0.734160000000000       6.086027411657803E-002
  0.734240000000000       6.086247058225049E-002
  0.734320000000000       6.086466750125631E-002
  0.734400000000000       6.086686487360261E-002
  0.734480000000000       6.086906269930360E-002
  0.734560000000000       6.087126097862218E-002
  0.734640000000000       6.087345971015147E-002
  0.734720000000000       6.087565889531966E-002
  0.734800000000000       6.087785853371465E-002
  0.734880000000000       6.088005862548564E-002
  0.734960000000000       6.088225917023472E-002
  0.735040000000000       6.088446016760664E-002
  0.735120000000000       6.088666161875246E-002
  0.735200000000000       6.088886352254243E-002
  0.735280000000000       6.089106587920391E-002
  0.735360000000000       6.089326868935509E-002
  0.735440000000000       6.089547195232094E-002
  0.735520000000000       6.089767566793093E-002
  0.735600000000000       6.089987983714430E-002
  0.735680000000000       6.090208445925761E-002
  0.735760000000000       6.090428953409323E-002
  0.735840000000000       6.090649506061376E-002
  0.735920000000000       6.090870104134873E-002
  0.736000000000000       6.091090747514706E-002
  0.736080000000000       6.091311436102821E-002
  0.736160000000000       6.091532169990878E-002
  0.736240000000000       6.091752949138375E-002
  0.736320000000000       6.091973773563077E-002
  0.736400000000000       6.092194643315431E-002
  0.736480000000000       6.092415558322962E-002
  0.736560000000000       6.092636518540197E-002
  0.736640000000000       6.092857524042451E-002
  0.736720000000000       6.093078574878753E-002
  0.736800000000000       6.093299670917653E-002
  0.736880000000000       6.093520812208887E-002
  0.736960000000000       6.093741998793668E-002
  0.737040000000000       6.093963230601653E-002
  0.737120000000000       6.094184507708157E-002
  0.737200000000000       6.094405829983864E-002
  0.737280000000000       6.094627197639092E-002
  0.737360000000000       6.094848610411653E-002
  0.737440000000000       6.095070068499077E-002
  0.737520000000000       6.095291571814677E-002
  0.737600000000000       6.095513120326480E-002
  0.737680000000000       6.095734714151725E-002
  0.737760000000000       6.095956353124855E-002
  0.737840000000000       6.096178037431323E-002
  0.737920000000000       6.096399766904149E-002
  0.738000000000000       6.096621541638549E-002
  0.738080000000000       6.096843361614625E-002
  0.738160000000000       6.097065226727218E-002
  0.738240000000000       6.097287137188069E-002
  0.738320000000000       6.097509092779753E-002
  0.738400000000000       6.097731093618798E-002
  0.738480000000000       6.097953139651204E-002
  0.738560000000000       6.098175230935234E-002
  0.738640000000000       6.098397367409071E-002
  0.738720000000000       6.098619549117480E-002
  0.738800000000000       6.098841776012855E-002
  0.738880000000000       6.099064048107984E-002
  0.738960000000000       6.099286365443370E-002
  0.739040000000000       6.099508727930904E-002
  0.739120000000000       6.099731135613930E-002
  0.739200000000000       6.099953588537212E-002
  0.739280000000000       6.100176086634669E-002
  0.739360000000000       6.100398629905592E-002
  0.739440000000000       6.100621218392611E-002
  0.739520000000000       6.100843852050254E-002
  0.739600000000000       6.101066530833756E-002
  0.739680000000000       6.101289254907251E-002
  0.739760000000000       6.101512024125079E-002
  0.739840000000000       6.101734838528451E-002
  0.739920000000000       6.101957698049155E-002
