1.2543E-01 1.2523E-01 0.1555
1.2494E-01 1.2544E-01 0.3942
1.2547E-01 1.2542E-01 0.0393
1.2529E-01 1.2579E-01 0.3923
1.2537E-01 1.2546E-01 0.0746
1.2515E-01 1.2570E-01 0.4306
1.2533E-01 1.2503E-01 0.2396
1.2539E-01 1.2525E-01 0.1093
1.2565E-01 1.2565E-01 0.0015
1.2715E-01 1.2732E-01 0.1311
7.1246E-02 7.1122E-02 0.1754
1.2727E-01 1.2734E-01 0.0539
7.1126E-02 7.0960E-02 0.2346
1.2756E-01 1.2764E-01 0.0609
7.1445E-02 7.1336E-02 0.1530
1.2660E-01 1.2675E-01 0.1157
1.2539E-01 1.2543E-01 0.0283
1.2542E-01 1.2524E-01 0.1443
1.2501E-01 1.2493E-01 0.0642
1.2682E-01 1.2611E-01 0.5697
1.0204E-01 1.0144E-01 0.5943
7.1382E-02 7.1308E-02 0.1026
1.0225E-01 1.0238E-01 0.1313
7.1372E-02 7.1341E-02 0.0434
1.0192E-01 1.0220E-01 0.2800
7.1300E-02 7.1237E-02 0.0874
1.0235E-01 1.0252E-01 0.1653
7.1387E-02 7.1340E-02 0.0658
1.0192E-01 1.0132E-01 0.5908
1.2702E-01 1.2652E-01 0.4007
1.2555E-01 1.2552E-01 0.0267
1.2545E-01 1.2545E-01 0.0035
1.0193E-01 1.0139E-01 0.5363
1.0231E-01 1.0139E-01 0.9086
1.0184E-01 1.0185E-01 0.0094
7.1233E-02 7.1218E-02 0.0217
1.0235E-01 1.0234E-01 0.0064
7.1321E-02 7.1358E-02 0.0523
1.0206E-01 1.0210E-01 0.0316
7.1449E-02 7.1514E-02 0.0903
1.0225E-01 1.0222E-01 0.0311
1.0224E-01 1.0130E-01 0.9250
1.0156E-01 1.0113E-01 0.4253
1.2526E-01 1.2528E-01 0.0101
1.2512E-01 1.2495E-01 0.1341
1.2719E-01 1.2721E-01 0.0137
7.1457E-02 7.1430E-02 0.0381
1.0223E-01 1.0218E-01 0.0494
7.1239E-02 7.1225E-02 0.0197
1.0209E-01 1.0213E-01 0.0359
7.1105E-02 7.1167E-02 0.0861
1.0205E-01 1.0204E-01 0.0159
7.1364E-02 7.1398E-02 0.0470
1.0241E-01 1.0244E-01 0.0351
7.1187E-02 7.1263E-02 0.1058
1.0241E-01 1.0236E-01 0.0461
7.1361E-02 7.1260E-02 0.1421
1.2685E-01 1.2689E-01 0.0314
1.2537E-01 1.2520E-01 0.1344
1.2517E-01 1.2560E-01 0.3473
7.1121E-02 7.0968E-02 0.2167
1.0247E-01 1.0254E-01 0.0676
7.1165E-02 7.1188E-02 0.0323
1.0216E-01 1.0214E-01 0.0240
7.1479E-02 7.1502E-02 0.0312
1.0240E-01 1.0239E-01 0.0068
7.1466E-02 7.1495E-02 0.0404
1.0216E-01 1.0222E-01 0.0629
7.1234E-02 7.1321E-02 0.1218
1.0233E-01 1.0232E-01 0.0033
7.1231E-02 7.1277E-02 0.0649
1.0185E-01 1.0209E-01 0.2263
7.1203E-02 7.1021E-02 0.2551
1.2492E-01 1.2538E-01 0.3629
1.2530E-01 1.2534E-01 0.0268
1.2755E-01 1.2755E-01 0.0068
7.1222E-02 7.1208E-02 0.0188
1.0214E-01 1.0211E-01 0.0352
7.1097E-02 7.1126E-02 0.0407
1.0244E-01 1.0245E-01 0.0112
7.1091E-02 7.1103E-02 0.0162
1.0208E-01 1.0238E-01 0.2999
7.1393E-02 7.1425E-02 0.0450
1.0197E-01 1.0196E-01 0.0074
7.1340E-02 7.1369E-02 0.0406
1.0246E-01 1.0257E-01 0.1088
7.1294E-02 7.1277E-02 0.0230
1.2752E-01 1.2750E-01 0.0112
1.2489E-01 1.2487E-01 0.0124
1.2560E-01 1.2609E-01 0.3851
7.1257E-02 7.1149E-02 0.1515
1.0188E-01 1.0209E-01 0.2115
7.1172E-02 7.1183E-02 0.0149
1.0199E-01 1.0192E-01 0.0729
7.1103E-02 7.1083E-02 0.0282
1.0170E-01 1.0202E-01 0.3113
7.1320E-02 7.1354E-02 0.0477
1.0265E-01 1.0264E-01 0.0088
7.1125E-02 7.1183E-02 0.0813
1.0192E-01 1.0193E-01 0.0155
7.1472E-02 7.1476E-02 0.0052
1.0212E-01 1.0239E-01 0.2579
7.1203E-02 7.1078E-02 0.1764
1.2500E-01 1.2540E-01 0.3210
1.2509E-01 1.2503E-01 0.0497
1.2710E-01 1.2718E-01 0.0599
7.1249E-02 7.1214E-02 0.0484
1.0235E-01 1.0236E-01 0.0050
7.1110E-02 7.1132E-02 0.0303
1.0234E-01 1.0230E-01 0.0325
7.1372E-02 7.1444E-02 0.1016
1.0249E-01 1.0253E-01 0.0353
7.1092E-02 7.1056E-02 0.0515
1.0245E-01 1.0242E-01 0.0278
7.1106E-02 7.1117E-02 0.0150
1.0209E-01 1.0209E-01 0.0022
7.1285E-02 7.1243E-02 0.0591
1.2764E-01 1.2763E-01 0.0045
1.2508E-01 1.2520E-01 0.0950
1.2482E-01 1.2517E-01 0.2805
7.1349E-02 7.1226E-02 0.1725
1.0247E-01 1.0246E-01 0.0116
7.1088E-02 7.1048E-02 0.0566
1.0236E-01 1.0229E-01 0.0724
7.1189E-02 7.1221E-02 0.0445
1.0224E-01 1.0219E-01 0.0493
7.1086E-02 7.1033E-02 0.0740
1.0191E-01 1.0186E-01 0.0566
7.1130E-02 7.1179E-02 0.0680
1.0246E-01 1.0242E-01 0.0349
7.1135E-02 7.1147E-02 0.0173
1.0237E-01 1.0254E-01 0.1608
7.1441E-02 7.1336E-02 0.1473
1.2562E-01 1.2608E-01 0.3655
1.2492E-01 1.2461E-01 0.2457
1.2614E-01 1.2631E-01 0.1355
7.1167E-02 7.1091E-02 0.1072
1.0220E-01 1.0221E-01 0.0104
7.1085E-02 7.1106E-02 0.0305
1.0229E-01 1.0234E-01 0.0437
7.1179E-02 7.1233E-02 0.0757
1.0207E-01 1.0209E-01 0.0139
7.1382E-02 7.1436E-02 0.0751
1.0218E-01 1.0222E-01 0.0404
7.1172E-02 7.1231E-02 0.0833
1.0206E-01 1.0202E-01 0.0416
7.1327E-02 7.1253E-02 0.1045
1.2613E-01 1.2615E-01 0.0132
1.2565E-01 1.2562E-01 0.0199
1.2555E-01 1.2552E-01 0.0288
1.0185E-01 1.0127E-01 0.5762
1.0246E-01 1.0165E-01 0.7981
1.0213E-01 1.0211E-01 0.0179
7.1315E-02 7.1362E-02 0.0661
1.0201E-01 1.0201E-01 0.0036
7.1447E-02 7.1470E-02 0.0319
1.0230E-01 1.0232E-01 0.0178
7.1461E-02 7.1475E-02 0.0197
1.0253E-01 1.0242E-01 0.1136
1.0207E-01 1.0119E-01 0.8672
1.0193E-01 1.0126E-01 0.6606
1.2494E-01 1.2493E-01 0.0055
1.2503E-01 1.2484E-01 0.1557
1.2711E-01 1.2634E-01 0.6050
1.0238E-01 1.0173E-01 0.6447
7.1124E-02 7.1103E-02 0.0297
1.0242E-01 1.0243E-01 0.0128
7.1118E-02 7.1041E-02 0.1094
1.0222E-01 1.0238E-01 0.1598
7.1115E-02 7.1017E-02 0.1378
1.0155E-01 1.0198E-01 0.4211
7.1410E-02 7.1294E-02 0.1618
1.0177E-01 1.0116E-01 0.6009
1.2631E-01 1.2571E-01 0.4754
1.2565E-01 1.2550E-01 0.1235
1.2519E-01 1.2504E-01 0.1244
1.2562E-01 1.2572E-01 0.0843
1.2680E-01 1.2685E-01 0.0415
7.1425E-02 7.1275E-02 0.2112
1.2686E-01 1.2681E-01 0.0399
7.1227E-02 7.1073E-02 0.2160
1.2700E-01 1.2700E-01 0.0015
7.1257E-02 7.1156E-02 0.1412
1.2671E-01 1.2670E-01 0.0103
1.2481E-01 1.2470E-01 0.0868
1.2498E-01 1.2457E-01 0.3299
1.2533E-01 1.2520E-01 0.1006
1.2544E-01 1.2589E-01 0.3630
1.2548E-01 1.2550E-01 0.0105
1.2562E-01 1.2609E-01 0.3782
1.2543E-01 1.2553E-01 0.0758
1.2560E-01 1.2608E-01 0.3826
1.2482E-01 1.2457E-01 0.2013
