  0.660000000000000       0.283866761447183     
  0.660080000000000       0.283883672627792     
  0.660160000000000       0.283900583933172     
  0.660240000000000       0.283917495363110     
  0.660320000000000       0.283934406917265     
  0.660400000000000       0.283951318594927     
  0.660480000000000       0.283968230397588     
  0.660560000000000       0.283985142324082     
  0.660640000000000       0.284002054373315     
  0.660720000000000       0.284018966546552     
  0.660800000000000       0.284035878843537     
  0.660880000000000       0.284052791263261     
  0.660960000000000       0.284069703805668     
  0.661040000000000       0.284086616470714     
  0.661120000000000       0.284103529259181     
  0.661200000000000       0.284120442170118     
  0.661280000000000       0.284137355203311     
  0.661360000000000       0.284154268358731     
  0.661440000000000       0.284171181636137     
  0.661520000000000       0.284188095035259     
  0.661600000000000       0.284205008556154     
  0.661680000000000       0.284221922198424     
  0.661760000000000       0.284238835962651     
  0.661840000000000       0.284255749848154     
  0.661920000000000       0.284272663854037     
  0.662000000000000       0.284289577981366     
  0.662080000000000       0.284306492229288     
  0.662160000000000       0.284323406597250     
  0.662240000000000       0.284340321086330     
  0.662320000000000       0.284357235695634     
  0.662400000000000       0.284374150424893     
  0.662480000000000       0.284391065273593     
  0.662560000000000       0.284407980242958     
  0.662640000000000       0.284424895330983     
  0.662720000000000       0.284441810539161     
  0.662800000000000       0.284458725866583     
  0.662880000000000       0.284475641312906     
  0.662960000000000       0.284492556877990     
  0.663040000000000       0.284509472562289     
  0.663120000000000       0.284526388365347     
  0.663200000000000       0.284543304286527     
  0.663280000000000       0.284560220325827     
  0.663360000000000       0.284577136483702     
  0.663440000000000       0.284594052759272     
  0.663520000000000       0.284610969152905     
  0.663600000000000       0.284627885664318     
  0.663680000000000       0.284644802292786     
  0.663760000000000       0.284661719039005     
  0.663840000000000       0.284678635902179     
  0.663920000000000       0.284695552882636     
  0.664000000000000       0.284712469979763     
  0.664080000000000       0.284729387193576     
  0.664160000000000       0.284746304523947     
  0.664240000000000       0.284763221970718     
  0.664320000000000       0.284780139533365     
  0.664400000000000       0.284797057212114     
  0.664480000000000       0.284813975007236     
  0.664560000000000       0.284830892917822     
  0.664640000000000       0.284847810944012     
  0.664720000000000       0.284864729085908     
  0.664800000000000       0.284881647342400     
  0.664880000000000       0.284898565714113     
  0.664960000000000       0.284915484201105     
  0.665040000000000       0.284932402802551     
  0.665120000000000       0.284949321518877     
  0.665200000000000       0.284966240348734     
  0.665280000000000       0.284983159293941     
  0.665360000000000       0.285000078352636     
  0.665440000000000       0.285016997525642     
  0.665520000000000       0.285033916812378     
  0.665600000000000       0.285050836212744     
  0.665680000000000       0.285067755726612     
  0.665760000000000       0.285084675353045     
  0.665840000000000       0.285101595093661     
  0.665920000000000       0.285118514946601     
  0.666000000000000       0.285135434912090     
  0.666080000000000       0.285152354990612     
  0.666160000000000       0.285169275181983     
  0.666240000000000       0.285186195485377     
  0.666320000000000       0.285203115901194     
  0.666400000000000       0.285220036428382     
  0.666480000000000       0.285236957067863     
  0.666560000000000       0.285253877819113     
  0.666640000000000       0.285270798681222     
  0.666720000000000       0.285287719655412     
  0.666800000000000       0.285304640740390     
  0.666880000000000       0.285321561936340     
  0.666960000000000       0.285338483243461     
  0.667040000000000       0.285355404661002     
  0.667120000000000       0.285372326189145     
  0.667200000000000       0.285389247827990     
  0.667280000000000       0.285406169576515     
  0.667360000000000       0.285423091435700     
  0.667440000000000       0.285440013404352     
  0.667520000000000       0.285456935482895     
  0.667600000000000       0.285473857671090     
  0.667680000000000       0.285490779968453     
  0.667760000000000       0.285507702374954     
  0.667840000000000       0.285524624890937     
  0.667920000000000       0.285541547515490     
  0.668000000000000       0.285558470249396     
  0.668080000000000       0.285575393091318     
  0.668160000000000       0.285592316041442     
  0.668240000000000       0.285609239100748     
  0.668320000000000       0.285626162267019     
  0.668400000000000       0.285643085542060     
  0.668480000000000       0.285660008924577     
  0.668560000000000       0.285676932414629     
  0.668640000000000       0.285693856012753     
  0.668720000000000       0.285710779717601     
  0.668800000000000       0.285727703529656     
  0.668880000000000       0.285744627448847     
  0.668960000000000       0.285761551474619     
  0.669040000000000       0.285778475607299     
  0.669120000000000       0.285795399846546     
  0.669200000000000       0.285812324191608     
  0.669280000000000       0.285829248642966     
  0.669360000000000       0.285846173200835     
  0.669440000000000       0.285863097864319     
  0.669520000000000       0.285880022633006     
  0.669600000000000       0.285896947508047     
  0.669680000000000       0.285913872487893     
  0.669760000000000       0.285930797572885     
  0.669840000000000       0.285947722763294     
  0.669920000000000       0.285964648057939     
  0.670000000000000       0.285981573458113     
  0.670080000000000       0.285998498962226     
  0.670160000000000       0.286015424570590     
  0.670240000000000       0.286032350283986     
  0.670320000000000       0.286049276100596     
  0.670400000000000       0.286066202021840     
  0.670480000000000       0.286083128046354     
  0.670560000000000       0.286100054174210     
  0.670640000000000       0.286116980406061     
  0.670720000000000       0.286133906740628     
  0.670800000000000       0.286150833178323     
  0.670880000000000       0.286167759719416     
  0.670960000000000       0.286184686363495     
  0.671040000000000       0.286201613109367     
  0.671120000000000       0.286218539957855     
  0.671200000000000       0.286235466908704     
  0.671280000000000       0.286252393961786     
  0.671360000000000       0.286269321116760     
  0.671440000000000       0.286286248373142     
  0.671520000000000       0.286303175732127     
  0.671600000000000       0.286320103191568     
  0.671680000000000       0.286337030753015     
  0.671760000000000       0.286353958414790     
  0.671840000000000       0.286370886178585     
  0.671920000000000       0.286387814042595     
  0.672000000000000       0.286404742007076     
  0.672080000000000       0.286421670072369     
  0.672160000000000       0.286438598238118     
  0.672240000000000       0.286455526503542     
  0.672320000000000       0.286472454869636     
  0.672400000000000       0.286489383335007     
  0.672480000000000       0.286506311900607     
  0.672560000000000       0.286523240565043     
  0.672640000000000       0.286540169329027     
  0.672720000000000       0.286557098192373     
  0.672800000000000       0.286574027155180     
  0.672880000000000       0.286590956215773     
  0.672960000000000       0.286607885375926     
  0.673040000000000       0.286624814634718     
  0.673120000000000       0.286641743991393     
  0.673200000000000       0.286658673446792     
  0.673280000000000       0.286675602999677     
  0.673360000000000       0.286692532650915     
  0.673440000000000       0.286709462399270     
  0.673520000000000       0.286726392245822     
  0.673600000000000       0.286743322189804     
  0.673680000000000       0.286760252230747     
  0.673760000000000       0.286777182368905     
  0.673840000000000       0.286794112604110     
  0.673920000000000       0.286811042935636     
  0.674000000000000       0.286827973364237     
  0.674080000000000       0.286844903889173     
  0.674160000000000       0.286861834509804     
  0.674240000000000       0.286878765227212     
  0.674320000000000       0.286895696040557     
  0.674400000000000       0.286912626949200     
  0.674480000000000       0.286929557954179     
  0.674560000000000       0.286946489054043     
  0.674640000000000       0.286963420249916     
  0.674720000000000       0.286980351540063     
  0.674800000000000       0.286997282925196     
  0.674880000000000       0.287014214405784     
  0.674960000000000       0.287031145980816     
  0.675040000000000       0.287048077650323     
  0.675120000000000       0.287065009414062     
  0.675200000000000       0.287081941271777     
  0.675280000000000       0.287098873223923     
  0.675360000000000       0.287115805269377     
  0.675440000000000       0.287132737409078     
  0.675520000000000       0.287149669642187     
  0.675600000000000       0.287166601968463     
  0.675680000000000       0.287183534388245     
  0.675760000000000       0.287200466900669     
  0.675840000000000       0.287217399506258     
  0.675920000000000       0.287234332204517     
  0.676000000000000       0.287251264995473     
  0.676080000000000       0.287268197878416     
  0.676160000000000       0.287285130853474     
  0.676240000000000       0.287302063920788     
  0.676320000000000       0.287318997080445     
  0.676400000000000       0.287335930331051     
  0.676480000000000       0.287352863674056     
  0.676560000000000       0.287369797107897     
  0.676640000000000       0.287386730633568     
  0.676720000000000       0.287403664249351     
  0.676800000000000       0.287420597956708     
  0.676880000000000       0.287437531755043     
  0.676960000000000       0.287454465643418     
  0.677040000000000       0.287471399622430     
  0.677120000000000       0.287488333692051     
  0.677200000000000       0.287505267851185     
  0.677280000000000       0.287522202100686     
  0.677360000000000       0.287539136439801     
  0.677440000000000       0.287556070868587     
  0.677520000000000       0.287573005387142     
  0.677600000000000       0.287589939994686     
  0.677680000000000       0.287606874691460     
  0.677760000000000       0.287623809477336     
  0.677840000000000       0.287640744351788     
  0.677920000000000       0.287657679315100     
  0.678000000000000       0.287674614366577     
  0.678080000000000       0.287691549506673     
  0.678160000000000       0.287708484734804     
  0.678240000000000       0.287725420050973     
  0.678320000000000       0.287742355454964     
  0.678400000000000       0.287759290946750     
  0.678480000000000       0.287776226525961     
  0.678560000000000       0.287793162192597     
  0.678640000000000       0.287810097946189     
  0.678720000000000       0.287827033787107     
  0.678800000000000       0.287843969714868     
  0.678880000000000       0.287860905729386     
  0.678960000000000       0.287877841829965     
  0.679040000000000       0.287894778017557     
  0.679120000000000       0.287911714290968     
  0.679200000000000       0.287928650650753     
  0.679280000000000       0.287945587095774     
  0.679360000000000       0.287962523627525     
  0.679440000000000       0.287979460243858     
  0.679520000000000       0.287996396946323     
  0.679600000000000       0.288013333734040     
  0.679680000000000       0.288030270606240     
  0.679760000000000       0.288047207563335     
  0.679840000000000       0.288064144605610     
  0.679920000000000       0.288081081732597     
  0.680000000000000       0.288098018943725     
  0.680080000000000       0.288114956239650     
  0.680160000000000       0.288131893619249     
  0.680240000000000       0.288148831082478     
  0.680320000000000       0.288165768630006     
  0.680400000000000       0.288182706260867     
  0.680480000000000       0.288199643975429     
  0.680560000000000       0.288216581773011     
  0.680640000000000       0.288233519654025     
  0.680720000000000       0.288250457617974     
  0.680800000000000       0.288267395664758     
  0.680880000000000       0.288284333793794     
  0.680960000000000       0.288301272005623     
  0.681040000000000       0.288318210299931     
  0.681120000000000       0.288335148676450     
  0.681200000000000       0.288352087134538     
  0.681280000000000       0.288369025674936     
  0.681360000000000       0.288385964296890     
  0.681440000000000       0.288402902999846     
  0.681520000000000       0.288419841784671     
  0.681600000000000       0.288436780650170     
  0.681680000000000       0.288453719597098     
  0.681760000000000       0.288470658624743     
  0.681840000000000       0.288487597733519     
  0.681920000000000       0.288504536922329     
  0.682000000000000       0.288521476191602     
  0.682080000000000       0.288538415541223     
  0.682160000000000       0.288555354970964     
  0.682240000000000       0.288572294480784     
  0.682320000000000       0.288589234070028     
  0.682400000000000       0.288606173739180     
  0.682480000000000       0.288623113487159     
  0.682560000000000       0.288640053314492     
  0.682640000000000       0.288656993220866     
  0.682720000000000       0.288673933206607     
  0.682800000000000       0.288690873270934     
  0.682880000000000       0.288707813413308     
  0.682960000000000       0.288724753635219     
  0.683040000000000       0.288741693934296     
  0.683120000000000       0.288758634312328     
  0.683200000000000       0.288775574767880     
  0.683280000000000       0.288792515301037     
  0.683360000000000       0.288809455911871     
  0.683440000000000       0.288826396600268     
  0.683520000000000       0.288843337366043     
  0.683600000000000       0.288860278209026     
  0.683680000000000       0.288877219129032     
  0.683760000000000       0.288894160125690     
  0.683840000000000       0.288911101198917     
  0.683920000000000       0.288928042348712     
  0.684000000000000       0.288944983574635     
  0.684080000000000       0.288961924877168     
  0.684160000000000       0.288978866255658     
  0.684240000000000       0.288995807708784     
  0.684320000000000       0.289012749238947     
  0.684400000000000       0.289029690844157     
  0.684480000000000       0.289046632525111     
  0.684560000000000       0.289063574280516     
  0.684640000000000       0.289080516111878     
  0.684720000000000       0.289097458016894     
  0.684800000000000       0.289114399997413     
  0.684880000000000       0.289131342052454     
  0.684960000000000       0.289148284182187     
  0.685040000000000       0.289165226385546     
  0.685120000000000       0.289182168662831     
  0.685200000000000       0.289199111014466     
  0.685280000000000       0.289216053439756     
  0.685360000000000       0.289232995938502     
  0.685440000000000       0.289249938510690     
  0.685520000000000       0.289266881155851     
  0.685600000000000       0.289283823874595     
  0.685680000000000       0.289300766665375     
  0.685760000000000       0.289317709529510     
  0.685840000000000       0.289334652466263     
  0.685920000000000       0.289351595475407     
  0.686000000000000       0.289368538557224     
  0.686080000000000       0.289385481709911     
  0.686160000000000       0.289402424935727     
  0.686240000000000       0.289419368232527     
  0.686320000000000       0.289436311601602     
  0.686400000000000       0.289453255041676     
  0.686480000000000       0.289470198553144     
  0.686560000000000       0.289487142135994     
  0.686640000000000       0.289504085789486     
  0.686720000000000       0.289521029514117     
  0.686800000000000       0.289537973308779     
  0.686880000000000       0.289554917174539     
  0.686960000000000       0.289571861110414     
  0.687040000000000       0.289588805116208     
  0.687120000000000       0.289605749192032     
  0.687200000000000       0.289622693338001     
  0.687280000000000       0.289639637553475     
  0.687360000000000       0.289656581838554     
  0.687440000000000       0.289673526192968     
  0.687520000000000       0.289690470616532     
  0.687600000000000       0.289707415108848     
  0.687680000000000       0.289724359670328     
  0.687760000000000       0.289741304300219     
  0.687840000000000       0.289758248999047     
  0.687920000000000       0.289775193765604     
  0.688000000000000       0.289792138600444     
  0.688080000000000       0.289809083504378     
  0.688160000000000       0.289826028475216     
  0.688240000000000       0.289842973513655     
  0.688320000000000       0.289859918620221     
  0.688400000000000       0.289876863794004     
  0.688480000000000       0.289893809034777     
  0.688560000000000       0.289910754342682     
  0.688640000000000       0.289927699717975     
  0.688720000000000       0.289944645159875     
  0.688800000000000       0.289961590667898     
  0.688880000000000       0.289978536242498     
  0.688960000000000       0.289995481883122     
  0.689040000000000       0.290012427590310     
  0.689120000000000       0.290029373362881     
  0.689200000000000       0.290046319201903     
  0.689280000000000       0.290063265106323     
  0.689360000000000       0.290080211076028     
  0.689440000000000       0.290097157111174     
  0.689520000000000       0.290114103211377     
  0.689600000000000       0.290131049376481     
  0.689680000000000       0.290147995605989     
  0.689760000000000       0.290164941900724     
  0.689840000000000       0.290181888259593     
  0.689920000000000       0.290198834682909     
  0.690000000000000       0.290215781170414     
  0.690080000000000       0.290232727721798     
  0.690160000000000       0.290249674337173     
  0.690240000000000       0.290266621015957     
  0.690320000000000       0.290283567758121     
  0.690400000000000       0.290300514564248     
  0.690480000000000       0.290317461432647     
  0.690560000000000       0.290334408365081     
  0.690640000000000       0.290351355359601     
  0.690720000000000       0.290368302417105     
  0.690800000000000       0.290385249537178     
  0.690880000000000       0.290402196718912     
  0.690960000000000       0.290419143963970     
  0.691040000000000       0.290436091270135     
  0.691120000000000       0.290453038638501     
  0.691200000000000       0.290469986068953     
  0.691280000000000       0.290486933560527     
  0.691360000000000       0.290503881113520     
  0.691440000000000       0.290520828727819     
  0.691520000000000       0.290537776403068     
  0.691600000000000       0.290554724139096     
  0.691680000000000       0.290571671935933     
  0.691760000000000       0.290588619793550     
  0.691840000000000       0.290605567711450     
  0.691920000000000       0.290622515689532     
  0.692000000000000       0.290639463727598     
  0.692080000000000       0.290656411826046     
  0.692160000000000       0.290673359983995     
  0.692240000000000       0.290690308201175     
  0.692320000000000       0.290707256478495     
  0.692400000000000       0.290724204814208     
  0.692480000000000       0.290741153209365     
  0.692560000000000       0.290758101663482     
  0.692640000000000       0.290775050177001     
  0.692720000000000       0.290791998748813     
  0.692800000000000       0.290808947378633     
  0.692880000000000       0.290825896066932     
  0.692960000000000       0.290842844813693     
  0.693040000000000       0.290859793618421     
  0.693120000000000       0.290876742480603     
  0.693200000000000       0.290893691400694     
  0.693280000000000       0.290910640378169     
  0.693360000000000       0.290927589412502     
  0.693440000000000       0.290944538504786     
  0.693520000000000       0.290961487653217     
  0.693600000000000       0.290978436859047     
  0.693680000000000       0.290995386121705     
  0.693760000000000       0.291012335440738     
  0.693840000000000       0.291029284815861     
  0.693920000000000       0.291046234247315     
  0.694000000000000       0.291063183735059     
  0.694080000000000       0.291080133278254     
  0.694160000000000       0.291097082877539     
  0.694240000000000       0.291114032531493     
  0.694320000000000       0.291130982241936     
  0.694400000000000       0.291147932007516     
  0.694480000000000       0.291164881827282     
  0.694560000000000       0.291181831702286     
  0.694640000000000       0.291198781632130     
  0.694720000000000       0.291215731616245     
  0.694800000000000       0.291232681655086     
  0.694880000000000       0.291249631748156     
  0.694960000000000       0.291266581895297     
  0.695040000000000       0.291283532096199     
  0.695120000000000       0.291300482351315     
  0.695200000000000       0.291317432659324     
  0.695280000000000       0.291334383021035     
  0.695360000000000       0.291351333435739     
  0.695440000000000       0.291368283904217     
  0.695520000000000       0.291385234425118     
  0.695600000000000       0.291402184998785     
  0.695680000000000       0.291419135625358     
  0.695760000000000       0.291436086304356     
  0.695840000000000       0.291453037035208     
  0.695920000000000       0.291469987818570     
  0.696000000000000       0.291486938653759     
  0.696080000000000       0.291503889540846     
  0.696160000000000       0.291520840479277     
  0.696240000000000       0.291537791469861     
  0.696320000000000       0.291554742510724     
  0.696400000000000       0.291571693603484     
  0.696480000000000       0.291588644747048     
  0.696560000000000       0.291605595941630     
  0.696640000000000       0.291622547185750     
  0.696720000000000       0.291639498482095     
  0.696800000000000       0.291656449828065     
  0.696880000000000       0.291673401223815     
  0.696960000000000       0.291690352670256     
  0.697040000000000       0.291707304165965     
  0.697120000000000       0.291724255711341     
  0.697200000000000       0.291741207306640     
  0.697280000000000       0.291758158951194     
  0.697360000000000       0.291775110644804     
  0.697440000000000       0.291792062387597     
  0.697520000000000       0.291809014178480     
  0.697600000000000       0.291825966019130     
  0.697680000000000       0.291842917907727     
  0.697760000000000       0.291859869845692     
  0.697840000000000       0.291876821830923     
  0.697920000000000       0.291893773864001     
  0.698000000000000       0.291910725945766     
  0.698080000000000       0.291927678074640     
  0.698160000000000       0.291944630251305     
  0.698240000000000       0.291961582475648     
  0.698320000000000       0.291978534746559     
  0.698400000000000       0.291995487065475     
  0.698480000000000       0.292012439430633     
  0.698560000000000       0.292029391842772     
  0.698640000000000       0.292046344301608     
  0.698720000000000       0.292063296806529     
  0.698800000000000       0.292080249358375     
  0.698880000000000       0.292097201955411     
  0.698960000000000       0.292114154598733     
  0.699040000000000       0.292131107288310     
  0.699120000000000       0.292148060022950     
  0.699200000000000       0.292165012803449     
  0.699280000000000       0.292181965628996     
  0.699360000000000       0.292198918499648     
  0.699440000000000       0.292215871415533     
  0.699520000000000       0.292232824376083     
  0.699600000000000       0.292249777381070     
  0.699680000000000       0.292266730430538     
  0.699760000000000       0.292283683524656     
  0.699840000000000       0.292300636662955     
  0.699920000000000       0.292317589845209     
  0.700000000000000       0.292334543071246     
  0.700080000000000       0.292351496340740     
  0.700160000000000       0.292368449654202     
  0.700240000000000       0.292385403010454     
  0.700320000000000       0.292402356410048     
  0.700400000000000       0.292419309852915     
  0.700480000000000       0.292436263338655     
  0.700560000000000       0.292453216867114     
  0.700640000000000       0.292470170437593     
  0.700720000000000       0.292487124051374     
  0.700800000000000       0.292504077706565     
  0.700880000000000       0.292521031403919     
  0.700960000000000       0.292537985142968     
  0.701040000000000       0.292554938924309     
  0.701120000000000       0.292571892746733     
  0.701200000000000       0.292588846611093     
  0.701280000000000       0.292605800515969     
  0.701360000000000       0.292622754462795     
  0.701440000000000       0.292639708449283     
  0.701520000000000       0.292656662477438     
  0.701600000000000       0.292673616545810     
  0.701680000000000       0.292690570654924     
  0.701760000000000       0.292707524804027     
  0.701840000000000       0.292724478993503     
  0.701920000000000       0.292741433222813     
  0.702000000000000       0.292758387492040     
  0.702080000000000       0.292775341800802     
  0.702160000000000       0.292792296148844     
  0.702240000000000       0.292809250536263     
  0.702320000000000       0.292826204962535     
  0.702400000000000       0.292843159428071     
  0.702480000000000       0.292860113932147     
  0.702560000000000       0.292877068475048     
  0.702640000000000       0.292894023056388     
  0.702720000000000       0.292910977676183     
  0.702800000000000       0.292927932333737     
  0.702880000000000       0.292944887029205     
  0.702960000000000       0.292961841762900     
  0.703040000000000       0.292978796534354     
  0.703120000000000       0.292995751343153     
  0.703200000000000       0.293012706189128     
  0.703280000000000       0.293029661072805     
  0.703360000000000       0.293046615992535     
  0.703440000000000       0.293063570950150     
  0.703520000000000       0.293080525943734     
  0.703600000000000       0.293097480973896     
  0.703680000000000       0.293114436040693     
  0.703760000000000       0.293131391143913     
  0.703840000000000       0.293148346282405     
  0.703920000000000       0.293165301457106     
  0.704000000000000       0.293182256667589     
  0.704080000000000       0.293199211913330     
  0.704160000000000       0.293216167195124     
  0.704240000000000       0.293233122511734     
  0.704320000000000       0.293250077863289     
  0.704400000000000       0.293267033249418     
  0.704480000000000       0.293283988671644     
  0.704560000000000       0.293300944127577     
  0.704640000000000       0.293317899617574     
  0.704720000000000       0.293334855142061     
  0.704800000000000       0.293351810700497     
  0.704880000000000       0.293368766292770     
  0.704960000000000       0.293385721919532     
  0.705040000000000       0.293402677579306     
  0.705120000000000       0.293419633272461     
  0.705200000000000       0.293436588999268     
  0.705280000000000       0.293453544759143     
  0.705360000000000       0.293470500551277     
  0.705440000000000       0.293487456376565     
  0.705520000000000       0.293504412235078     
  0.705600000000000       0.293521368125607     
  0.705680000000000       0.293538324048382     
  0.705760000000000       0.293555280002775     
  0.705840000000000       0.293572235989825     
  0.705920000000000       0.293589192008452     
  0.706000000000000       0.293606148058711     
  0.706080000000000       0.293623104141102     
  0.706160000000000       0.293640060253435     
  0.706240000000000       0.293657016398169     
  0.706320000000000       0.293673972573441     
  0.706400000000000       0.293690928779850     
  0.706480000000000       0.293707885015931     
  0.706560000000000       0.293724841283404     
  0.706640000000000       0.293741797581046     
  0.706720000000000       0.293758753908901     
  0.706800000000000       0.293775710266726     
  0.706880000000000       0.293792666654736     
  0.706960000000000       0.293809623071820     
  0.707040000000000       0.293826579518620     
  0.707120000000000       0.293843535995291     
  0.707200000000000       0.293860492500554     
  0.707280000000000       0.293877449034793     
  0.707360000000000       0.293894405598391     
  0.707440000000000       0.293911362190511     
  0.707520000000000       0.293928318810967     
  0.707600000000000       0.293945275460101     
  0.707680000000000       0.293962232137344     
  0.707760000000000       0.293979188842710     
  0.707840000000000       0.293996145575900     
  0.707920000000000       0.294013102337385     
  0.708000000000000       0.294030059125544     
  0.708080000000000       0.294047015941257     
  0.708160000000000       0.294063972784980     
  0.708240000000000       0.294080929655050     
  0.708320000000000       0.294097886552078     
  0.708400000000000       0.294114843476561     
  0.708480000000000       0.294131800427164     
  0.708560000000000       0.294148757404170     
  0.708640000000000       0.294165714407708     
  0.708720000000000       0.294182671436684     
  0.708800000000000       0.294199628492433     
  0.708880000000000       0.294216585573392     
  0.708960000000000       0.294233542680541     
  0.709040000000000       0.294250499813001     
  0.709120000000000       0.294267456970442     
  0.709200000000000       0.294284414152895     
  0.709280000000000       0.294301371360785     
  0.709360000000000       0.294318328593346     
  0.709440000000000       0.294335285850633     
  0.709520000000000       0.294352243132235     
  0.709600000000000       0.294369200438194     
  0.709680000000000       0.294386157768398     
  0.709760000000000       0.294403115122930     
  0.709840000000000       0.294420072500654     
  0.709920000000000       0.294437029902110     
  0.710000000000000       0.294453987327427     
  0.710080000000000       0.294470944776248     
  0.710160000000000       0.294487902248389     
  0.710240000000000       0.294504859742372     
  0.710320000000000       0.294521817260159     
  0.710400000000000       0.294538774800654     
  0.710480000000000       0.294555732363546     
  0.710560000000000       0.294572689948663     
  0.710640000000000       0.294589647556418     
  0.710720000000000       0.294606605185717     
  0.710800000000000       0.294623562836901     
  0.710880000000000       0.294640520510069     
  0.710960000000000       0.294657478205249     
  0.711040000000000       0.294674435921007     
  0.711120000000000       0.294691393658266     
  0.711200000000000       0.294708351416671     
  0.711280000000000       0.294725309196292     
  0.711360000000000       0.294742266995922     
  0.711440000000000       0.294759224816471     
  0.711520000000000       0.294776182657682     
  0.711600000000000       0.294793140518902     
  0.711680000000000       0.294810098400728     
  0.711760000000000       0.294827056302123     
  0.711840000000000       0.294844014223199     
  0.711920000000000       0.294860972164113     
  0.712000000000000       0.294877930124014     
  0.712080000000000       0.294894888103568     
  0.712160000000000       0.294911846102434     
  0.712240000000000       0.294928804119761     
  0.712320000000000       0.294945762156328     
  0.712400000000000       0.294962720211356     
  0.712480000000000       0.294979678285185     
  0.712560000000000       0.294996636376322     
  0.712640000000000       0.295013594486531     
  0.712720000000000       0.295030552614617     
  0.712800000000000       0.295047510760082     
  0.712880000000000       0.295064468923738     
  0.712960000000000       0.295081427104759     
  0.713040000000000       0.295098385303103     
  0.713120000000000       0.295115343518700     
  0.713200000000000       0.295132301751121     
  0.713280000000000       0.295149259999928     
  0.713360000000000       0.295166218266186     
  0.713440000000000       0.295183176548957     
  0.713520000000000       0.295200134847076     
  0.713600000000000       0.295217093162390     
  0.713680000000000       0.295234051493677     
  0.713760000000000       0.295251009840936     
  0.713840000000000       0.295267968203515     
  0.713920000000000       0.295284926581854     
  0.714000000000000       0.295301884975186     
  0.714080000000000       0.295318843383907     
  0.714160000000000       0.295335801807693     
  0.714240000000000       0.295352760246655     
  0.714320000000000       0.295369718700169     
  0.714400000000000       0.295386677168023     
  0.714480000000000       0.295403635650783     
  0.714560000000000       0.295420594147669     
  0.714640000000000       0.295437552658609     
  0.714720000000000       0.295454511182851     
  0.714800000000000       0.295471469721574     
  0.714880000000000       0.295488428273697     
  0.714960000000000       0.295505386838937     
  0.715040000000000       0.295522345417990     
  0.715120000000000       0.295539304009961     
  0.715200000000000       0.295556262614977     
  0.715280000000000       0.295573221232598     
  0.715360000000000       0.295590179863052     
  0.715440000000000       0.295607138505386     
  0.715520000000000       0.295624097160737     
  0.715600000000000       0.295641055827656     
  0.715680000000000       0.295658014506867     
  0.715760000000000       0.295674973197731     
  0.715840000000000       0.295691931900731     
  0.715920000000000       0.295708890614191     
  0.716000000000000       0.295725849339644     
  0.716080000000000       0.295742808076409     
  0.716160000000000       0.295759766823747     
  0.716240000000000       0.295776725582098     
  0.716320000000000       0.295793684351008     
  0.716400000000000       0.295810643130619     
  0.716480000000000       0.295827601920647     
  0.716560000000000       0.295844560720423     
  0.716640000000000       0.295861519530985     
  0.716720000000000       0.295878478350528     
  0.716800000000000       0.295895437180488     
  0.716880000000000       0.295912396019401     
  0.716960000000000       0.295929354867934     
  0.717040000000000       0.295946313725904     
  0.717120000000000       0.295963272592329     
  0.717200000000000       0.295980231468190     
  0.717280000000000       0.295997190352492     
  0.717360000000000       0.296014149245562     
  0.717440000000000       0.296031108146434     
  0.717520000000000       0.296048067056444     
  0.717600000000000       0.296065025973687     
  0.717680000000000       0.296081984899641     
  0.717760000000000       0.296098943832601     
  0.717840000000000       0.296115902773306     
  0.717920000000000       0.296132861721699     
  0.718000000000000       0.296149820676942     
  0.718080000000000       0.296166779639532     
  0.718160000000000       0.296183738609042     
  0.718240000000000       0.296200697585630     
  0.718320000000000       0.296217656568570     
  0.718400000000000       0.296234615557975     
  0.718480000000000       0.296251574553222     
  0.718560000000000       0.296268533555403     
  0.718640000000000       0.296285492562899     
  0.718720000000000       0.296302451576293     
  0.718800000000000       0.296319410595442     
  0.718880000000000       0.296336369620133     
  0.718960000000000       0.296353328649755     
  0.719040000000000       0.296370287684891     
  0.719120000000000       0.296387246724902     
  0.719200000000000       0.296404205769900     
  0.719280000000000       0.296421164818992     
  0.719360000000000       0.296438123872986     
  0.719440000000000       0.296455082931030     
  0.719520000000000       0.296472041994133     
  0.719600000000000       0.296489001060519     
  0.719680000000000       0.296505960130386     
  0.719760000000000       0.296522919204176     
  0.719840000000000       0.296539878282115     
  0.719920000000000       0.296556837362499     
  0.720000000000000       0.296573796446663     
  0.720080000000000       0.296590755533384     
  0.720160000000000       0.296607714623787     
  0.720240000000000       0.296624673716008     
  0.720320000000000       0.296641632811242     
  0.720400000000000       0.296658591908735     
  0.720480000000000       0.296675551008445     
  0.720560000000000       0.296692510110458     
  0.720640000000000       0.296709469213479     
  0.720720000000000       0.296726428319229     
  0.720800000000000       0.296743387426244     
  0.720880000000000       0.296760346534339     
  0.720960000000000       0.296777305643826     
  0.721040000000000       0.296794264754848     
  0.721120000000000       0.296811223866112     
  0.721200000000000       0.296828182978726     
  0.721280000000000       0.296845142091553     
  0.721360000000000       0.296862101204877     
  0.721440000000000       0.296879060318130     
  0.721520000000000       0.296896019432080     
  0.721600000000000       0.296912978545674     
  0.721680000000000       0.296929937658885     
  0.721760000000000       0.296946896771897     
  0.721840000000000       0.296963855884539     
  0.721920000000000       0.296980814996357     
  0.722000000000000       0.296997774106995     
  0.722080000000000       0.297014733216966     
  0.722160000000000       0.297031692325786     
  0.722240000000000       0.297048651432559     
  0.722320000000000       0.297065610538479     
  0.722400000000000       0.297082569642680     
  0.722480000000000       0.297099528744664     
  0.722560000000000       0.297116487845000     
  0.722640000000000       0.297133446942763     
  0.722720000000000       0.297150406038907     
  0.722800000000000       0.297167365131696     
  0.722880000000000       0.297184324222084     
  0.722960000000000       0.297201283309417     
  0.723040000000000       0.297218242394732     
  0.723120000000000       0.297235201476082     
  0.723200000000000       0.297252160553921     
  0.723280000000000       0.297269119628720     
  0.723360000000000       0.297286078700137     
  0.723440000000000       0.297303037767134     
  0.723520000000000       0.297319996830237     
  0.723600000000000       0.297336955889475     
  0.723680000000000       0.297353914944478     
  0.723760000000000       0.297370873995530     
  0.723840000000000       0.297387833040912     
  0.723920000000000       0.297404792081534     
  0.724000000000000       0.297421751117565     
  0.724080000000000       0.297438710148722     
  0.724160000000000       0.297455669174494     
  0.724240000000000       0.297472628194410     
  0.724320000000000       0.297489587209424     
  0.724400000000000       0.297506546218739     
  0.724480000000000       0.297523505221489     
  0.724560000000000       0.297540464218668     
  0.724640000000000       0.297557423209224     
  0.724720000000000       0.297574382192860     
  0.724800000000000       0.297591341170940     
  0.724880000000000       0.297608300141744     
  0.724960000000000       0.297625259106280     
  0.725040000000000       0.297642218063143     
  0.725120000000000       0.297659177013114     
  0.725200000000000       0.297676135955467     
  0.725280000000000       0.297693094890403     
  0.725360000000000       0.297710053817451     
  0.725440000000000       0.297727012736669     
  0.725520000000000       0.297743971647930     
  0.725600000000000       0.297760930550649     
  0.725680000000000       0.297777889445780     
  0.725760000000000       0.297794848331802     
  0.725840000000000       0.297811807209581     
  0.725920000000000       0.297828766078493     
  0.726000000000000       0.297845724938026     
  0.726080000000000       0.297862683788407     
  0.726160000000000       0.297879642629394     
  0.726240000000000       0.297896601461201     
  0.726320000000000       0.297913560283274     
  0.726400000000000       0.297930519095314     
  0.726480000000000       0.297947477897549     
  0.726560000000000       0.297964436689679     
  0.726640000000000       0.297981395471265     
  0.726720000000000       0.297998354242691     
  0.726800000000000       0.298015313003302     
  0.726880000000000       0.298032271753269     
  0.726960000000000       0.298049230491583     
  0.727040000000000       0.298066189219580     
  0.727120000000000       0.298083147936251     
  0.727200000000000       0.298100106641311     
  0.727280000000000       0.298117065334250     
  0.727360000000000       0.298134024016389     
  0.727440000000000       0.298150982686050     
  0.727520000000000       0.298167941343576     
  0.727600000000000       0.298184899988979     
  0.727680000000000       0.298201858621636     
  0.727760000000000       0.298218817242284     
  0.727840000000000       0.298235775850114     
  0.727920000000000       0.298252734444586     
  0.728000000000000       0.298269693026140     
  0.728080000000000       0.298286651594535     
  0.728160000000000       0.298303610149344     
  0.728240000000000       0.298320568690852     
  0.728320000000000       0.298337527218746     
  0.728400000000000       0.298354485732571     
  0.728480000000000       0.298371444232143     
  0.728560000000000       0.298388402717902     
  0.728640000000000       0.298405361188512     
  0.728720000000000       0.298422319645493     
  0.728800000000000       0.298439278087355     
  0.728880000000000       0.298456236514423     
  0.728960000000000       0.298473194926385     
  0.729040000000000       0.298490153323624     
  0.729120000000000       0.298507111704919     
  0.729200000000000       0.298524070070880     
  0.729280000000000       0.298541028421593     
  0.729360000000000       0.298557986755850     
  0.729440000000000       0.298574945074489     
  0.729520000000000       0.298591903376317     
  0.729600000000000       0.298608861662655     
  0.729680000000000       0.298625819932011     
  0.729760000000000       0.298642778185123     
  0.729840000000000       0.298659736421013     
  0.729920000000000       0.298676694640091     
  0.730000000000000       0.298693652841902     
  0.730080000000000       0.298710611026874     
  0.730160000000000       0.298727569193798     
  0.730240000000000       0.298744527343570     
  0.730320000000000       0.298761485475208     
  0.730400000000000       0.298778443589069     
  0.730480000000000       0.298795401684697     
  0.730560000000000       0.298812359762334     
  0.730640000000000       0.298829317821213     
  0.730720000000000       0.298846275861376     
  0.730800000000000       0.298863233882781     
  0.730880000000000       0.298880191885712     
  0.730960000000000       0.298897149869515     
  0.731040000000000       0.298914107833807     
  0.731120000000000       0.298931065778587     
  0.731200000000000       0.298948023704267     
  0.731280000000000       0.298964981609456     
  0.731360000000000       0.298981939495317     
  0.731440000000000       0.298998897360815     
  0.731520000000000       0.299015855206076     
  0.731600000000000       0.299032813031315     
  0.731680000000000       0.299049770835919     
  0.731760000000000       0.299066728619647     
  0.731840000000000       0.299083686382059     
  0.731920000000000       0.299100644123951     
  0.732000000000000       0.299117601844611     
  0.732080000000000       0.299134559543785     
  0.732160000000000       0.299151517221941     
  0.732240000000000       0.299168474878098     
  0.732320000000000       0.299185432511902     
  0.732400000000000       0.299202390124447     
  0.732480000000000       0.299219347714097     
  0.732560000000000       0.299236305281693     
  0.732640000000000       0.299253262827219     
  0.732720000000000       0.299270220349382     
  0.732800000000000       0.299287177849092     
  0.732880000000000       0.299304135325795     
  0.732960000000000       0.299321092779320     
  0.733040000000000       0.299338050209553     
  0.733120000000000       0.299355007616040     
  0.733200000000000       0.299371964999236     
  0.733280000000000       0.299388922358159     
  0.733360000000000       0.299405879694004     
  0.733440000000000       0.299422837005136     
  0.733520000000000       0.299439794291726     
  0.733600000000000       0.299456751554286     
  0.733680000000000       0.299473708792317     
  0.733760000000000       0.299490666004911     
  0.733840000000000       0.299507623193020     
  0.733920000000000       0.299524580356203     
  0.734000000000000       0.299541537493479     
  0.734080000000000       0.299558494605873     
  0.734160000000000       0.299575451692772     
  0.734240000000000       0.299592408753495     
  0.734320000000000       0.299609365788382     
  0.734400000000000       0.299626322797192     
  0.734480000000000       0.299643279780295     
  0.734560000000000       0.299660236736114     
  0.734640000000000       0.299677193666210     
  0.734720000000000       0.299694150568652     
  0.734800000000000       0.299711107444861     
  0.734880000000000       0.299728064294439     
  0.734960000000000       0.299745021115609     
  0.735040000000000       0.299761977910305     
  0.735120000000000       0.299778934677204     
  0.735200000000000       0.299795891415653     
  0.735280000000000       0.299812848127556     
  0.735360000000000       0.299829804810568     
  0.735440000000000       0.299846761465628     
  0.735520000000000       0.299863718092564     
  0.735600000000000       0.299880674690581     
  0.735680000000000       0.299897631259637     
  0.735760000000000       0.299914587801166     
  0.735840000000000       0.299931544312582     
  0.735920000000000       0.299948500795279     
  0.736000000000000       0.299965457248032     
  0.736080000000000       0.299982413671867     
  0.736160000000000       0.299999370065760     
  0.736240000000000       0.300016326429923     
  0.736320000000000       0.300033282763945     
  0.736400000000000       0.300050239068153     
  0.736480000000000       0.300067195342035     
  0.736560000000000       0.300084151584838     
  0.736640000000000       0.300101107797528     
  0.736720000000000       0.300118063979252     
  0.736800000000000       0.300135020130722     
  0.736880000000000       0.300151976250444     
  0.736960000000000       0.300168932338704     
  0.737040000000000       0.300185888395757     
  0.737120000000000       0.300202844421162     
  0.737200000000000       0.300219800414990     
  0.737280000000000       0.300236756376916     
  0.737360000000000       0.300253712306468     
  0.737440000000000       0.300270668203564     
  0.737520000000000       0.300287624068599     
  0.737600000000000       0.300304579900424     
  0.737680000000000       0.300321535700189     
  0.737760000000000       0.300338491466900     
  0.737840000000000       0.300355447200400     
  0.737920000000000       0.300372402901215     
  0.738000000000000       0.300389358567782     
  0.738080000000000       0.300406314201209     
  0.738160000000000       0.300423269800871     
  0.738240000000000       0.300440225366668     
  0.738320000000000       0.300457180898218     
  0.738400000000000       0.300474136396116     
  0.738480000000000       0.300491091859595     
  0.738560000000000       0.300508047287875     
  0.738640000000000       0.300525002682062     
  0.738720000000000       0.300541958040978     
  0.738800000000000       0.300558913365447     
  0.738880000000000       0.300575868653721     
  0.738960000000000       0.300592823907419     
  0.739040000000000       0.300609779125364     
  0.739120000000000       0.300626734308122     
  0.739200000000000       0.300643689454330     
  0.739280000000000       0.300660644564727     
  0.739360000000000       0.300677599638928     
  0.739440000000000       0.300694554677318     
  0.739520000000000       0.300711509678519     
  0.739600000000000       0.300728464643538     
  0.739680000000000       0.300745419571851     
  0.739760000000000       0.300762374462605     
  0.739840000000000       0.300779329316666     
  0.739920000000000       0.300796284133381     
