  0.660000000000000       0.101793415779415     
  0.660080000000000       0.101794115259805     
  0.660160000000000       0.101794814714642     
  0.660240000000000       0.101795514143880     
  0.660320000000000       0.101796213547527     
  0.660400000000000       0.101796912925573     
  0.660480000000000       0.101797612277926     
  0.660560000000000       0.101798311604752     
  0.660640000000000       0.101799010905795     
  0.660720000000000       0.101799710181275     
  0.660800000000000       0.101800409431147     
  0.660880000000000       0.101801108655358     
  0.660960000000000       0.101801807853853     
  0.661040000000000       0.101802507026603     
  0.661120000000000       0.101803206173827     
  0.661200000000000       0.101803905295161     
  0.661280000000000       0.101804604390953     
  0.661360000000000       0.101805303461175     
  0.661440000000000       0.101806002505512     
  0.661520000000000       0.101806701524007     
  0.661600000000000       0.101807400517081     
  0.661680000000000       0.101808099484192     
  0.661760000000000       0.101808798425694     
  0.661840000000000       0.101809497341391     
  0.661920000000000       0.101810196231284     
  0.662000000000000       0.101810895095532     
  0.662080000000000       0.101811593933924     
  0.662160000000000       0.101812292746696     
  0.662240000000000       0.101812991533480     
  0.662320000000000       0.101813690294637     
  0.662400000000000       0.101814389029997     
  0.662480000000000       0.101815087739301     
  0.662560000000000       0.101815786423145     
  0.662640000000000       0.101816485080987     
  0.662720000000000       0.101817183713041     
  0.662800000000000       0.101817882319291     
  0.662880000000000       0.101818580899638     
  0.662960000000000       0.101819279454250     
  0.663040000000000       0.101819977982953     
  0.663120000000000       0.101820676485820     
  0.663200000000000       0.101821374962581     
  0.663280000000000       0.101822073413833     
  0.663360000000000       0.101822771839054     
  0.663440000000000       0.101823470238442     
  0.663520000000000       0.101824168611723     
  0.663600000000000       0.101824866959373     
  0.663680000000000       0.101825565280946     
  0.663760000000000       0.101826263576704     
  0.663840000000000       0.101826961846511     
  0.663920000000000       0.101827660090379     
  0.664000000000000       0.101828358308418     
  0.664080000000000       0.101829056500237     
  0.664160000000000       0.101829754666315     
  0.664240000000000       0.101830452806447     
  0.664320000000000       0.101831150920572     
  0.664400000000000       0.101831849008593     
  0.664480000000000       0.101832547070917     
  0.664560000000000       0.101833245107012     
  0.664640000000000       0.101833943117206     
  0.664720000000000       0.101834641101439     
  0.664800000000000       0.101835339059529     
  0.664880000000000       0.101836036991863     
  0.664960000000000       0.101836734897955     
  0.665040000000000       0.101837432778023     
  0.665120000000000       0.101838130632168     
  0.665200000000000       0.101838828460229     
  0.665280000000000       0.101839526262138     
  0.665360000000000       0.101840224038184     
  0.665440000000000       0.101840921788035     
  0.665520000000000       0.101841619511819     
  0.665600000000000       0.101842317209559     
  0.665680000000000       0.101843014881154     
  0.665760000000000       0.101843712526590     
  0.665840000000000       0.101844410146163     
  0.665920000000000       0.101845107739541     
  0.666000000000000       0.101845805306754     
  0.666080000000000       0.101846502847832     
  0.666160000000000       0.101847200362854     
  0.666240000000000       0.101847897851603     
  0.666320000000000       0.101848595314341     
  0.666400000000000       0.101849292750879     
  0.666480000000000       0.101849990161404     
  0.666560000000000       0.101850687545625     
  0.666640000000000       0.101851384903671     
  0.666720000000000       0.101852082235527     
  0.666800000000000       0.101852779541277     
  0.666880000000000       0.101853476820907     
  0.666960000000000       0.101854174074160     
  0.667040000000000       0.101854871301269     
  0.667120000000000       0.101855568502166     
  0.667200000000000       0.101856265676968     
  0.667280000000000       0.101856962825311     
  0.667360000000000       0.101857659947607     
  0.667440000000000       0.101858357043583     
  0.667520000000000       0.101859054113267     
  0.667600000000000       0.101859751156842     
  0.667680000000000       0.101860448173982     
  0.667760000000000       0.101861145164889     
  0.667840000000000       0.101861842129665     
  0.667920000000000       0.101862539068113     
  0.668000000000000       0.101863235980091     
  0.668080000000000       0.101863932866019     
  0.668160000000000       0.101864629725462     
  0.668240000000000       0.101865326558630     
  0.668320000000000       0.101866023365653     
  0.668400000000000       0.101866720146138     
  0.668480000000000       0.101867416900313     
  0.668560000000000       0.101868113628257     
  0.668640000000000       0.101868810329846     
  0.668720000000000       0.101869507004952     
  0.668800000000000       0.101870203653803     
  0.668880000000000       0.101870900276257     
  0.668960000000000       0.101871596872389     
  0.669040000000000       0.101872293442070     
  0.669120000000000       0.101872989985374     
  0.669200000000000       0.101873686502267     
  0.669280000000000       0.101874382992884     
  0.669360000000000       0.101875079457037     
  0.669440000000000       0.101875775894685     
  0.669520000000000       0.101876472305929     
  0.669600000000000       0.101877168690880     
  0.669680000000000       0.101877865049270     
  0.669760000000000       0.101878561381124     
  0.669840000000000       0.101879257686559     
  0.669920000000000       0.101879953965775     
  0.670000000000000       0.101880650218395     
  0.670080000000000       0.101881346444397     
  0.670160000000000       0.101882042644048     
  0.670240000000000       0.101882738817262     
  0.670320000000000       0.101883434963981     
  0.670400000000000       0.101884131084092     
  0.670480000000000       0.101884827177722     
  0.670560000000000       0.101885523244820     
  0.670640000000000       0.101886219285439     
  0.670720000000000       0.101886915299457     
  0.670800000000000       0.101887611287203     
  0.670880000000000       0.101888307248170     
  0.670960000000000       0.101889003182567     
  0.671040000000000       0.101889699090456     
  0.671120000000000       0.101890394971809     
  0.671200000000000       0.101891090826581     
  0.671280000000000       0.101891786654695     
  0.671360000000000       0.101892482456443     
  0.671440000000000       0.101893178231401     
  0.671520000000000       0.101893873979812     
  0.671600000000000       0.101894569701517     
  0.671680000000000       0.101895265396789     
  0.671760000000000       0.101895961065376     
  0.671840000000000       0.101896656707407     
  0.671920000000000       0.101897352322620     
  0.672000000000000       0.101898047911314     
  0.672080000000000       0.101898743473347     
  0.672160000000000       0.101899439008772     
  0.672240000000000       0.101900134517593     
  0.672320000000000       0.101900829999351     
  0.672400000000000       0.101901525454919     
  0.672480000000000       0.101902220883617     
  0.672560000000000       0.101902916285500     
  0.672640000000000       0.101903611660757     
  0.672720000000000       0.101904307009478     
  0.672800000000000       0.101905002331310     
  0.672880000000000       0.101905697626480     
  0.672960000000000       0.101906392894942     
  0.673040000000000       0.101907088136684     
  0.673120000000000       0.101907783351583     
  0.673200000000000       0.101908478539865     
  0.673280000000000       0.101909173701354     
  0.673360000000000       0.101909868836090     
  0.673440000000000       0.101910563943882     
  0.673520000000000       0.101911259025168     
  0.673600000000000       0.101911954079543     
  0.673680000000000       0.101912649107157     
  0.673760000000000       0.101913344107993     
  0.673840000000000       0.101914039082011     
  0.673920000000000       0.101914734029218     
  0.674000000000000       0.101915428949702     
  0.674080000000000       0.101916123843206     
  0.674160000000000       0.101916818709957     
  0.674240000000000       0.101917513549857     
  0.674320000000000       0.101918208362818     
  0.674400000000000       0.101918903149081     
  0.674480000000000       0.101919597908504     
  0.674560000000000       0.101920292640950     
  0.674640000000000       0.101920987346514     
  0.674720000000000       0.101921682025275     
  0.674800000000000       0.101922376677097     
  0.674880000000000       0.101923071302015     
  0.674960000000000       0.101923765900190     
  0.675040000000000       0.101924460471358     
  0.675120000000000       0.101925155015564     
  0.675200000000000       0.101925849533014     
  0.675280000000000       0.101926544023289     
  0.675360000000000       0.101927238486834     
  0.675440000000000       0.101927932923288     
  0.675520000000000       0.101928627332810     
  0.675600000000000       0.101929321715446     
  0.675680000000000       0.101930016071237     
  0.675760000000000       0.101930710399854     
  0.675840000000000       0.101931404701626     
  0.675920000000000       0.101932098976289     
  0.676000000000000       0.101932793224052     
  0.676080000000000       0.101933487444866     
  0.676160000000000       0.101934181638675     
  0.676240000000000       0.101934875805305     
  0.676320000000000       0.101935569945011     
  0.676400000000000       0.101936264057768     
  0.676480000000000       0.101936958143396     
  0.676560000000000       0.101937652201944     
  0.676640000000000       0.101938346233600     
  0.676720000000000       0.101939040238099     
  0.676800000000000       0.101939734215576     
  0.676880000000000       0.101940428166003     
  0.676960000000000       0.101941122089418     
  0.677040000000000       0.101941815985561     
  0.677120000000000       0.101942509854767     
  0.677200000000000       0.101943203696821     
  0.677280000000000       0.101943897511719     
  0.677360000000000       0.101944591299515     
  0.677440000000000       0.101945285060423     
  0.677520000000000       0.101945978794135     
  0.677600000000000       0.101946672500514     
  0.677680000000000       0.101947366179978     
  0.677760000000000       0.101948059832089     
  0.677840000000000       0.101948753457163     
  0.677920000000000       0.101949447055168     
  0.678000000000000       0.101950140626009     
  0.678080000000000       0.101950834169463     
  0.678160000000000       0.101951527685955     
  0.678240000000000       0.101952221175070     
  0.678320000000000       0.101952914637174     
  0.678400000000000       0.101953608071976     
  0.678480000000000       0.101954301479669     
  0.678560000000000       0.101954994860049     
  0.678640000000000       0.101955688213257     
  0.678720000000000       0.101956381539216     
  0.678800000000000       0.101957074838023     
  0.678880000000000       0.101957768109500     
  0.678960000000000       0.101958461353821     
  0.679040000000000       0.101959154570789     
  0.679120000000000       0.101959847760479     
  0.679200000000000       0.101960540922999     
  0.679280000000000       0.101961234058233     
  0.679360000000000       0.101961927166149     
  0.679440000000000       0.101962620246871     
  0.679520000000000       0.101963313300135     
  0.679600000000000       0.101964006326179     
  0.679680000000000       0.101964699324960     
  0.679760000000000       0.101965392296385     
  0.679840000000000       0.101966085240361     
  0.679920000000000       0.101966778157269     
  0.680000000000000       0.101967471046653     
  0.680080000000000       0.101968163908866     
  0.680160000000000       0.101968856743570     
  0.680240000000000       0.101969549551002     
  0.680320000000000       0.101970242331015     
  0.680400000000000       0.101970935083596     
  0.680480000000000       0.101971627808907     
  0.680560000000000       0.101972320506853     
  0.680640000000000       0.101973013177315     
  0.680720000000000       0.101973705820400     
  0.680800000000000       0.101974398436137     
  0.680880000000000       0.101975091024374     
  0.680960000000000       0.101975783585434     
  0.681040000000000       0.101976476118751     
  0.681120000000000       0.101977168624752     
  0.681200000000000       0.101977861103363     
  0.681280000000000       0.101978553554402     
  0.681360000000000       0.101979245978240     
  0.681440000000000       0.101979938374334     
  0.681520000000000       0.101980630743153     
  0.681600000000000       0.101981323084372     
  0.681680000000000       0.101982015398186     
  0.681760000000000       0.101982707684442     
  0.681840000000000       0.101983399943333     
  0.681920000000000       0.101984092174674     
  0.682000000000000       0.101984784378428     
  0.682080000000000       0.101985476554744     
  0.682160000000000       0.101986168703483     
  0.682240000000000       0.101986860824802     
  0.682320000000000       0.101987552918519     
  0.682400000000000       0.101988244984672     
  0.682480000000000       0.101988937023279     
  0.682560000000000       0.101989629034306     
  0.682640000000000       0.101990321017898     
  0.682720000000000       0.101991012973732     
  0.682800000000000       0.101991704902044     
  0.682880000000000       0.101992396802865     
  0.682960000000000       0.101993088676105     
  0.683040000000000       0.101993780521522     
  0.683120000000000       0.101994472339636     
  0.683200000000000       0.101995164129932     
  0.683280000000000       0.101995855892740     
  0.683360000000000       0.101996547627759     
  0.683440000000000       0.101997239335338     
  0.683520000000000       0.101997931015176     
  0.683600000000000       0.101998622667325     
  0.683680000000000       0.101999314291945     
  0.683760000000000       0.102000005888876     
  0.683840000000000       0.102000697458106     
  0.683920000000000       0.102001388999612     
  0.684000000000000       0.102002080513418     
  0.684080000000000       0.102002771999647     
  0.684160000000000       0.102003463458164     
  0.684240000000000       0.102004154889086     
  0.684320000000000       0.102004846292076     
  0.684400000000000       0.102005537667463     
  0.684480000000000       0.102006229015009     
  0.684560000000000       0.102006920335015     
  0.684640000000000       0.102007611627190     
  0.684720000000000       0.102008302891698     
  0.684800000000000       0.102008994128356     
  0.684880000000000       0.102009685337336     
  0.684960000000000       0.102010376518540     
  0.685040000000000       0.102011067671907     
  0.685120000000000       0.102011758797625     
  0.685200000000000       0.102012449895514     
  0.685280000000000       0.102013140965615     
  0.685360000000000       0.102013832007791     
  0.685440000000000       0.102014523022344     
  0.685520000000000       0.102015214009026     
  0.685600000000000       0.102015904967812     
  0.685680000000000       0.102016595898828     
  0.685760000000000       0.102017286802098     
  0.685840000000000       0.102017977677440     
  0.685920000000000       0.102018668524913     
  0.686000000000000       0.102019359344588     
  0.686080000000000       0.102020050136406     
  0.686160000000000       0.102020740900340     
  0.686240000000000       0.102021431636498     
  0.686320000000000       0.102022122344561     
  0.686400000000000       0.102022813025014     
  0.686480000000000       0.102023503677263     
  0.686560000000000       0.102024194301818     
  0.686640000000000       0.102024884898501     
  0.686720000000000       0.102025575467149     
  0.686800000000000       0.102026266007960     
  0.686880000000000       0.102026956520889     
  0.686960000000000       0.102027647005763     
  0.687040000000000       0.102028337462795     
  0.687120000000000       0.102029027891848     
  0.687200000000000       0.102029718292847     
  0.687280000000000       0.102030408665963     
  0.687360000000000       0.102031099011252     
  0.687440000000000       0.102031789328457     
  0.687520000000000       0.102032479617577     
  0.687600000000000       0.102033169878793     
  0.687680000000000       0.102033860112046     
  0.687760000000000       0.102034550317169     
  0.687840000000000       0.102035240494419     
  0.687920000000000       0.102035930643660     
  0.688000000000000       0.102036620764788     
  0.688080000000000       0.102037310857977     
  0.688160000000000       0.102038000923094     
  0.688240000000000       0.102038690960202     
  0.688320000000000       0.102039380969318     
  0.688400000000000       0.102040070950132     
  0.688480000000000       0.102040760903115     
  0.688560000000000       0.102041450828033     
  0.688640000000000       0.102042140724818     
  0.688720000000000       0.102042830593475     
  0.688800000000000       0.102043520433978     
  0.688880000000000       0.102044210246564     
  0.688960000000000       0.102044900030979     
  0.689040000000000       0.102045589787317     
  0.689120000000000       0.102046279515407     
  0.689200000000000       0.102046969215428     
  0.689280000000000       0.102047658887467     
  0.689360000000000       0.102048348531173     
  0.689440000000000       0.102049038146811     
  0.689520000000000       0.102049727734433     
  0.689600000000000       0.102050417293667     
  0.689680000000000       0.102051106824870     
  0.689760000000000       0.102051796327859     
  0.689840000000000       0.102052485802638     
  0.689920000000000       0.102053175249361     
  0.690000000000000       0.102053864667807     
  0.690080000000000       0.102054554058024     
  0.690160000000000       0.102055243420120     
  0.690240000000000       0.102055932753928     
  0.690320000000000       0.102056622059531     
  0.690400000000000       0.102057311336951     
  0.690480000000000       0.102058000586044     
  0.690560000000000       0.102058689806917     
  0.690640000000000       0.102059378999639     
  0.690720000000000       0.102060068164192     
  0.690800000000000       0.102060757300359     
  0.690880000000000       0.102061446408238     
  0.690960000000000       0.102062135487730     
  0.691040000000000       0.102062824539113     
  0.691120000000000       0.102063513562220     
  0.691200000000000       0.102064202557109     
  0.691280000000000       0.102064891523557     
  0.691360000000000       0.102065580461633     
  0.691440000000000       0.102066269371417     
  0.691520000000000       0.102066958253075     
  0.691600000000000       0.102067647106243     
  0.691680000000000       0.102068335931188     
  0.691760000000000       0.102069024727688     
  0.691840000000000       0.102069713495968     
  0.691920000000000       0.102070402235681     
  0.692000000000000       0.102071090947216     
  0.692080000000000       0.102071779630338     
  0.692160000000000       0.102072468284979     
  0.692240000000000       0.102073156911432     
  0.692320000000000       0.102073845509348     
  0.692400000000000       0.102074534079108     
  0.692480000000000       0.102075222620092     
  0.692560000000000       0.102075911132909     
  0.692640000000000       0.102076599617270     
  0.692720000000000       0.102077288073183     
  0.692800000000000       0.102077976500796     
  0.692880000000000       0.102078664899808     
  0.692960000000000       0.102079353270432     
  0.693040000000000       0.102080041612581     
  0.693120000000000       0.102080729926433     
  0.693200000000000       0.102081418211673     
  0.693280000000000       0.102082106468381     
  0.693360000000000       0.102082794696743     
  0.693440000000000       0.102083482896529     
  0.693520000000000       0.102084171067884     
  0.693600000000000       0.102084859210731     
  0.693680000000000       0.102085547325176     
  0.693760000000000       0.102086235410948     
  0.693840000000000       0.102086923468308     
  0.693920000000000       0.102087611497204     
  0.694000000000000       0.102088299497583     
  0.694080000000000       0.102088987469215     
  0.694160000000000       0.102089675412468     
  0.694240000000000       0.102090363327099     
  0.694320000000000       0.102091051213192     
  0.694400000000000       0.102091739070713     
  0.694480000000000       0.102092426899724     
  0.694560000000000       0.102093114700118     
  0.694640000000000       0.102093802471877     
  0.694720000000000       0.102094490215131     
  0.694800000000000       0.102095177929795     
  0.694880000000000       0.102095865615730     
  0.694960000000000       0.102096553273224     
  0.695040000000000       0.102097240902057     
  0.695120000000000       0.102097928502195     
  0.695200000000000       0.102098616073774     
  0.695280000000000       0.102099303616689     
  0.695360000000000       0.102099991130990     
  0.695440000000000       0.102100678616504     
  0.695520000000000       0.102101366073485     
  0.695600000000000       0.102102053501817     
  0.695680000000000       0.102102740901421     
  0.695760000000000       0.102103428272371     
  0.695840000000000       0.102104115614712     
  0.695920000000000       0.102104802928263     
  0.696000000000000       0.102105490213140     
  0.696080000000000       0.102106177469308     
  0.696160000000000       0.102106864696879     
  0.696240000000000       0.102107551895556     
  0.696320000000000       0.102108239065709     
  0.696400000000000       0.102108926206927     
  0.696480000000000       0.102109613319439     
  0.696560000000000       0.102110300403294     
  0.696640000000000       0.102110987458362     
  0.696720000000000       0.102111674484734     
  0.696800000000000       0.102112361482282     
  0.696880000000000       0.102113048450955     
  0.696960000000000       0.102113735390938     
  0.697040000000000       0.102114422302276     
  0.697120000000000       0.102115109184596     
  0.697200000000000       0.102115796038341     
  0.697280000000000       0.102116482863195     
  0.697360000000000       0.102117169659229     
  0.697440000000000       0.102117856426357     
  0.697520000000000       0.102118543164751     
  0.697600000000000       0.102119229874282     
  0.697680000000000       0.102119916554997     
  0.697760000000000       0.102120603206862     
  0.697840000000000       0.102121289829907     
  0.697920000000000       0.102121976424000     
  0.698000000000000       0.102122662989300     
  0.698080000000000       0.102123349525756     
  0.698160000000000       0.102124036033347     
  0.698240000000000       0.102124722511993     
  0.698320000000000       0.102125408961820     
  0.698400000000000       0.102126095382730     
  0.698480000000000       0.102126781774655     
  0.698560000000000       0.102127468137575     
  0.698640000000000       0.102128154471792     
  0.698720000000000       0.102128840777049     
  0.698800000000000       0.102129527053258     
  0.698880000000000       0.102130213300653     
  0.698960000000000       0.102130899519074     
  0.699040000000000       0.102131585708512     
  0.699120000000000       0.102132271869052     
  0.699200000000000       0.102132958000624     
  0.699280000000000       0.102133644103083     
  0.699360000000000       0.102134330176796     
  0.699440000000000       0.102135016221301     
  0.699520000000000       0.102135702237005     
  0.699600000000000       0.102136388223576     
  0.699680000000000       0.102137074181221     
  0.699760000000000       0.102137760109744     
  0.699840000000000       0.102138446009349     
  0.699920000000000       0.102139131879961     
  0.700000000000000       0.102139817721504     
  0.700080000000000       0.102140503533972     
  0.700160000000000       0.102141189317323     
  0.700240000000000       0.102141875071780     
  0.700320000000000       0.102142560797132     
  0.700400000000000       0.102143246493383     
  0.700480000000000       0.102143932160609     
  0.700560000000000       0.102144617798779     
  0.700640000000000       0.102145303407703     
  0.700720000000000       0.102145988987693     
  0.700800000000000       0.102146674538589     
  0.700880000000000       0.102147360060288     
  0.700960000000000       0.102148045552975     
  0.701040000000000       0.102148731016601     
  0.701120000000000       0.102149416450809     
  0.701200000000000       0.102150101856194     
  0.701280000000000       0.102150787232297     
  0.701360000000000       0.102151472579291     
  0.701440000000000       0.102152157897235     
  0.701520000000000       0.102152843185784     
  0.701600000000000       0.102153528445401     
  0.701680000000000       0.102154213675767     
  0.701760000000000       0.102154898876867     
  0.701840000000000       0.102155584048882     
  0.701920000000000       0.102156269191691     
  0.702000000000000       0.102156954305311     
  0.702080000000000       0.102157639389714     
  0.702160000000000       0.102158324444864     
  0.702240000000000       0.102159009470817     
  0.702320000000000       0.102159694467534     
  0.702400000000000       0.102160379435062     
  0.702480000000000       0.102161064373403     
  0.702560000000000       0.102161749282438     
  0.702640000000000       0.102162434162185     
  0.702720000000000       0.102163119012647     
  0.702800000000000       0.102163803834047     
  0.702880000000000       0.102164488626028     
  0.702960000000000       0.102165173388744     
  0.703040000000000       0.102165858122260     
  0.703120000000000       0.102166542826287     
  0.703200000000000       0.102167227501249     
  0.703280000000000       0.102167912146689     
  0.703360000000000       0.102168596762977     
  0.703440000000000       0.102169281349985     
  0.703520000000000       0.102169965907529     
  0.703600000000000       0.102170650435842     
  0.703680000000000       0.102171334934723     
  0.703760000000000       0.102172019404296     
  0.703840000000000       0.102172703844514     
  0.703920000000000       0.102173388255555     
  0.704000000000000       0.102174072636984     
  0.704080000000000       0.102174756989128     
  0.704160000000000       0.102175441311985     
  0.704240000000000       0.102176125605312     
  0.704320000000000       0.102176809869368     
  0.704400000000000       0.102177494104042     
  0.704480000000000       0.102178178309259     
  0.704560000000000       0.102178862485034     
  0.704640000000000       0.102179546631441     
  0.704720000000000       0.102180230748474     
  0.704800000000000       0.102180914835993     
  0.704880000000000       0.102181598894141     
  0.704960000000000       0.102182282922760     
  0.705040000000000       0.102182966921965     
  0.705120000000000       0.102183650891753     
  0.705200000000000       0.102184334832094     
  0.705280000000000       0.102185018742816     
  0.705360000000000       0.102185702624268     
  0.705440000000000       0.102186386476109     
  0.705520000000000       0.102187070298501     
  0.705600000000000       0.102187754091373     
  0.705680000000000       0.102188437854845     
  0.705760000000000       0.102189121588780     
  0.705840000000000       0.102189805293115     
  0.705920000000000       0.102190488967926     
  0.706000000000000       0.102191172613273     
  0.706080000000000       0.102191856229089     
  0.706160000000000       0.102192539815344     
  0.706240000000000       0.102193223372073     
  0.706320000000000       0.102193906899193     
  0.706400000000000       0.102194590396800     
  0.706480000000000       0.102195273864779     
  0.706560000000000       0.102195957303215     
  0.706640000000000       0.102196640712157     
  0.706720000000000       0.102197324091486     
  0.706800000000000       0.102198007441170     
  0.706880000000000       0.102198690761237     
  0.706960000000000       0.102199374051742     
  0.707040000000000       0.102200057312600     
  0.707120000000000       0.102200740543975     
  0.707200000000000       0.102201423745528     
  0.707280000000000       0.102202106917633     
  0.707360000000000       0.102202790060037     
  0.707440000000000       0.102203473172675     
  0.707520000000000       0.102204156255699     
  0.707600000000000       0.102204839309138     
  0.707680000000000       0.102205522332854     
  0.707760000000000       0.102206205326964     
  0.707840000000000       0.102206888291331     
  0.707920000000000       0.102207571226065     
  0.708000000000000       0.102208254131077     
  0.708080000000000       0.102208937006363     
  0.708160000000000       0.102209619852035     
  0.708240000000000       0.102210302667874     
  0.708320000000000       0.102210985454140     
  0.708400000000000       0.102211668210521     
  0.708480000000000       0.102212350937255     
  0.708560000000000       0.102213033634285     
  0.708640000000000       0.102213716301595     
  0.708720000000000       0.102214398939070     
  0.708800000000000       0.102215081546843     
  0.708880000000000       0.102215764124766     
  0.708960000000000       0.102216446673021     
  0.709040000000000       0.102217129191326     
  0.709120000000000       0.102217811680055     
  0.709200000000000       0.102218494138938     
  0.709280000000000       0.102219176568004     
  0.709360000000000       0.102219858967245     
  0.709440000000000       0.102220541336795     
  0.709520000000000       0.102221223676416     
  0.709600000000000       0.102221905986194     
  0.709680000000000       0.102222588266152     
  0.709760000000000       0.102223270516325     
  0.709840000000000       0.102223952736568     
  0.709920000000000       0.102224634927058     
  0.710000000000000       0.102225317087684     
  0.710080000000000       0.102225999218473     
  0.710160000000000       0.102226681319303     
  0.710240000000000       0.102227363390383     
  0.710320000000000       0.102228045431359     
  0.710400000000000       0.102228727442669     
  0.710480000000000       0.102229409424075     
  0.710560000000000       0.102230091375515     
  0.710640000000000       0.102230773297126     
  0.710720000000000       0.102231455188592     
  0.710800000000000       0.102232137050356     
  0.710880000000000       0.102232818882079     
  0.710960000000000       0.102233500683973     
  0.711040000000000       0.102234182455894     
  0.711120000000000       0.102234864197747     
  0.711200000000000       0.102235545909771     
  0.711280000000000       0.102236227591890     
  0.711360000000000       0.102236909243956     
  0.711440000000000       0.102237590865971     
  0.711520000000000       0.102238272458220     
  0.711600000000000       0.102238954020241     
  0.711680000000000       0.102239635552356     
  0.711760000000000       0.102240317054561     
  0.711840000000000       0.102240998526757     
  0.711920000000000       0.102241679968900     
  0.712000000000000       0.102242361381027     
  0.712080000000000       0.102243042763071     
  0.712160000000000       0.102243724115132     
  0.712240000000000       0.102244405437138     
  0.712320000000000       0.102245086729033     
  0.712400000000000       0.102245767990944     
  0.712480000000000       0.102246449222956     
  0.712560000000000       0.102247130424756     
  0.712640000000000       0.102247811596501     
  0.712720000000000       0.102248492738173     
  0.712800000000000       0.102249173849745     
  0.712880000000000       0.102249854931364     
  0.712960000000000       0.102250535982589     
  0.713040000000000       0.102251217003912     
  0.713120000000000       0.102251897995120     
  0.713200000000000       0.102252578956223     
  0.713280000000000       0.102253259887173     
  0.713360000000000       0.102253940787928     
  0.713440000000000       0.102254621658644     
  0.713520000000000       0.102255302499189     
  0.713600000000000       0.102255983309621     
  0.713680000000000       0.102256664089880     
  0.713760000000000       0.102257344839819     
  0.713840000000000       0.102258025559852     
  0.713920000000000       0.102258706249541     
  0.714000000000000       0.102259386909082     
  0.714080000000000       0.102260067538578     
  0.714160000000000       0.102260748137684     
  0.714240000000000       0.102261428706633     
  0.714320000000000       0.102262109245430     
  0.714400000000000       0.102262789754056     
  0.714480000000000       0.102263470232317     
  0.714560000000000       0.102264150680518     
  0.714640000000000       0.102264831098272     
  0.714720000000000       0.102265511486009     
  0.714800000000000       0.102266191843458     
  0.714880000000000       0.102266872170542     
  0.714960000000000       0.102267552467397     
  0.715040000000000       0.102268232734039     
  0.715120000000000       0.102268912970345     
  0.715200000000000       0.102269593176477     
  0.715280000000000       0.102270273352297     
  0.715360000000000       0.102270953497785     
  0.715440000000000       0.102271633612981     
  0.715520000000000       0.102272313697873     
  0.715600000000000       0.102272993752560     
  0.715680000000000       0.102273673776749     
  0.715760000000000       0.102274353770732     
  0.715840000000000       0.102275033734318     
  0.715920000000000       0.102275713667665     
  0.716000000000000       0.102276393570602     
  0.716080000000000       0.102277073443237     
  0.716160000000000       0.102277753285384     
  0.716240000000000       0.102278433097246     
  0.716320000000000       0.102279112878858     
  0.716400000000000       0.102279792629959     
  0.716480000000000       0.102280472350826     
  0.716560000000000       0.102281152041162     
  0.716640000000000       0.102281831701166     
  0.716720000000000       0.102282511330680     
  0.716800000000000       0.102283190929832     
  0.716880000000000       0.102283870498667     
  0.716960000000000       0.102284550037005     
  0.717040000000000       0.102285229544834     
  0.717120000000000       0.102285909022430     
  0.717200000000000       0.102286588469372     
  0.717280000000000       0.102287267886070     
  0.717360000000000       0.102287947272185     
  0.717440000000000       0.102288626627913     
  0.717520000000000       0.102289305953083     
  0.717600000000000       0.102289985247917     
  0.717680000000000       0.102290664512261     
  0.717760000000000       0.102291343745957     
  0.717840000000000       0.102292022949356     
  0.717920000000000       0.102292702122143     
  0.718000000000000       0.102293381264412     
  0.718080000000000       0.102294060376225     
  0.718160000000000       0.102294739457508     
  0.718240000000000       0.102295418508286     
  0.718320000000000       0.102296097528463     
  0.718400000000000       0.102296776518239     
  0.718480000000000       0.102297455477341     
  0.718560000000000       0.102298134406054     
  0.718640000000000       0.102298813303988     
  0.718720000000000       0.102299492171493     
  0.718800000000000       0.102300171008474     
  0.718880000000000       0.102300849814894     
  0.718960000000000       0.102301528590578     
  0.719040000000000       0.102302207335741     
  0.719120000000000       0.102302886050360     
  0.719200000000000       0.102303564734258     
  0.719280000000000       0.102304243387837     
  0.719360000000000       0.102304922010489     
  0.719440000000000       0.102305600602673     
  0.719520000000000       0.102306279164260     
  0.719600000000000       0.102306957695171     
  0.719680000000000       0.102307636195311     
  0.719760000000000       0.102308314664946     
  0.719840000000000       0.102308993103988     
  0.719920000000000       0.102309671512262     
  0.720000000000000       0.102310349890027     
  0.720080000000000       0.102311028236976     
  0.720160000000000       0.102311706553134     
  0.720240000000000       0.102312384838866     
  0.720320000000000       0.102313063093817     
  0.720400000000000       0.102313741318032     
  0.720480000000000       0.102314419511579     
  0.720560000000000       0.102315097674254     
  0.720640000000000       0.102315775806556     
  0.720720000000000       0.102316453907981     
  0.720800000000000       0.102317131978536     
  0.720880000000000       0.102317810018500     
  0.720960000000000       0.102318488027636     
  0.721040000000000       0.102319166006144     
  0.721120000000000       0.102319843953855     
  0.721200000000000       0.102320521870672     
  0.721280000000000       0.102321199756934     
  0.721360000000000       0.102321877612286     
  0.721440000000000       0.102322555436901     
  0.721520000000000       0.102323233230649     
  0.721600000000000       0.102323910993748     
  0.721680000000000       0.102324588725992     
  0.721760000000000       0.102325266427594     
  0.721840000000000       0.102325944098055     
  0.721920000000000       0.102326621737953     
  0.722000000000000       0.102327299346942     
  0.722080000000000       0.102327976925056     
  0.722160000000000       0.102328654472390     
  0.722240000000000       0.102329331988886     
  0.722320000000000       0.102330009474488     
  0.722400000000000       0.102330686929238     
  0.722480000000000       0.102331364353194     
  0.722560000000000       0.102332041746258     
  0.722640000000000       0.102332719108331     
  0.722720000000000       0.102333396439709     
  0.722800000000000       0.102334073740091     
  0.722880000000000       0.102334751009602     
  0.722960000000000       0.102335428248266     
  0.723040000000000       0.102336105455846     
  0.723120000000000       0.102336782632731     
  0.723200000000000       0.102337459778573     
  0.723280000000000       0.102338136893646     
  0.723360000000000       0.102338813977543     
  0.723440000000000       0.102339491030568     
  0.723520000000000       0.102340168052842     
  0.723600000000000       0.102340845043896     
  0.723680000000000       0.102341522004211     
  0.723760000000000       0.102342198933388     
  0.723840000000000       0.102342875831793     
  0.723920000000000       0.102343552699051     
  0.724000000000000       0.102344229535434     
  0.724080000000000       0.102344906340826     
  0.724160000000000       0.102345583115075     
  0.724240000000000       0.102346259858376     
  0.724320000000000       0.102346936570884     
  0.724400000000000       0.102347613252145     
  0.724480000000000       0.102348289902454     
  0.724560000000000       0.102348966521743     
  0.724640000000000       0.102349643109903     
  0.724720000000000       0.102350319667172     
  0.724800000000000       0.102350996193376     
  0.724880000000000       0.102351672688417     
  0.724960000000000       0.102352349152597     
  0.725040000000000       0.102353025585462     
  0.725120000000000       0.102353701987504     
  0.725200000000000       0.102354378358349     
  0.725280000000000       0.102355054697994     
  0.725360000000000       0.102355731006724     
  0.725440000000000       0.102356407284365     
  0.725520000000000       0.102357083530795     
  0.725600000000000       0.102357759746120     
  0.725680000000000       0.102358435930370     
  0.725760000000000       0.102359112083582     
  0.725840000000000       0.102359788205518     
  0.725920000000000       0.102360464296440     
  0.726000000000000       0.102361140356075     
  0.726080000000000       0.102361816384704     
  0.726160000000000       0.102362492382155     
  0.726240000000000       0.102363168348262     
  0.726320000000000       0.102363844283478     
  0.726400000000000       0.102364520187467     
  0.726480000000000       0.102365196060112     
  0.726560000000000       0.102365871901690     
  0.726640000000000       0.102366547712000     
  0.726720000000000       0.102367223491200     
  0.726800000000000       0.102367899239207     
  0.726880000000000       0.102368574955950     
  0.726960000000000       0.102369250641500     
  0.727040000000000       0.102369926295802     
  0.727120000000000       0.102370601918873     
  0.727200000000000       0.102371277510781     
  0.727280000000000       0.102371953071331     
  0.727360000000000       0.102372628600651     
  0.727440000000000       0.102373304098807     
  0.727520000000000       0.102373979565624     
  0.727600000000000       0.102374655001251     
  0.727680000000000       0.102375330405548     
  0.727760000000000       0.102376005778573     
  0.727840000000000       0.102376681120357     
  0.727920000000000       0.102377356430675     
  0.728000000000000       0.102378031710039     
  0.728080000000000       0.102378706957713     
  0.728160000000000       0.102379382174298     
  0.728240000000000       0.102380057359480     
  0.728320000000000       0.102380732513346     
  0.728400000000000       0.102381407636004     
  0.728480000000000       0.102382082727275     
  0.728560000000000       0.102382757787135     
  0.728640000000000       0.102383432815604     
  0.728720000000000       0.102384107812802     
  0.728800000000000       0.102384782778625     
  0.728880000000000       0.102385457713019     
  0.728960000000000       0.102386132616117     
  0.729040000000000       0.102386807487826     
  0.729120000000000       0.102387482328048     
  0.729200000000000       0.102388157137008     
  0.729280000000000       0.102388831914580     
  0.729360000000000       0.102389506660666     
  0.729440000000000       0.102390181375354     
  0.729520000000000       0.102390856058565     
  0.729600000000000       0.102391530710448     
  0.729680000000000       0.102392205330903     
  0.729760000000000       0.102392879919907     
  0.729840000000000       0.102393554477477     
  0.729920000000000       0.102394229003482     
  0.730000000000000       0.102394903498172     
  0.730080000000000       0.102395577961335     
  0.730160000000000       0.102396252393080     
  0.730240000000000       0.102396926793259     
  0.730320000000000       0.102397601162086     
  0.730400000000000       0.102398275499260     
  0.730480000000000       0.102398949805139     
  0.730560000000000       0.102399624079386     
  0.730640000000000       0.102400298322082     
  0.730720000000000       0.102400972533364     
  0.730800000000000       0.102401646713230     
  0.730880000000000       0.102402320861250     
  0.730960000000000       0.102402994977969     
  0.731040000000000       0.102403669063162     
  0.731120000000000       0.102404343116737     
  0.731200000000000       0.102405017138828     
  0.731280000000000       0.102405691129257     
  0.731360000000000       0.102406365088191     
  0.731440000000000       0.102407039015621     
  0.731520000000000       0.102407712911310     
  0.731600000000000       0.102408386775498     
  0.731680000000000       0.102409060608176     
  0.731760000000000       0.102409734409285     
  0.731840000000000       0.102410408178623     
  0.731920000000000       0.102411081916451     
  0.732000000000000       0.102411755622599     
  0.732080000000000       0.102412429297190     
  0.732160000000000       0.102413102940240     
  0.732240000000000       0.102413776551540     
  0.732320000000000       0.102414450131136     
  0.732400000000000       0.102415123679205     
  0.732480000000000       0.102415797195673     
  0.732560000000000       0.102416470680387     
  0.732640000000000       0.102417144133486     
  0.732720000000000       0.102417817554763     
  0.732800000000000       0.102418490944683     
  0.732880000000000       0.102419164302741     
  0.732960000000000       0.102419837629075     
  0.733040000000000       0.102420510923747     
  0.733120000000000       0.102421184186752     
  0.733200000000000       0.102421857418038     
  0.733280000000000       0.102422530617503     
  0.733360000000000       0.102423203785406     
  0.733440000000000       0.102423876921471     
  0.733520000000000       0.102424550025920     
  0.733600000000000       0.102425223098622     
  0.733680000000000       0.102425896139473     
  0.733760000000000       0.102426569148620     
  0.733840000000000       0.102427242126028     
  0.733920000000000       0.102427915071620     
  0.734000000000000       0.102428587985576     
  0.734080000000000       0.102429260867549     
  0.734160000000000       0.102429933717846     
  0.734240000000000       0.102430606536419     
  0.734320000000000       0.102431279323164     
  0.734400000000000       0.102431952078100     
  0.734480000000000       0.102432624801255     
  0.734560000000000       0.102433297492536     
  0.734640000000000       0.102433970152089     
  0.734720000000000       0.102434642779669     
  0.734800000000000       0.102435315375731     
  0.734880000000000       0.102435987939556     
  0.734960000000000       0.102436660471794     
  0.735040000000000       0.102437332972093     
  0.735120000000000       0.102438005440565     
  0.735200000000000       0.102438677877196     
  0.735280000000000       0.102439350281849     
  0.735360000000000       0.102440022654721     
  0.735440000000000       0.102440694995647     
  0.735520000000000       0.102441367304821     
  0.735600000000000       0.102442039581961     
  0.735680000000000       0.102442711827257     
  0.735760000000000       0.102443384040542     
  0.735840000000000       0.102444056222050     
  0.735920000000000       0.102444728371653     
  0.736000000000000       0.102445400489429     
  0.736080000000000       0.102446072575055     
  0.736160000000000       0.102446744628789     
  0.736240000000000       0.102447416650790     
  0.736320000000000       0.102448088640545     
  0.736400000000000       0.102448760598473     
  0.736480000000000       0.102449432524371     
  0.736560000000000       0.102450104418441     
  0.736640000000000       0.102450776280563     
  0.736720000000000       0.102451448110487     
  0.736800000000000       0.102452119908582     
  0.736880000000000       0.102452791674642     
  0.736960000000000       0.102453463408697     
  0.737040000000000       0.102454135110830     
  0.737120000000000       0.102454806780882     
  0.737200000000000       0.102455478418916     
  0.737280000000000       0.102456150024932     
  0.737360000000000       0.102456821598894     
  0.737440000000000       0.102457493140857     
  0.737520000000000       0.102458164650740     
  0.737600000000000       0.102458836128742     
  0.737680000000000       0.102459507574471     
  0.737760000000000       0.102460178988208     
  0.737840000000000       0.102460850369974     
  0.737920000000000       0.102461521719598     
  0.738000000000000       0.102462193037082     
  0.738080000000000       0.102462864322471     
  0.738160000000000       0.102463535575878     
  0.738240000000000       0.102464206797246     
  0.738320000000000       0.102464877986313     
  0.738400000000000       0.102465549143417     
  0.738480000000000       0.102466220268357     
  0.738560000000000       0.102466891361229     
  0.738640000000000       0.102467562421838     
  0.738720000000000       0.102468233450560     
  0.738800000000000       0.102468904446870     
  0.738880000000000       0.102469575411136     
  0.738960000000000       0.102470246343191     
  0.739040000000000       0.102470917243101     
  0.739120000000000       0.102471588110955     
  0.739200000000000       0.102472258946660     
  0.739280000000000       0.102472929750159     
  0.739360000000000       0.102473600521421     
  0.739440000000000       0.102474271260545     
  0.739520000000000       0.102474941967255     
  0.739600000000000       0.102475612642023     
  0.739680000000000       0.102476283284479     
  0.739760000000000       0.102476953894866     
  0.739840000000000       0.102477624472821     
  0.739920000000000       0.102478295018748     
