  0.660000000000000       7.105382767195242E-002
  0.660080000000000       7.105402445107165E-002
  0.660160000000000       7.105422167742778E-002
  0.660240000000000       7.105441935177401E-002
  0.660320000000000       7.105461747387584E-002
  0.660400000000000       7.105481604280248E-002
  0.660480000000000       7.105501505956999E-002
  0.660560000000000       7.105521452433469E-002
  0.660640000000000       7.105541443571103E-002
  0.660720000000000       7.105561479505615E-002
  0.660800000000000       7.105581560241978E-002
  0.660880000000000       7.105601685704163E-002
  0.660960000000000       7.105621855907804E-002
  0.661040000000000       7.105642070845083E-002
  0.661120000000000       7.105662330570003E-002
  0.661200000000000       7.105682635052721E-002
  0.661280000000000       7.105702984279735E-002
  0.661360000000000       7.105723378264547E-002
  0.661440000000000       7.105743816997920E-002
  0.661520000000000       7.105764300438641E-002
  0.661600000000000       7.105784828756531E-002
  0.661680000000000       7.105805401739138E-002
  0.661760000000000       7.105826019500858E-002
  0.661840000000000       7.105846682016112E-002
  0.661920000000000       7.105867389266426E-002
  0.662000000000000       7.105888141308644E-002
  0.662080000000000       7.105908938058211E-002
  0.662160000000000       7.105929779587603E-002
  0.662240000000000       7.105950665894686E-002
  0.662320000000000       7.105971596929014E-002
  0.662400000000000       7.105992572719719E-002
  0.662480000000000       7.106013593244062E-002
  0.662560000000000       7.106034658553204E-002
  0.662640000000000       7.106055768624406E-002
  0.662720000000000       7.106076923439195E-002
  0.662800000000000       7.106098123024571E-002
  0.662880000000000       7.106119367337191E-002
  0.662960000000000       7.106140656410451E-002
  0.663040000000000       7.106161990227297E-002
  0.663120000000000       7.106183368821836E-002
  0.663200000000000       7.106204792164225E-002
  0.663280000000000       7.106226260278622E-002
  0.663360000000000       7.106247773111027E-002
  0.663440000000000       7.106269330717571E-002
  0.663520000000000       7.106290933088308E-002
  0.663600000000000       7.106312580210447E-002
  0.663680000000000       7.106334272108147E-002
  0.663760000000000       7.106356008743039E-002
  0.663840000000000       7.106377790120808E-002
  0.663920000000000       7.106399616237899E-002
  0.664000000000000       7.106421487147604E-002
  0.664080000000000       7.106443402786686E-002
  0.664160000000000       7.106465363174327E-002
  0.664240000000000       7.106487368362399E-002
  0.664320000000000       7.106509418272031E-002
  0.664400000000000       7.106531512912459E-002
  0.664480000000000       7.106553652319211E-002
  0.664560000000000       7.106575836540605E-002
  0.664640000000000       7.106598065455846E-002
  0.664720000000000       7.106620339129596E-002
  0.664800000000000       7.106642657566828E-002
  0.664880000000000       7.106665020792410E-002
  0.664960000000000       7.106687428721789E-002
  0.665040000000000       7.106709881402570E-002
  0.665120000000000       7.106732378905098E-002
  0.665200000000000       7.106754921126343E-002
  0.665280000000000       7.106777508083359E-002
  0.665360000000000       7.106800139822331E-002
  0.665440000000000       7.106822816257993E-002
  0.665520000000000       7.106845537540982E-002
  0.665600000000000       7.106868303520661E-002
  0.665680000000000       7.106891114259559E-002
  0.665760000000000       7.106913969764780E-002
  0.665840000000000       7.106936870013589E-002
  0.665920000000000       7.106959815016642E-002
  0.666000000000000       7.106982804815151E-002
  0.666080000000000       7.107005839295430E-002
  0.666160000000000       7.107028918582534E-002
  0.666240000000000       7.107052042626724E-002
  0.666320000000000       7.107075211418765E-002
  0.666400000000000       7.107098424947997E-002
  0.666480000000000       7.107121683253501E-002
  0.666560000000000       7.107144986291222E-002
  0.666640000000000       7.107168334098821E-002
  0.666720000000000       7.107191726632953E-002
  0.666800000000000       7.107215163916356E-002
  0.666880000000000       7.107238645993794E-002
  0.666960000000000       7.107262172840398E-002
  0.667040000000000       7.107285744437694E-002
  0.667120000000000       7.107309360721734E-002
  0.667200000000000       7.107333021809045E-002
  0.667280000000000       7.107356727664102E-002
  0.667360000000000       7.107380478177480E-002
  0.667440000000000       7.107404273571580E-002
  0.667520000000000       7.107428113626132E-002
  0.667600000000000       7.107451998547196E-002
  0.667680000000000       7.107475928103132E-002
  0.667760000000000       7.107499902505685E-002
  0.667840000000000       7.107523921597111E-002
  0.667920000000000       7.107547985441362E-002
  0.668000000000000       7.107572094088885E-002
  0.668080000000000       7.107596247509126E-002
  0.668160000000000       7.107620445565663E-002
  0.668240000000000       7.107644688503631E-002
  0.668320000000000       7.107668976100631E-002
  0.668400000000000       7.107693308537852E-002
  0.668480000000000       7.107717685651868E-002
  0.668560000000000       7.107742107565604E-002
  0.668640000000000       7.107766574238558E-002
  0.668720000000000       7.107791085641599E-002
  0.668800000000000       7.107815641747725E-002
  0.668880000000000       7.107840242637939E-002
  0.668960000000000       7.107864888362689E-002
  0.669040000000000       7.107889578761392E-002
  0.669120000000000       7.107914313973315E-002
  0.669200000000000       7.107939093879798E-002
  0.669280000000000       7.107963918522761E-002
  0.669360000000000       7.107988787970418E-002
  0.669440000000000       7.108013702136082E-002
  0.669520000000000       7.108038661099333E-002
  0.669600000000000       7.108063664788408E-002
  0.669680000000000       7.108088713223201E-002
  0.669760000000000       7.108113806456293E-002
  0.669840000000000       7.108138944390338E-002
  0.669920000000000       7.108164127089997E-002
  0.670000000000000       7.108189354535374E-002
  0.670080000000000       7.108214626759865E-002
  0.670160000000000       7.108239943730074E-002
  0.670240000000000       7.108265305428238E-002
  0.670320000000000       7.108290711881357E-002
  0.670400000000000       7.108316163107906E-002
  0.670480000000000       7.108341659070935E-002
  0.670560000000000       7.108367199810237E-002
  0.670640000000000       7.108392785300940E-002
  0.670720000000000       7.108418415493309E-002
  0.670800000000000       7.108444090481844E-002
  0.670880000000000       7.108469810221782E-002
  0.670960000000000       7.108495574686832E-002
  0.671040000000000       7.108521383943076E-002
  0.671120000000000       7.108547237907378E-002
  0.671200000000000       7.108573136647953E-002
  0.671280000000000       7.108599080157693E-002
  0.671360000000000       7.108625068349914E-002
  0.671440000000000       7.108651101365301E-002
  0.671520000000000       7.108677179128539E-002
  0.671600000000000       7.108703301597705E-002
  0.671680000000000       7.108729468844563E-002
  0.671760000000000       7.108755680871956E-002
  0.671840000000000       7.108781937626593E-002
  0.671920000000000       7.108808239111317E-002
  0.672000000000000       7.108834585340337E-002
  0.672080000000000       7.108860976352024E-002
  0.672160000000000       7.108887412135720E-002
  0.672240000000000       7.108913892633870E-002
  0.672320000000000       7.108940417874185E-002
  0.672400000000000       7.108966987880114E-002
  0.672480000000000       7.108993602607602E-002
  0.672560000000000       7.109020262144047E-002
  0.672640000000000       7.109046966370078E-002
  0.672720000000000       7.109073715403644E-002
  0.672800000000000       7.109100509133190E-002
  0.672880000000000       7.109127347654640E-002
  0.672960000000000       7.109154230920386E-002
  0.673040000000000       7.109181158928299E-002
  0.673120000000000       7.109208131675535E-002
  0.673200000000000       7.109235149214674E-002
  0.673280000000000       7.109262211477504E-002
  0.673360000000000       7.109289318453368E-002
  0.673440000000000       7.109316470228241E-002
  0.673520000000000       7.109343666723963E-002
  0.673600000000000       7.109370908005194E-002
  0.673680000000000       7.109398193963931E-002
  0.673760000000000       7.109425524737309E-002
  0.673840000000000       7.109452900213062E-002
  0.673920000000000       7.109480320482850E-002
  0.674000000000000       7.109507785487698E-002
  0.674080000000000       7.109535295266686E-002
  0.674160000000000       7.109562849753734E-002
  0.674240000000000       7.109590449015632E-002
  0.674320000000000       7.109618093016853E-002
  0.674400000000000       7.109645781735371E-002
  0.674480000000000       7.109673515232293E-002
  0.674560000000000       7.109701293436563E-002
  0.674640000000000       7.109729116484606E-002
  0.674720000000000       7.109756984190260E-002
  0.674800000000000       7.109784896705582E-002
  0.674880000000000       7.109812853883488E-002
  0.674960000000000       7.109840855916535E-002
  0.675040000000000       7.109868902631353E-002
  0.675120000000000       7.109896994130968E-002
  0.675200000000000       7.109925130344327E-002
  0.675280000000000       7.109953311328274E-002
  0.675360000000000       7.109981537042306E-002
  0.675440000000000       7.110009807499215E-002
  0.675520000000000       7.110038122716053E-002
  0.675600000000000       7.110066482692820E-002
  0.675680000000000       7.110094887342830E-002
  0.675760000000000       7.110123336818139E-002
  0.675840000000000       7.110151831044140E-002
  0.675920000000000       7.110180369968963E-002
  0.676000000000000       7.110208953639505E-002
  0.676080000000000       7.110237582119003E-002
  0.676160000000000       7.110266255290928E-002
  0.676240000000000       7.110294973212836E-002
  0.676320000000000       7.110323735906041E-002
  0.676400000000000       7.110352543295226E-002
  0.676480000000000       7.110381395486973E-002
  0.676560000000000       7.110410292396727E-002
  0.676640000000000       7.110439234059304E-002
  0.676720000000000       7.110468220451968E-002
  0.676800000000000       7.110497251603140E-002
  0.676880000000000       7.110526327523478E-002
  0.676960000000000       7.110555448133402E-002
  0.677040000000000       7.110584613560098E-002
  0.677120000000000       7.110613823696274E-002
  0.677200000000000       7.110643078533405E-002
  0.677280000000000       7.110672378126912E-002
  0.677360000000000       7.110701722545007E-002
  0.677440000000000       7.110731111651977E-002
  0.677520000000000       7.110760545505376E-002
  0.677600000000000       7.110790024077493E-002
  0.677680000000000       7.110819547455013E-002
  0.677760000000000       7.110849115498671E-002
  0.677840000000000       7.110878728392497E-002
  0.677920000000000       7.110908385921197E-002
  0.678000000000000       7.110938088234695E-002
  0.678080000000000       7.110967835283252E-002
  0.678160000000000       7.110997627069002E-002
  0.678240000000000       7.111027463632444E-002
  0.678320000000000       7.111057344940894E-002
  0.678400000000000       7.111087270983693E-002
  0.678480000000000       7.111117241681261E-002
  0.678560000000000       7.111147257240366E-002
  0.678640000000000       7.111177317468451E-002
  0.678720000000000       7.111207422483465E-002
  0.678800000000000       7.111237572222170E-002
  0.678880000000000       7.111267766721516E-002
  0.678960000000000       7.111298005947395E-002
  0.679040000000000       7.111328289889859E-002
  0.679120000000000       7.111358618632044E-002
  0.679200000000000       7.111388992100762E-002
  0.679280000000000       7.111419410240591E-002
  0.679360000000000       7.111449873165218E-002
  0.679440000000000       7.111480380845511E-002
  0.679520000000000       7.111510933299944E-002
  0.679600000000000       7.111541530431884E-002
  0.679680000000000       7.111572172363542E-002
  0.679760000000000       7.111602858986918E-002
  0.679840000000000       7.111633590373065E-002
  0.679920000000000       7.111664366426060E-002
  0.680000000000000       7.111695187299380E-002
  0.680080000000000       7.111726052924103E-002
  0.680160000000000       7.111756963263990E-002
  0.680240000000000       7.111787918337517E-002
  0.680320000000000       7.111818918136156E-002
  0.680400000000000       7.111849962693303E-002
  0.680480000000000       7.111881051981958E-002
  0.680560000000000       7.111912186009936E-002
  0.680640000000000       7.111943364795001E-002
  0.680720000000000       7.111974588303757E-002
  0.680800000000000       7.112005856543310E-002
  0.680880000000000       7.112037169544924E-002
  0.680960000000000       7.112068527288704E-002
  0.681040000000000       7.112099929736990E-002
  0.681120000000000       7.112131376916073E-002
  0.681200000000000       7.112162868846558E-002
  0.681280000000000       7.112194405531999E-002
  0.681360000000000       7.112225986960316E-002
  0.681440000000000       7.112257613087455E-002
  0.681520000000000       7.112289283982340E-002
  0.681600000000000       7.112320999598784E-002
  0.681680000000000       7.112352759963789E-002
  0.681760000000000       7.112384565032590E-002
  0.681840000000000       7.112416414878373E-002
  0.681920000000000       7.112448309440031E-002
  0.682000000000000       7.112480248752381E-002
  0.682080000000000       7.112512232804766E-002
  0.682160000000000       7.112544261561657E-002
  0.682240000000000       7.112576335082740E-002
  0.682320000000000       7.112608453309041E-002
  0.682400000000000       7.112640616345009E-002
  0.682480000000000       7.112672824020114E-002
  0.682560000000000       7.112705076516965E-002
  0.682640000000000       7.112737373650110E-002
  0.682720000000000       7.112769715590792E-002
  0.682800000000000       7.112802102232427E-002
  0.682880000000000       7.112834533611964E-002
  0.682960000000000       7.112867009710219E-002
  0.683040000000000       7.112899530629510E-002
  0.683120000000000       7.112932096226307E-002
  0.683200000000000       7.112964706545374E-002
  0.683280000000000       7.112997361565396E-002
  0.683360000000000       7.113030061343925E-002
  0.683440000000000       7.113062805888778E-002
  0.683520000000000       7.113095595159455E-002
  0.683600000000000       7.113128429136059E-002
  0.683680000000000       7.113161307874014E-002
  0.683760000000000       7.113194231329975E-002
  0.683840000000000       7.113227199537339E-002
  0.683920000000000       7.113260212449921E-002
  0.684000000000000       7.113293270100404E-002
  0.684080000000000       7.113326372444737E-002
  0.684160000000000       7.113359519597315E-002
  0.684240000000000       7.113392711409636E-002
  0.684320000000000       7.113425947986149E-002
  0.684400000000000       7.113459229289196E-002
  0.684480000000000       7.113492555349329E-002
  0.684560000000000       7.113525926109707E-002
  0.684640000000000       7.113559341607276E-002
  0.684720000000000       7.113592801845589E-002
  0.684800000000000       7.113626306818963E-002
  0.684880000000000       7.113659856449236E-002
  0.684960000000000       7.113693450906231E-002
  0.685040000000000       7.113727090032204E-002
  0.685120000000000       7.113760773908159E-002
  0.685200000000000       7.113794502500700E-002
  0.685280000000000       7.113828275836118E-002
  0.685360000000000       7.113862093883858E-002
  0.685440000000000       7.113895956633262E-002
  0.685520000000000       7.113929864212229E-002
  0.685600000000000       7.113963816472255E-002
  0.685680000000000       7.113997813407655E-002
  0.685760000000000       7.114031855112221E-002
  0.685840000000000       7.114065941551848E-002
  0.685920000000000       7.114100072698112E-002
  0.686000000000000       7.114134248587253E-002
  0.686080000000000       7.114168469215007E-002
  0.686160000000000       7.114202734534478E-002
  0.686240000000000       7.114237044609614E-002
  0.686320000000000       7.114271399392810E-002
  0.686400000000000       7.114305798879092E-002
  0.686480000000000       7.114340243130277E-002
  0.686560000000000       7.114374732077441E-002
  0.686640000000000       7.114409265731955E-002
  0.686720000000000       7.114443844215321E-002
  0.686800000000000       7.114478467327875E-002
  0.686880000000000       7.114513135213149E-002
  0.686960000000000       7.114547847796535E-002
  0.687040000000000       7.114582605080874E-002
  0.687120000000000       7.114617407133669E-002
  0.687200000000000       7.114652253901629E-002
  0.687280000000000       7.114687145359885E-002
  0.687360000000000       7.114722081604360E-002
  0.687440000000000       7.114757062494367E-002
  0.687520000000000       7.114792088184094E-002
  0.687600000000000       7.114827158553458E-002
  0.687680000000000       7.114862273622355E-002
  0.687760000000000       7.114897433446918E-002
  0.687840000000000       7.114932638018620E-002
  0.687920000000000       7.114967887266407E-002
  0.688000000000000       7.115003181242149E-002
  0.688080000000000       7.115038519919556E-002
  0.688160000000000       7.115073903335575E-002
  0.688240000000000       7.115109331517919E-002
  0.688320000000000       7.115144804395532E-002
  0.688400000000000       7.115180321971967E-002
  0.688480000000000       7.115215884286305E-002
  0.688560000000000       7.115251491344940E-002
  0.688640000000000       7.115287143096002E-002
  0.688720000000000       7.115322839574309E-002
  0.688800000000000       7.115358580756412E-002
  0.688880000000000       7.115394366688496E-002
  0.688960000000000       7.115430197301639E-002
  0.689040000000000       7.115466072635632E-002
  0.689120000000000       7.115501992682657E-002
  0.689200000000000       7.115537957481086E-002
  0.689280000000000       7.115573966984021E-002
  0.689360000000000       7.115610021180094E-002
  0.689440000000000       7.115646120121175E-002
  0.689520000000000       7.115682263802289E-002
  0.689600000000000       7.115718452165173E-002
  0.689680000000000       7.115754685227590E-002
  0.689760000000000       7.115790963059174E-002
  0.689840000000000       7.115827285559737E-002
  0.689920000000000       7.115863652801044E-002
  0.690000000000000       7.115900064789490E-002
  0.690080000000000       7.115936521470365E-002
  0.690160000000000       7.115973022819508E-002
  0.690240000000000       7.116009568959134E-002
  0.690320000000000       7.116046159737896E-002
  0.690400000000000       7.116082795305720E-002
  0.690480000000000       7.116119475499180E-002
  0.690560000000000       7.116156200503018E-002
  0.690640000000000       7.116192970138177E-002
  0.690720000000000       7.116229784527581E-002
  0.690800000000000       7.116266643616517E-002
  0.690880000000000       7.116303547452593E-002
  0.690960000000000       7.116340495993886E-002
  0.691040000000000       7.116377489189948E-002
  0.691120000000000       7.116414527140966E-002
  0.691200000000000       7.116451609827754E-002
  0.691280000000000       7.116488737225443E-002
  0.691360000000000       7.116525909339719E-002
  0.691440000000000       7.116563126109474E-002
  0.691520000000000       7.116600387621394E-002
  0.691600000000000       7.116637693799452E-002
  0.691680000000000       7.116675044749518E-002
  0.691760000000000       7.116712440394854E-002
  0.691840000000000       7.116749880740433E-002
  0.691920000000000       7.116787365808283E-002
  0.692000000000000       7.116824895591298E-002
  0.692080000000000       7.116862470065319E-002
  0.692160000000000       7.116900089292164E-002
  0.692240000000000       7.116937753176619E-002
  0.692320000000000       7.116975461772687E-002
  0.692400000000000       7.117013215097420E-002
  0.692480000000000       7.117051013131634E-002
  0.692560000000000       7.117088855852591E-002
  0.692640000000000       7.117126743292976E-002
  0.692720000000000       7.117164675447105E-002
  0.692800000000000       7.117202652351926E-002
  0.692880000000000       7.117240673885936E-002
  0.692960000000000       7.117278740157137E-002
  0.693040000000000       7.117316851128583E-002
  0.693120000000000       7.117355006771850E-002
  0.693200000000000       7.117393207200626E-002
  0.693280000000000       7.117431452294828E-002
  0.693360000000000       7.117469742100643E-002
  0.693440000000000       7.117508076637966E-002
  0.693520000000000       7.117546455812293E-002
  0.693600000000000       7.117584879722391E-002
  0.693680000000000       7.117623348371813E-002
  0.693760000000000       7.117661861676713E-002
  0.693840000000000       7.117700419669068E-002
  0.693920000000000       7.117739022409983E-002
  0.694000000000000       7.117777669844746E-002
  0.694080000000000       7.117816361947779E-002
  0.694160000000000       7.117855098820688E-002
  0.694240000000000       7.117893880370393E-002
  0.694320000000000       7.117932706614657E-002
  0.694400000000000       7.117971577559876E-002
  0.694480000000000       7.118010493196100E-002
  0.694560000000000       7.118049453543937E-002
  0.694640000000000       7.118088458609781E-002
  0.694720000000000       7.118127508376579E-002
  0.694800000000000       7.118166602757645E-002
  0.694880000000000       7.118205741950509E-002
  0.694960000000000       7.118244925799563E-002
  0.695040000000000       7.118284154367335E-002
  0.695120000000000       7.118323427604797E-002
  0.695200000000000       7.118362745556003E-002
  0.695280000000000       7.118402108207453E-002
  0.695360000000000       7.118441515537119E-002
  0.695440000000000       7.118480967588345E-002
  0.695520000000000       7.118520464312103E-002
  0.695600000000000       7.118560005787264E-002
  0.695680000000000       7.118599591956273E-002
  0.695760000000000       7.118639222754472E-002
  0.695840000000000       7.118678898285599E-002
  0.695920000000000       7.118718618534023E-002
  0.696000000000000       7.118758383423004E-002
  0.696080000000000       7.118798193048467E-002
  0.696160000000000       7.118838047354278E-002
  0.696240000000000       7.118877946356070E-002
  0.696320000000000       7.118917890085816E-002
  0.696400000000000       7.118957878450435E-002
  0.696480000000000       7.118997911590616E-002
  0.696560000000000       7.119037989368512E-002
  0.696640000000000       7.119078111831731E-002
  0.696720000000000       7.119118279028588E-002
  0.696800000000000       7.119158490897268E-002
  0.696880000000000       7.119198747456953E-002
  0.696960000000000       7.119239048730383E-002
  0.697040000000000       7.119279394674213E-002
  0.697120000000000       7.119319785292708E-002
  0.697200000000000       7.119360220659052E-002
  0.697280000000000       7.119400700621900E-002
  0.697360000000000       7.119441225355336E-002
  0.697440000000000       7.119481794770541E-002
  0.697520000000000       7.119522408820619E-002
  0.697600000000000       7.119563067627074E-002
  0.697680000000000       7.119603771130931E-002
  0.697760000000000       7.119644519244081E-002
  0.697840000000000       7.119685312113608E-002
  0.697920000000000       7.119726149696878E-002
  0.698000000000000       7.119767031900812E-002
  0.698080000000000       7.119807958800015E-002
  0.698160000000000       7.119848930431436E-002
  0.698240000000000       7.119889946692756E-002
  0.698320000000000       7.119931007694111E-002
  0.698400000000000       7.119972113380077E-002
  0.698480000000000       7.120013263704469E-002
  0.698560000000000       7.120054458769606E-002
  0.698640000000000       7.120095698504433E-002
  0.698720000000000       7.120136982924583E-002
  0.698800000000000       7.120178311973210E-002
  0.698880000000000       7.120219685773951E-002
  0.698960000000000       7.120261104288436E-002
  0.699040000000000       7.120302567419320E-002
  0.699120000000000       7.120344075276028E-002
  0.699200000000000       7.120385627747713E-002
  0.699280000000000       7.120427225014855E-002
  0.699360000000000       7.120468866902660E-002
  0.699440000000000       7.120510553414680E-002
  0.699520000000000       7.120552284700130E-002
  0.699600000000000       7.120594060625426E-002
  0.699680000000000       7.120635881311363E-002
  0.699760000000000       7.120677746548329E-002
  0.699840000000000       7.120719656543092E-002
  0.699920000000000       7.120761611191914E-002
  0.700000000000000       7.120803610570822E-002
  0.700080000000000       7.120845654595262E-002
  0.700160000000000       7.120887743273049E-002
  0.700240000000000       7.120929876678081E-002
  0.700320000000000       7.120972054710881E-002
  0.700400000000000       7.121014277495083E-002
  0.700480000000000       7.121056544907053E-002
  0.700560000000000       7.121098856999372E-002
  0.700640000000000       7.121141213781276E-002
  0.700720000000000       7.121183615232160E-002
  0.700800000000000       7.121226061386840E-002
  0.700880000000000       7.121268552162183E-002
  0.700960000000000       7.121311087653401E-002
  0.701040000000000       7.121353667776650E-002
  0.701120000000000       7.121396292672619E-002
  0.701200000000000       7.121438962189250E-002
  0.701280000000000       7.121481676369176E-002
  0.701360000000000       7.121524435260715E-002
  0.701440000000000       7.121567238777179E-002
  0.701520000000000       7.121610086996730E-002
  0.701600000000000       7.121652979888812E-002
  0.701680000000000       7.121695917408663E-002
  0.701760000000000       7.121738899677074E-002
  0.701840000000000       7.121781926626544E-002
  0.701920000000000       7.121824998155465E-002
  0.702000000000000       7.121868114437210E-002
  0.702080000000000       7.121911275362355E-002
  0.702160000000000       7.121954480908163E-002
  0.702240000000000       7.121997731252980E-002
  0.702320000000000       7.122041026185064E-002
  0.702400000000000       7.122084365759837E-002
  0.702480000000000       7.122127750038407E-002
  0.702560000000000       7.122171179011536E-002
  0.702640000000000       7.122214652607459E-002
  0.702720000000000       7.122258170945547E-002
  0.702800000000000       7.122301733813349E-002
  0.702880000000000       7.122345341497213E-002
  0.702960000000000       7.122388993803161E-002
  0.703040000000000       7.122432690756061E-002
  0.703120000000000       7.122476432387889E-002
  0.703200000000000       7.122520218692960E-002
  0.703280000000000       7.122564049635036E-002
  0.703360000000000       7.122607925289434E-002
  0.703440000000000       7.122651845554548E-002
  0.703520000000000       7.122695810566090E-002
  0.703600000000000       7.122739820125820E-002
  0.703680000000000       7.122783874437663E-002
  0.703760000000000       7.122827973389353E-002
  0.703840000000000       7.122872117037024E-002
  0.703920000000000       7.122916305321700E-002
  0.704000000000000       7.122960538261144E-002
  0.704080000000000       7.123004815870279E-002
  0.704160000000000       7.123049138148393E-002
  0.704240000000000       7.123093505057829E-002
  0.704320000000000       7.123137916697350E-002
  0.704400000000000       7.123182372978851E-002
  0.704480000000000       7.123226873843355E-002
  0.704560000000000       7.123271419475605E-002
  0.704640000000000       7.123316009712885E-002
  0.704720000000000       7.123360644558749E-002
  0.704800000000000       7.123405324178042E-002
  0.704880000000000       7.123450048398813E-002
  0.704960000000000       7.123494817265116E-002
  0.705040000000000       7.123539630803952E-002
  0.705120000000000       7.123584488986187E-002
  0.705200000000000       7.123629391865824E-002
  0.705280000000000       7.123674339354044E-002
  0.705360000000000       7.123719331543929E-002
  0.705440000000000       7.123764368353766E-002
  0.705520000000000       7.123809449863847E-002
  0.705600000000000       7.123854575992458E-002
  0.705680000000000       7.123899746765180E-002
  0.705760000000000       7.123944962236725E-002
  0.705840000000000       7.123990222345986E-002
  0.705920000000000       7.124035527131331E-002
  0.706000000000000       7.124080876540181E-002
  0.706080000000000       7.124126270616590E-002
  0.706160000000000       7.124171709310820E-002
  0.706240000000000       7.124217192698898E-002
  0.706320000000000       7.124262720735350E-002
  0.706400000000000       7.124308293405254E-002
  0.706480000000000       7.124353910719269E-002
  0.706560000000000       7.124399572713633E-002
  0.706640000000000       7.124445279357081E-002
  0.706720000000000       7.124491030652455E-002
  0.706800000000000       7.124536826575598E-002
  0.706880000000000       7.124582667125087E-002
  0.706960000000000       7.124628552410348E-002
  0.707040000000000       7.124674482245216E-002
  0.707120000000000       7.124720456813724E-002
  0.707200000000000       7.124766475995079E-002
  0.707280000000000       7.124812539824807E-002
  0.707360000000000       7.124858648306462E-002
  0.707440000000000       7.124904801427254E-002
  0.707520000000000       7.124950999150234E-002
  0.707600000000000       7.124997241578432E-002
  0.707680000000000       7.125043528645056E-002
  0.707760000000000       7.125089860408371E-002
  0.707840000000000       7.125136236764637E-002
  0.707920000000000       7.125182657765014E-002
  0.708000000000000       7.125229123388185E-002
  0.708080000000000       7.125275633668968E-002
  0.708160000000000       7.125322188630809E-002
  0.708240000000000       7.125368788120942E-002
  0.708320000000000       7.125415432401558E-002
  0.708400000000000       7.125462121253098E-002
  0.708480000000000       7.125508854747328E-002
  0.708560000000000       7.125555632938249E-002
  0.708640000000000       7.125602455714306E-002
  0.708720000000000       7.125649323121683E-002
  0.708800000000000       7.125696235188092E-002
  0.708880000000000       7.125743191880848E-002
  0.708960000000000       7.125790193224821E-002
  0.709040000000000       7.125837239191588E-002
  0.709120000000000       7.125884329852913E-002
  0.709200000000000       7.125931465144139E-002
  0.709280000000000       7.125978644977868E-002
  0.709360000000000       7.126025869554473E-002
  0.709440000000000       7.126073138719055E-002
  0.709520000000000       7.126120452527748E-002
  0.709600000000000       7.126167811000447E-002
  0.709680000000000       7.126215214081019E-002
  0.709760000000000       7.126262661807833E-002
  0.709840000000000       7.126310154148205E-002
  0.709920000000000       7.126357691138371E-002
  0.710000000000000       7.126405272784728E-002
  0.710080000000000       7.126452899004140E-002
  0.710160000000000       7.126500569901059E-002
  0.710240000000000       7.126548285395193E-002
  0.710320000000000       7.126596045579622E-002
  0.710400000000000       7.126643850388267E-002
  0.710480000000000       7.126691699791995E-002
  0.710560000000000       7.126739593839124E-002
  0.710640000000000       7.126787532514020E-002
  0.710720000000000       7.126835515850791E-002
  0.710800000000000       7.126883543784776E-002
  0.710880000000000       7.126931616342266E-002
  0.710960000000000       7.126979733518998E-002
  0.711040000000000       7.127027895386026E-002
  0.711120000000000       7.127076101840321E-002
  0.711200000000000       7.127124352938727E-002
  0.711280000000000       7.127172648649269E-002
  0.711360000000000       7.127220989006763E-002
  0.711440000000000       7.127269373981368E-002
  0.711520000000000       7.127317803534003E-002
  0.711600000000000       7.127366277747091E-002
  0.711680000000000       7.127414796619921E-002
  0.711760000000000       7.127463360089967E-002
  0.711840000000000       7.127511968194175E-002
  0.711920000000000       7.127560620875703E-002
  0.712000000000000       7.127609318257475E-002
  0.712080000000000       7.127658060193828E-002
  0.712160000000000       7.127706846772872E-002
  0.712240000000000       7.127755677971867E-002
  0.712320000000000       7.127804553821368E-002
  0.712400000000000       7.127853474280163E-002
  0.712480000000000       7.127902439351805E-002
  0.712560000000000       7.127951449022793E-002
  0.712640000000000       7.128000503376972E-002
  0.712720000000000       7.128049602322681E-002
  0.712800000000000       7.128098745868447E-002
  0.712880000000000       7.128147934034876E-002
  0.712960000000000       7.128197166851810E-002
  0.713040000000000       7.128246444223327E-002
  0.713120000000000       7.128295766274481E-002
  0.713200000000000       7.128345132903666E-002
  0.713280000000000       7.128394544137170E-002
  0.713360000000000       7.128444000048892E-002
  0.713440000000000       7.128493500547881E-002
  0.713520000000000       7.128543045654742E-002
  0.713600000000000       7.128592635397188E-002
  0.713680000000000       7.128642269709137E-002
  0.713760000000000       7.128691948619012E-002
  0.713840000000000       7.128741672221314E-002
  0.713920000000000       7.128791440354751E-002
  0.714000000000000       7.128841253153614E-002
  0.714080000000000       7.128891110596589E-002
  0.714160000000000       7.128941012601961E-002
  0.714240000000000       7.128990959210943E-002
  0.714320000000000       7.129040950483931E-002
  0.714400000000000       7.129090986348449E-002
  0.714480000000000       7.129141066734865E-002
  0.714560000000000       7.129191191810155E-002
  0.714640000000000       7.129241361486213E-002
  0.714720000000000       7.129291575792171E-002
  0.714800000000000       7.129341834671896E-002
  0.714880000000000       7.129392138150967E-002
  0.714960000000000       7.129442486248569E-002
  0.715040000000000       7.129492878982466E-002
  0.715120000000000       7.129543316326367E-002
  0.715200000000000       7.129593798180797E-002
  0.715280000000000       7.129644324748971E-002
  0.715360000000000       7.129694895885227E-002
  0.715440000000000       7.129745511634331E-002
  0.715520000000000       7.129796171971411E-002
  0.715600000000000       7.129846876908549E-002
  0.715680000000000       7.129897626468482E-002
  0.715760000000000       7.129948420606444E-002
  0.715840000000000       7.129999259340200E-002
  0.715920000000000       7.130050142683250E-002
  0.716000000000000       7.130101070659042E-002
  0.716080000000000       7.130152043212154E-002
  0.716160000000000       7.130203060344006E-002
  0.716240000000000       7.130254122152654E-002
  0.716320000000000       7.130305228459752E-002
  0.716400000000000       7.130356379400302E-002
  0.716480000000000       7.130407574931671E-002
  0.716560000000000       7.130458815093652E-002
  0.716640000000000       7.130510099872031E-002
  0.716720000000000       7.130561429224888E-002
  0.716800000000000       7.130612803077616E-002
  0.716880000000000       7.130664221663272E-002
  0.716960000000000       7.130715684787878E-002
  0.717040000000000       7.130767192553042E-002
  0.717120000000000       7.130818744847209E-002
  0.717200000000000       7.130870341752801E-002
  0.717280000000000       7.130921983261293E-002
  0.717360000000000       7.130973669362736E-002
  0.717440000000000       7.131025400040789E-002
  0.717520000000000       7.131077175338793E-002
  0.717600000000000       7.131128995257460E-002
  0.717680000000000       7.131180859658945E-002
  0.717760000000000       7.131232768734383E-002
  0.717840000000000       7.131284722380035E-002
  0.717920000000000       7.131336720608691E-002
  0.718000000000000       7.131388763423194E-002
  0.718080000000000       7.131440850819989E-002
  0.718160000000000       7.131492982855211E-002
  0.718240000000000       7.131545159422989E-002
  0.718320000000000       7.131597380598639E-002
  0.718400000000000       7.131649646402058E-002
  0.718480000000000       7.131701956713873E-002
  0.718560000000000       7.131754311669089E-002
  0.718640000000000       7.131806711167518E-002
  0.718720000000000       7.131859155273820E-002
  0.718800000000000       7.131911643924047E-002
  0.718880000000000       7.131964177231173E-002
  0.718960000000000       7.132016755109935E-002
  0.719040000000000       7.132069377500647E-002
  0.719120000000000       7.132122044568154E-002
  0.719200000000000       7.132174756128426E-002
  0.719280000000000       7.132227512290176E-002
  0.719360000000000       7.132280313044168E-002
  0.719440000000000       7.132333158391821E-002
  0.719520000000000       7.132386048354453E-002
  0.719600000000000       7.132438982811271E-002
  0.719680000000000       7.132491961921436E-002
  0.719760000000000       7.132544985586894E-002
  0.719840000000000       7.132598053796277E-002
  0.719920000000000       7.132651166622059E-002
  0.720000000000000       7.132704323983949E-002
  0.720080000000000       7.132757525976449E-002
  0.720160000000000       7.132810772497952E-002
  0.720240000000000       7.132864063585406E-002
  0.720320000000000       7.132917399326208E-002
  0.720400000000000       7.132970779544853E-002
  0.720480000000000       7.133024204364266E-002
  0.720560000000000       7.133077673797236E-002
  0.720640000000000       7.133131187803263E-002
  0.720720000000000       7.133184746337581E-002
  0.720800000000000       7.133238349486878E-002
  0.720880000000000       7.133291997132493E-002
  0.720960000000000       7.133345689422219E-002
  0.721040000000000       7.133399426227446E-002
  0.721120000000000       7.133453207693127E-002
  0.721200000000000       7.133507033601835E-002
  0.721280000000000       7.133560904190181E-002
  0.721360000000000       7.133614819272713E-002
  0.721440000000000       7.133668779013566E-002
  0.721520000000000       7.133722783216631E-002
  0.721600000000000       7.133776832026859E-002
  0.721680000000000       7.133830925390958E-002
  0.721760000000000       7.133885063414799E-002
  0.721840000000000       7.133939245877405E-002
  0.721920000000000       7.133993472913777E-002
  0.722000000000000       7.134047744561575E-002
  0.722080000000000       7.134102060776745E-002
  0.722160000000000       7.134156421530866E-002
  0.722240000000000       7.134210826888596E-002
  0.722320000000000       7.134265276726301E-002
  0.722400000000000       7.134319771178274E-002
  0.722480000000000       7.134374310221067E-002
  0.722560000000000       7.134428893772968E-002
  0.722640000000000       7.134483521923504E-002
  0.722720000000000       7.134538194590254E-002
  0.722800000000000       7.134592911810875E-002
  0.722880000000000       7.134647673628711E-002
  0.722960000000000       7.134702479995444E-002
  0.723040000000000       7.134757330855654E-002
  0.723120000000000       7.134812226390527E-002
  0.723200000000000       7.134867166397560E-002
  0.723280000000000       7.134922150993991E-002
  0.723360000000000       7.134977180087451E-002
  0.723440000000000       7.135032253822890E-002
  0.723520000000000       7.135087372041857E-002
  0.723600000000000       7.135142534841696E-002
  0.723680000000000       7.135197742190433E-002
  0.723760000000000       7.135252994089489E-002
  0.723840000000000       7.135308290575812E-002
  0.723920000000000       7.135363631551347E-002
  0.724000000000000       7.135419017097097E-002
  0.724080000000000       7.135474447208798E-002
  0.724160000000000       7.135529921890002E-002
  0.724240000000000       7.135585441078893E-002
  0.724320000000000       7.135641004847235E-002
  0.724400000000000       7.135696613150974E-002
  0.724480000000000       7.135752265974479E-002
  0.724560000000000       7.135807963368909E-002
  0.724640000000000       7.135863705269604E-002
  0.724720000000000       7.135919491785278E-002
  0.724800000000000       7.135975322814322E-002
  0.724880000000000       7.136031198383028E-002
  0.724960000000000       7.136087118494946E-002
  0.725040000000000       7.136143083199817E-002
  0.725120000000000       7.136199092354109E-002
  0.725200000000000       7.136255146129064E-002
  0.725280000000000       7.136311244398205E-002
  0.725360000000000       7.136367387189244E-002
  0.725440000000000       7.136423574571102E-002
  0.725520000000000       7.136479806533833E-002
  0.725600000000000       7.136536082982223E-002
  0.725680000000000       7.136592403916273E-002
  0.725760000000000       7.136648769439011E-002
  0.725840000000000       7.136705179546884E-002
  0.725920000000000       7.136761634154629E-002
  0.726000000000000       7.136818133264375E-002
  0.726080000000000       7.136874676918045E-002
  0.726160000000000       7.136931265124877E-002
  0.726240000000000       7.136987897877764E-002
  0.726320000000000       7.137044575171023E-002
  0.726400000000000       7.137101296981205E-002
  0.726480000000000       7.137158063333890E-002
  0.726560000000000       7.137214874231920E-002
  0.726640000000000       7.137271729597136E-002
  0.726720000000000       7.137328629537540E-002
  0.726800000000000       7.137385574028263E-002
  0.726880000000000       7.137442563016014E-002
  0.726960000000000       7.137499596549110E-002
  0.727040000000000       7.137556674592024E-002
  0.727120000000000       7.137613797187389E-002
  0.727200000000000       7.137670964295414E-002
  0.727280000000000       7.137728175962285E-002
  0.727360000000000       7.137785432149632E-002
  0.727440000000000       7.137842732788532E-002
  0.727520000000000       7.137900078058754E-002
  0.727600000000000       7.137957467811082E-002
  0.727680000000000       7.138014902049780E-002
  0.727760000000000       7.138072380875035E-002
  0.727840000000000       7.138129904222187E-002
  0.727920000000000       7.138187472062815E-002
  0.728000000000000       7.138245084394787E-002
  0.728080000000000       7.138302741262867E-002
  0.728160000000000       7.138360442720346E-002
  0.728240000000000       7.138418188640036E-002
  0.728320000000000       7.138475979077361E-002
  0.728400000000000       7.138533814047951E-002
  0.728480000000000       7.138591693534044E-002
  0.728560000000000       7.138649617529244E-002
  0.728640000000000       7.138707586070500E-002
  0.728720000000000       7.138765599064020E-002
  0.728800000000000       7.138823656675361E-002
  0.728880000000000       7.138881758751045E-002
  0.728960000000000       7.138939905300309E-002
  0.729040000000000       7.138998096429025E-002
  0.729120000000000       7.139056332039137E-002
  0.729200000000000       7.139114612176831E-002
  0.729280000000000       7.139172936849211E-002
  0.729360000000000       7.139231305982383E-002
  0.729440000000000       7.139289719646688E-002
  0.729520000000000       7.139348177840707E-002
  0.729600000000000       7.139406680577229E-002
  0.729680000000000       7.139465227700645E-002
  0.729760000000000       7.139523819443302E-002
  0.729840000000000       7.139582455614066E-002
  0.729920000000000       7.139641136403360E-002
  0.730000000000000       7.139699861610813E-002
  0.730080000000000       7.139758631372137E-002
  0.730160000000000       7.139817445597094E-002
  0.730240000000000       7.139876304362422E-002
  0.730320000000000       7.139935207648226E-002
  0.730400000000000       7.139994155361426E-002
  0.730480000000000       7.140053147637024E-002
  0.730560000000000       7.140112184427413E-002
  0.730640000000000       7.140171265694936E-002
  0.730720000000000       7.140230391443855E-002
  0.730800000000000       7.140289561782173E-002
  0.730880000000000       7.140348776566360E-002
  0.730960000000000       7.140408035765863E-002
  0.731040000000000       7.140467339612319E-002
  0.731120000000000       7.140526687841406E-002
  0.731200000000000       7.140586080661313E-002
  0.731280000000000       7.140645517962615E-002
  0.731360000000000       7.140704999677103E-002
  0.731440000000000       7.140764525984541E-002
  0.731520000000000       7.140824096755613E-002
  0.731600000000000       7.140883712013765E-002
  0.731680000000000       7.140943371770367E-002
  0.731760000000000       7.141003076009075E-002
  0.731840000000000       7.141062824727759E-002
  0.731920000000000       7.141122618029447E-002
  0.732000000000000       7.141182455728687E-002
  0.732080000000000       7.141242337966877E-002
  0.732160000000000       7.141302264673674E-002
  0.732240000000000       7.141362235860446E-002
  0.732320000000000       7.141422251562721E-002
  0.732400000000000       7.141482311762734E-002
  0.732480000000000       7.141542416456223E-002
  0.732560000000000       7.141602565595581E-002
  0.732640000000000       7.141662759241205E-002
  0.732720000000000       7.141722997398067E-002
  0.732800000000000       7.141783280000089E-002
  0.732880000000000       7.141843607084217E-002
  0.732960000000000       7.141903978677452E-002
  0.733040000000000       7.141964394796849E-002
  0.733120000000000       7.142024855316639E-002
  0.733200000000000       7.142085360356906E-002
  0.733280000000000       7.142145909923334E-002
  0.733360000000000       7.142206503937762E-002
  0.733440000000000       7.142267142416533E-002
  0.733520000000000       7.142327825414360E-002
  0.733600000000000       7.142388552862319E-002
  0.733680000000000       7.142449324816544E-002
  0.733760000000000       7.142510141207400E-002
  0.733840000000000       7.142571002064022E-002
  0.733920000000000       7.142631907429750E-002
  0.734000000000000       7.142692857281849E-002
  0.734080000000000       7.142753851616054E-002
  0.734160000000000       7.142814890403945E-002
  0.734240000000000       7.142875973716575E-002
  0.734320000000000       7.142937101451627E-002
  0.734400000000000       7.142998273668075E-002
  0.734480000000000       7.143059490347445E-002
  0.734560000000000       7.143120751543028E-002
  0.734640000000000       7.143182057158190E-002
  0.734720000000000       7.143243407217800E-002
  0.734800000000000       7.143304801827019E-002
  0.734880000000000       7.143366240874291E-002
  0.734960000000000       7.143427724432092E-002
  0.735040000000000       7.143489252379628E-002
  0.735120000000000       7.143550824849063E-002
  0.735200000000000       7.143612441781419E-002
  0.735280000000000       7.143674103136907E-002
  0.735360000000000       7.143735809001503E-002
  0.735440000000000       7.143797559341811E-002
  0.735520000000000       7.143859354100987E-002
  0.735600000000000       7.143921193329481E-002
  0.735680000000000       7.143983077082003E-002
  0.735760000000000       7.144045005310948E-002
  0.735840000000000       7.144106977884154E-002
  0.735920000000000       7.144168995010522E-002
  0.736000000000000       7.144231056584890E-002
  0.736080000000000       7.144293162577417E-002
  0.736160000000000       7.144355313079762E-002
  0.736240000000000       7.144417508025844E-002
  0.736320000000000       7.144479747383689E-002
  0.736400000000000       7.144542031271958E-002
  0.736480000000000       7.144604359588333E-002
  0.736560000000000       7.144666732378288E-002
  0.736640000000000       7.144729149556558E-002
  0.736720000000000       7.144791611220488E-002
  0.736800000000000       7.144854117384999E-002
  0.736880000000000       7.144916667949194E-002
  0.736960000000000       7.144979263008286E-002
  0.737040000000000       7.145041902501878E-002
  0.737120000000000       7.145104586442760E-002
  0.737200000000000       7.145167314866460E-002
  0.737280000000000       7.145230087748819E-002
  0.737360000000000       7.145292904993913E-002
  0.737440000000000       7.145355766752379E-002
  0.737520000000000       7.145418672921897E-002
  0.737600000000000       7.145481623601233E-002
  0.737680000000000       7.145544618694463E-002
  0.737760000000000       7.145607658190931E-002
  0.737840000000000       7.145670742183716E-002
  0.737920000000000       7.145733870640844E-002
  0.738000000000000       7.145797043515420E-002
  0.738080000000000       7.145860260771916E-002
  0.738160000000000       7.145923522548178E-002
  0.738240000000000       7.145986828788783E-002
  0.738320000000000       7.146050179397098E-002
  0.738400000000000       7.146113574499599E-002
  0.738480000000000       7.146177014033758E-002
  0.738560000000000       7.146240497988207E-002
  0.738640000000000       7.146304026421921E-002
  0.738720000000000       7.146367599270240E-002
  0.738800000000000       7.146431216539559E-002
  0.738880000000000       7.146494878266826E-002
  0.738960000000000       7.146558584420068E-002
  0.739040000000000       7.146622335013494E-002
  0.739120000000000       7.146686130036448E-002
  0.739200000000000       7.146749969456953E-002
  0.739280000000000       7.146813853368092E-002
  0.739360000000000       7.146877781723679E-002
  0.739440000000000       7.146941754421396E-002
  0.739520000000000       7.147005771647405E-002
  0.739600000000000       7.147069833244676E-002
  0.739680000000000       7.147133939302028E-002
  0.739760000000000       7.147198089830117E-002
  0.739840000000000       7.147262284725206E-002
  0.739920000000000       7.147326524045558E-002
