  0.660000000000000       1.754339640726819E-002
  0.660080000000000       1.754549748677767E-002
  0.660160000000000       1.754759870709541E-002
  0.660240000000000       1.754970006857668E-002
  0.660320000000000       1.755180157057488E-002
  0.660400000000000       1.755390321396397E-002
  0.660480000000000       1.755600499761421E-002
  0.660560000000000       1.755810692199453E-002
  0.660640000000000       1.756020898769470E-002
  0.660720000000000       1.756231119347127E-002
  0.660800000000000       1.756441354043978E-002
  0.660880000000000       1.756651602825208E-002
  0.660960000000000       1.756861865658130E-002
  0.661040000000000       1.757072142527825E-002
  0.661120000000000       1.757282433505345E-002
  0.661200000000000       1.757492738526743E-002
  0.661280000000000       1.757703057625413E-002
  0.661360000000000       1.757913390790698E-002
  0.661440000000000       1.758123737997728E-002
  0.661520000000000       1.758334099267820E-002
  0.661600000000000       1.758544474593158E-002
  0.661680000000000       1.758754863950294E-002
  0.661760000000000       1.758965267381150E-002
  0.661840000000000       1.759175684814671E-002
  0.661920000000000       1.759386116363124E-002
  0.662000000000000       1.759596561924191E-002
  0.662080000000000       1.759807021536950E-002
  0.662160000000000       1.760017495182929E-002
  0.662240000000000       1.760227982869942E-002
  0.662320000000000       1.760438484577385E-002
  0.662400000000000       1.760649000313073E-002
  0.662480000000000       1.760859530113954E-002
  0.662560000000000       1.761070073934554E-002
  0.662640000000000       1.761280631808979E-002
  0.662720000000000       1.761491203664754E-002
  0.662800000000000       1.761701789531720E-002
  0.662880000000000       1.761912389473117E-002
  0.662960000000000       1.762123003404390E-002
  0.663040000000000       1.762333631359645E-002
  0.663120000000000       1.762544273344566E-002
  0.663200000000000       1.762754929317942E-002
  0.663280000000000       1.762965599349407E-002
  0.663360000000000       1.763176283311061E-002
  0.663440000000000       1.763386981357094E-002
  0.663520000000000       1.763597693372396E-002
  0.663600000000000       1.763808419412392E-002
  0.663680000000000       1.764019159441552E-002
  0.663760000000000       1.764229913475510E-002
  0.663840000000000       1.764440681502897E-002
  0.663920000000000       1.764651463589793E-002
  0.664000000000000       1.764862259586273E-002
  0.664080000000000       1.765073069583998E-002
  0.664160000000000       1.765283893626311E-002
  0.664240000000000       1.765494731630077E-002
  0.664320000000000       1.765705583603114E-002
  0.664400000000000       1.765916449556080E-002
  0.664480000000000       1.766127329535869E-002
  0.664560000000000       1.766338223465744E-002
  0.664640000000000       1.766549131381232E-002
  0.664720000000000       1.766760053268832E-002
  0.664800000000000       1.766970989115044E-002
  0.664880000000000       1.767181939000160E-002
  0.664960000000000       1.767392902812624E-002
  0.665040000000000       1.767603880558830E-002
  0.665120000000000       1.767814872330440E-002
  0.665200000000000       1.768025878034372E-002
  0.665280000000000       1.768236897724627E-002
  0.665360000000000       1.768447931346493E-002
  0.665440000000000       1.768658978934077E-002
  0.665520000000000       1.768870040507273E-002
  0.665600000000000       1.769081116017766E-002
  0.665680000000000       1.769292205462712E-002
  0.665760000000000       1.769503308894691E-002
  0.665840000000000       1.769714426225597E-002
  0.665920000000000       1.769925557538563E-002
  0.666000000000000       1.770136702792378E-002
  0.666080000000000       1.770347862004094E-002
  0.666160000000000       1.770559035145289E-002
  0.666240000000000       1.770770222208860E-002
  0.666320000000000       1.770981423243832E-002
  0.666400000000000       1.771192638181283E-002
  0.666480000000000       1.771403867073083E-002
  0.666560000000000       1.771615109883704E-002
  0.666640000000000       1.771826366638016E-002
  0.666720000000000       1.772037637305466E-002
  0.666800000000000       1.772248921942896E-002
  0.666880000000000       1.772460220423120E-002
  0.666960000000000       1.772671532853429E-002
  0.667040000000000       1.772882859238088E-002
  0.667120000000000       1.773094199518830E-002
  0.667200000000000       1.773305553692815E-002
  0.667280000000000       1.773516921809779E-002
  0.667360000000000       1.773728303845565E-002
  0.667440000000000       1.773939699762515E-002
  0.667520000000000       1.774151109601838E-002
  0.667600000000000       1.774362533347904E-002
  0.667680000000000       1.774573971002134E-002
  0.667760000000000       1.774785422534684E-002
  0.667840000000000       1.774996887958345E-002
  0.667920000000000       1.775208367328538E-002
  0.668000000000000       1.775419860566394E-002
  0.668080000000000       1.775631367688255E-002
  0.668160000000000       1.775842888719701E-002
  0.668240000000000       1.776054423634441E-002
  0.668320000000000       1.776265972430344E-002
  0.668400000000000       1.776477535133700E-002
  0.668480000000000       1.776689111697614E-002
  0.668560000000000       1.776900702152637E-002
  0.668640000000000       1.777112306488113E-002
  0.668720000000000       1.777323924699068E-002
  0.668800000000000       1.777535556749974E-002
  0.668880000000000       1.777747202724676E-002
  0.668960000000000       1.777958862572724E-002
  0.669040000000000       1.778170536267119E-002
  0.669120000000000       1.778382223816386E-002
  0.669200000000000       1.778593925265291E-002
  0.669280000000000       1.778805640566226E-002
  0.669360000000000       1.779017369739087E-002
  0.669440000000000       1.779229112765399E-002
  0.669520000000000       1.779440869619584E-002
  0.669600000000000       1.779652640359195E-002
  0.669680000000000       1.779864424941600E-002
  0.669760000000000       1.780076223371061E-002
  0.669840000000000       1.780288035665343E-002
  0.669920000000000       1.780499861788207E-002
  0.670000000000000       1.780711701785129E-002
  0.670080000000000       1.780923555608502E-002
  0.670160000000000       1.781135423249090E-002
  0.670240000000000       1.781347304767287E-002
  0.670320000000000       1.781559200119041E-002
  0.670400000000000       1.781771109280193E-002
  0.670480000000000       1.781983032301902E-002
  0.670560000000000       1.782194969147220E-002
  0.670640000000000       1.782406919835331E-002
  0.670720000000000       1.782618884319340E-002
  0.670800000000000       1.782830862638327E-002
  0.670880000000000       1.783042854814319E-002
  0.670960000000000       1.783254860774128E-002
  0.671040000000000       1.783466880553995E-002
  0.671120000000000       1.783678914174523E-002
  0.671200000000000       1.783890961581711E-002
  0.671280000000000       1.784103022808246E-002
  0.671360000000000       1.784315097878284E-002
  0.671440000000000       1.784527186747773E-002
  0.671520000000000       1.784739289395396E-002
  0.671600000000000       1.784951405868760E-002
  0.671680000000000       1.785163536141574E-002
  0.671760000000000       1.785375680239418E-002
  0.671840000000000       1.785587838099054E-002
  0.671920000000000       1.785800009794378E-002
  0.672000000000000       1.786012195228757E-002
  0.672080000000000       1.786224394508771E-002
  0.672160000000000       1.786436607556972E-002
  0.672240000000000       1.786648834416702E-002
  0.672320000000000       1.786861075057409E-002
  0.672400000000000       1.787073329464171E-002
  0.672480000000000       1.787285597646935E-002
  0.672560000000000       1.787497879666098E-002
  0.672640000000000       1.787710175388078E-002
  0.672720000000000       1.787922484942193E-002
  0.672800000000000       1.788134808255257E-002
  0.672880000000000       1.788347145325140E-002
  0.672960000000000       1.788559496196605E-002
  0.673040000000000       1.788771860834835E-002
  0.673120000000000       1.788984239222777E-002
  0.673200000000000       1.789196631407328E-002
  0.673280000000000       1.789409037294696E-002
  0.673360000000000       1.789621456995014E-002
  0.673440000000000       1.789833890464940E-002
  0.673520000000000       1.790046337637683E-002
  0.673600000000000       1.790258798596376E-002
  0.673680000000000       1.790471273323966E-002
  0.673760000000000       1.790683761794163E-002
  0.673840000000000       1.790896264008388E-002
  0.673920000000000       1.791108779985826E-002
  0.674000000000000       1.791321309677450E-002
  0.674080000000000       1.791533853092495E-002
  0.674160000000000       1.791746410294202E-002
  0.674240000000000       1.791958981218620E-002
  0.674320000000000       1.792171565872856E-002
  0.674400000000000       1.792384164295988E-002
  0.674480000000000       1.792596776449649E-002
  0.674560000000000       1.792809402313942E-002
  0.674640000000000       1.793022041880341E-002
  0.674720000000000       1.793234695218480E-002
  0.674800000000000       1.793447362264409E-002
  0.674880000000000       1.793660043048682E-002
  0.674960000000000       1.793872737543587E-002
  0.675040000000000       1.794085445740599E-002
  0.675120000000000       1.794298167656059E-002
  0.675200000000000       1.794510903309863E-002
  0.675280000000000       1.794723652670747E-002
  0.675360000000000       1.794936415742263E-002
  0.675440000000000       1.795149192537202E-002
  0.675520000000000       1.795361982973141E-002
  0.675600000000000       1.795574787192187E-002
  0.675680000000000       1.795787605070707E-002
  0.675760000000000       1.796000436666965E-002
  0.675840000000000       1.796213281953250E-002
  0.675920000000000       1.796426140947325E-002
  0.676000000000000       1.796639013619348E-002
  0.676080000000000       1.796851899999872E-002
  0.676160000000000       1.797064800057633E-002
  0.676240000000000       1.797277713826027E-002
  0.676320000000000       1.797490641289421E-002
  0.676400000000000       1.797703582395236E-002
  0.676480000000000       1.797916537213105E-002
  0.676560000000000       1.798129505713895E-002
  0.676640000000000       1.798342487885527E-002
  0.676720000000000       1.798555483710949E-002
  0.676800000000000       1.798768493238476E-002
  0.676880000000000       1.798981516431872E-002
  0.676960000000000       1.799194553288295E-002
  0.677040000000000       1.799407603839718E-002
  0.677120000000000       1.799620668037114E-002
  0.677200000000000       1.799833745894695E-002
  0.677280000000000       1.800046837413880E-002
  0.677360000000000       1.800259942597513E-002
  0.677440000000000       1.800473061487515E-002
  0.677520000000000       1.800686193972332E-002
  0.677600000000000       1.800899340130833E-002
  0.677680000000000       1.801112499927491E-002
  0.677760000000000       1.801325673387886E-002
  0.677840000000000       1.801538860504202E-002
  0.677920000000000       1.801752061235937E-002
  0.678000000000000       1.801965275660542E-002
  0.678080000000000       1.802178503719751E-002
  0.678160000000000       1.802391745363117E-002
  0.678240000000000       1.802605000703614E-002
  0.678320000000000       1.802818269651716E-002
  0.678400000000000       1.803031552249344E-002
  0.678480000000000       1.803244848470918E-002
  0.678560000000000       1.803458158334201E-002
  0.678640000000000       1.803671481812905E-002
  0.678720000000000       1.803884818914134E-002
  0.678800000000000       1.804098169652810E-002
  0.678880000000000       1.804311534000511E-002
  0.678960000000000       1.804524911962922E-002
  0.679040000000000       1.804738303581253E-002
  0.679120000000000       1.804951708778055E-002
  0.679200000000000       1.805165127612305E-002
  0.679280000000000       1.805378560034263E-002
  0.679360000000000       1.805592006109300E-002
  0.679440000000000       1.805805465744335E-002
  0.679520000000000       1.806018938966367E-002
  0.679600000000000       1.806232425849295E-002
  0.679680000000000       1.806445926316378E-002
  0.679760000000000       1.806659440367617E-002
  0.679840000000000       1.806872968039961E-002
  0.679920000000000       1.807086509275855E-002
  0.680000000000000       1.807300064115090E-002
  0.680080000000000       1.807513632578270E-002
  0.680160000000000       1.807727214607844E-002
  0.680240000000000       1.807940810233653E-002
  0.680320000000000       1.808154419444328E-002
  0.680400000000000       1.808368042212159E-002
  0.680480000000000       1.808581678564145E-002
  0.680560000000000       1.808795328549315E-002
  0.680640000000000       1.809008992076009E-002
  0.680720000000000       1.809222669169095E-002
  0.680800000000000       1.809436359832837E-002
  0.680880000000000       1.809650064084287E-002
  0.680960000000000       1.809863781912078E-002
  0.681040000000000       1.810077513305550E-002
  0.681120000000000       1.810291258244099E-002
  0.681200000000000       1.810505016744066E-002
  0.681280000000000       1.810718788838848E-002
  0.681360000000000       1.810932574449573E-002
  0.681440000000000       1.811146373623138E-002
  0.681520000000000       1.811360186378728E-002
  0.681600000000000       1.811574012665893E-002
  0.681680000000000       1.811787852548583E-002
  0.681760000000000       1.812001705918085E-002
  0.681840000000000       1.812215572857532E-002
  0.681920000000000       1.812429453376872E-002
  0.682000000000000       1.812643347395813E-002
  0.682080000000000       1.812857254956277E-002
  0.682160000000000       1.813071176065371E-002
  0.682240000000000       1.813285110703198E-002
  0.682320000000000       1.813499058911681E-002
  0.682400000000000       1.813713020592054E-002
  0.682480000000000       1.813926995823898E-002
  0.682560000000000       1.814140984634924E-002
  0.682640000000000       1.814354986934894E-002
  0.682720000000000       1.814569002765729E-002
  0.682800000000000       1.814783032083376E-002
  0.682880000000000       1.814997074956046E-002
  0.682960000000000       1.815211131368819E-002
  0.683040000000000       1.815425201247798E-002
  0.683120000000000       1.815639284668300E-002
  0.683200000000000       1.815853381588404E-002
  0.683280000000000       1.816067492037952E-002
  0.683360000000000       1.816281615990654E-002
  0.683440000000000       1.816495753430167E-002
  0.683520000000000       1.816709904385625E-002
  0.683600000000000       1.816924068839974E-002
  0.683680000000000       1.817138246803161E-002
  0.683760000000000       1.817352438253159E-002
  0.683840000000000       1.817566643230471E-002
  0.683920000000000       1.817780861670435E-002
  0.684000000000000       1.817995093631317E-002
  0.684080000000000       1.818209339037800E-002
  0.684160000000000       1.818423597937489E-002
  0.684240000000000       1.818637870333937E-002
  0.684320000000000       1.818852156244908E-002
  0.684400000000000       1.819066455577321E-002
  0.684480000000000       1.819280768437046E-002
  0.684560000000000       1.819495094755872E-002
  0.684640000000000       1.819709434556536E-002
  0.684720000000000       1.819923787826958E-002
  0.684800000000000       1.820138154564297E-002
  0.684880000000000       1.820352534798395E-002
  0.684960000000000       1.820566928481646E-002
  0.685040000000000       1.820781335618313E-002
  0.685120000000000       1.820995756218344E-002
  0.685200000000000       1.821210190303766E-002
  0.685280000000000       1.821424637808498E-002
  0.685360000000000       1.821639098797199E-002
  0.685440000000000       1.821853573246422E-002
  0.685520000000000       1.822068061124902E-002
  0.685600000000000       1.822282562473141E-002
  0.685680000000000       1.822497077257033E-002
  0.685760000000000       1.822711605541947E-002
  0.685840000000000       1.822926147202828E-002
  0.685920000000000       1.823140702307888E-002
  0.686000000000000       1.823355270894787E-002
  0.686080000000000       1.823569852899574E-002
  0.686160000000000       1.823784448352093E-002
  0.686240000000000       1.823999057211132E-002
  0.686320000000000       1.824213679535667E-002
  0.686400000000000       1.824428315268143E-002
  0.686480000000000       1.824642964446219E-002
  0.686560000000000       1.824857627045027E-002
  0.686640000000000       1.825072303044670E-002
  0.686720000000000       1.825286992491335E-002
  0.686800000000000       1.825501695357310E-002
  0.686880000000000       1.825716411624121E-002
  0.686960000000000       1.825931141337953E-002
  0.687040000000000       1.826145884410699E-002
  0.687120000000000       1.826360640931177E-002
  0.687200000000000       1.826575410870255E-002
  0.687280000000000       1.826790194215853E-002
  0.687360000000000       1.827004990943102E-002
  0.687440000000000       1.827219801118794E-002
  0.687520000000000       1.827434624662636E-002
  0.687600000000000       1.827649461609446E-002
  0.687680000000000       1.827864311945013E-002
  0.687760000000000       1.828079175698469E-002
  0.687840000000000       1.828294052835708E-002
  0.687920000000000       1.828508943345362E-002
  0.688000000000000       1.828723847297773E-002
  0.688080000000000       1.828938764591335E-002
  0.688160000000000       1.829153695265837E-002
  0.688240000000000       1.829368639333360E-002
  0.688320000000000       1.829583596788218E-002
  0.688400000000000       1.829798567624017E-002
  0.688480000000000       1.830013551841467E-002
  0.688560000000000       1.830228549414279E-002
  0.688640000000000       1.830443560371584E-002
  0.688720000000000       1.830658584684251E-002
  0.688800000000000       1.830873622375726E-002
  0.688880000000000       1.831088673456669E-002
  0.688960000000000       1.831303737887999E-002
  0.689040000000000       1.831518815669717E-002
  0.689120000000000       1.831733906809638E-002
  0.689200000000000       1.831949011337606E-002
  0.689280000000000       1.832164129181144E-002
  0.689360000000000       1.832379260408466E-002
  0.689440000000000       1.832594404984753E-002
  0.689520000000000       1.832809562909297E-002
  0.689600000000000       1.833024734200570E-002
  0.689680000000000       1.833239918769756E-002
  0.689760000000000       1.833455116749014E-002
  0.689840000000000       1.833670328042423E-002
  0.689920000000000       1.833885552683377E-002
  0.690000000000000       1.834100790668323E-002
  0.690080000000000       1.834316041986604E-002
  0.690160000000000       1.834531306659535E-002
  0.690240000000000       1.834746584613221E-002
  0.690320000000000       1.834961875913741E-002
  0.690400000000000       1.835177180570333E-002
  0.690480000000000       1.835392498519049E-002
  0.690560000000000       1.835607829816730E-002
  0.690640000000000       1.835823174406535E-002
  0.690720000000000       1.836038532347437E-002
  0.690800000000000       1.836253903577621E-002
  0.690880000000000       1.836469288146112E-002
  0.690960000000000       1.836684685998200E-002
  0.691040000000000       1.836900097232650E-002
  0.691120000000000       1.837115521715169E-002
  0.691200000000000       1.837330959459258E-002
  0.691280000000000       1.837546410569366E-002
  0.691360000000000       1.837761875005704E-002
  0.691440000000000       1.837977352710005E-002
  0.691520000000000       1.838192843680850E-002
  0.691600000000000       1.838408348011320E-002
  0.691680000000000       1.838623865623965E-002
  0.691760000000000       1.838839396476153E-002
  0.691840000000000       1.839054940665228E-002
  0.691920000000000       1.839270498115162E-002
  0.692000000000000       1.839486068887062E-002
  0.692080000000000       1.839701652925505E-002
  0.692160000000000       1.839917250248255E-002
  0.692240000000000       1.840132860808417E-002
  0.692320000000000       1.840348484725361E-002
  0.692400000000000       1.840564121879715E-002
  0.692480000000000       1.840779772296351E-002
  0.692560000000000       1.840995435989477E-002
  0.692640000000000       1.841211112977568E-002
  0.692720000000000       1.841426803200939E-002
  0.692800000000000       1.841642506699379E-002
  0.692880000000000       1.841858223449442E-002
  0.692960000000000       1.842073953476706E-002
  0.693040000000000       1.842289696784014E-002
  0.693120000000000       1.842505453320207E-002
  0.693200000000000       1.842721223093811E-002
  0.693280000000000       1.842937006142484E-002
  0.693360000000000       1.843152802445622E-002
  0.693440000000000       1.843368612023120E-002
  0.693520000000000       1.843584434790422E-002
  0.693600000000000       1.843800270836347E-002
  0.693680000000000       1.844016120111867E-002
  0.693760000000000       1.844231982680931E-002
  0.693840000000000       1.844447858420615E-002
  0.693920000000000       1.844663747431816E-002
  0.694000000000000       1.844879649647033E-002
  0.694080000000000       1.845095565140163E-002
  0.694160000000000       1.845311493815281E-002
  0.694240000000000       1.845527435722836E-002
  0.694320000000000       1.845743390882013E-002
  0.694400000000000       1.845959359243785E-002
  0.694480000000000       1.846175340860732E-002
  0.694560000000000       1.846391335661089E-002
  0.694640000000000       1.846607343718041E-002
  0.694720000000000       1.846823364957693E-002
  0.694800000000000       1.847039399438308E-002
  0.694880000000000       1.847255447084570E-002
  0.694960000000000       1.847471507992402E-002
  0.695040000000000       1.847687582059485E-002
  0.695120000000000       1.847903669363269E-002
  0.695200000000000       1.848119769854015E-002
  0.695280000000000       1.848335883573646E-002
  0.695360000000000       1.848552010461766E-002
  0.695440000000000       1.848768150551770E-002
  0.695520000000000       1.848984303864263E-002
  0.695600000000000       1.849200470348798E-002
  0.695680000000000       1.849416650003242E-002
  0.695760000000000       1.849632842855307E-002
  0.695840000000000       1.849849048929151E-002
  0.695920000000000       1.850065268163668E-002
  0.696000000000000       1.850281500604332E-002
  0.696080000000000       1.850497746166588E-002
  0.696160000000000       1.850714004963414E-002
  0.696240000000000       1.850930276896754E-002
  0.696320000000000       1.851146562036952E-002
  0.696400000000000       1.851362860320769E-002
  0.696480000000000       1.851579171832050E-002
  0.696560000000000       1.851795496424422E-002
  0.696640000000000       1.852011834254916E-002
  0.696720000000000       1.852228185201319E-002
  0.696800000000000       1.852444549299868E-002
  0.696880000000000       1.852660926613801E-002
  0.696960000000000       1.852877317072064E-002
  0.697040000000000       1.853093720641261E-002
  0.697120000000000       1.853310137413764E-002
  0.697200000000000       1.853526567322070E-002
  0.697280000000000       1.853743010386786E-002
  0.697360000000000       1.853959466584463E-002
  0.697440000000000       1.854175935921496E-002
  0.697520000000000       1.854392418385096E-002
  0.697600000000000       1.854608914015763E-002
  0.697680000000000       1.854825422807103E-002
  0.697760000000000       1.855041944707956E-002
  0.697840000000000       1.855258479716191E-002
  0.697920000000000       1.855475027900020E-002
  0.698000000000000       1.855691589193362E-002
  0.698080000000000       1.855908163635298E-002
  0.698160000000000       1.856124751183195E-002
  0.698240000000000       1.856341351871158E-002
  0.698320000000000       1.856557965680004E-002
  0.698400000000000       1.856774592596942E-002
  0.698480000000000       1.856991232622682E-002
  0.698560000000000       1.857207885791332E-002
  0.698640000000000       1.857424552065943E-002
  0.698720000000000       1.857641231425198E-002
  0.698800000000000       1.857857923914572E-002
  0.698880000000000       1.858074629512749E-002
  0.698960000000000       1.858291348229677E-002
  0.699040000000000       1.858508080031960E-002
  0.699120000000000       1.858724824932387E-002
  0.699200000000000       1.858941582919591E-002
  0.699280000000000       1.859158354026256E-002
  0.699360000000000       1.859375138248118E-002
  0.699440000000000       1.859591935510572E-002
  0.699520000000000       1.859808745917355E-002
  0.699600000000000       1.860025569388888E-002
  0.699680000000000       1.860242405903854E-002
  0.699760000000000       1.860459255575229E-002
  0.699840000000000       1.860676118292879E-002
  0.699920000000000       1.860892994115069E-002
  0.700000000000000       1.861109882977139E-002
  0.700080000000000       1.861326784938064E-002
  0.700160000000000       1.861543699972976E-002
  0.700240000000000       1.861760628019347E-002
  0.700320000000000       1.861977569219284E-002
  0.700400000000000       1.862194523466208E-002
  0.700480000000000       1.862411490772906E-002
  0.700560000000000       1.862628471157855E-002
  0.700640000000000       1.862845464577709E-002
  0.700720000000000       1.863062471033181E-002
  0.700800000000000       1.863279490594614E-002
  0.700880000000000       1.863496523205874E-002
  0.700960000000000       1.863713568876910E-002
  0.701040000000000       1.863930627543773E-002
  0.701120000000000       1.864147699307359E-002
  0.701200000000000       1.864364784112247E-002
  0.701280000000000       1.864581881958436E-002
  0.701360000000000       1.864798992857295E-002
  0.701440000000000       1.865016116747718E-002
  0.701520000000000       1.865233253699337E-002
  0.701600000000000       1.865450403725653E-002
  0.701680000000000       1.865667566763427E-002
  0.701760000000000       1.865884742833977E-002
  0.701840000000000       1.866101931930906E-002
  0.701920000000000       1.866319134064873E-002
  0.702000000000000       1.866536349210299E-002
  0.702080000000000       1.866753577391343E-002
  0.702160000000000       1.866970818579581E-002
  0.702240000000000       1.867188072787094E-002
  0.702320000000000       1.867405340012460E-002
  0.702400000000000       1.867622620294049E-002
  0.702480000000000       1.867839913545175E-002
  0.702560000000000       1.868057219803496E-002
  0.702640000000000       1.868274539061197E-002
  0.702720000000000       1.868491871363751E-002
  0.702800000000000       1.868709216659290E-002
  0.702880000000000       1.868926574945682E-002
  0.702960000000000       1.869143946269112E-002
  0.703040000000000       1.869361330562078E-002
  0.703120000000000       1.869578727849450E-002
  0.703200000000000       1.869796138117017E-002
  0.703280000000000       1.870013561395332E-002
  0.703360000000000       1.870230997668763E-002
  0.703440000000000       1.870448446899651E-002
  0.703520000000000       1.870665909142708E-002
  0.703600000000000       1.870883384334696E-002
  0.703680000000000       1.871100872567275E-002
  0.703760000000000       1.871318373765127E-002
  0.703840000000000       1.871535887917595E-002
  0.703920000000000       1.871753415052389E-002
  0.704000000000000       1.871970955148903E-002
  0.704080000000000       1.872188508246218E-002
  0.704160000000000       1.872406074279673E-002
  0.704240000000000       1.872623653306824E-002
  0.704320000000000       1.872841245302801E-002
  0.704400000000000       1.873058850236340E-002
  0.704480000000000       1.873276468155047E-002
  0.704560000000000       1.873494098985027E-002
  0.704640000000000       1.873711742820781E-002
  0.704720000000000       1.873929399584860E-002
  0.704800000000000       1.874147069294316E-002
  0.704880000000000       1.874364751990363E-002
  0.704960000000000       1.874582447603366E-002
  0.705040000000000       1.874800156171694E-002
  0.705120000000000       1.875017877704586E-002
  0.705200000000000       1.875235612150881E-002
  0.705280000000000       1.875453359536870E-002
  0.705360000000000       1.875671119846210E-002
  0.705440000000000       1.875888893123665E-002
  0.705520000000000       1.876106679320209E-002
  0.705600000000000       1.876324478435130E-002
  0.705680000000000       1.876542290516745E-002
  0.705760000000000       1.876760115484764E-002
  0.705840000000000       1.876977953369028E-002
  0.705920000000000       1.877195804233487E-002
  0.706000000000000       1.877413667965875E-002
  0.706080000000000       1.877631544644352E-002
  0.706160000000000       1.877849434230548E-002
  0.706240000000000       1.878067336742226E-002
  0.706320000000000       1.878285252122545E-002
  0.706400000000000       1.878503180474531E-002
  0.706480000000000       1.878721121713631E-002
  0.706560000000000       1.878939075843398E-002
  0.706640000000000       1.879157042869515E-002
  0.706720000000000       1.879375022806194E-002
  0.706800000000000       1.879593015640644E-002
  0.706880000000000       1.879811021362918E-002
  0.706960000000000       1.880029040000018E-002
  0.707040000000000       1.880247071550521E-002
  0.707120000000000       1.880465115944083E-002
  0.707200000000000       1.880683173261708E-002
  0.707280000000000       1.880901243467867E-002
  0.707360000000000       1.881119326530587E-002
  0.707440000000000       1.881337422485394E-002
  0.707520000000000       1.881555531301025E-002
  0.707600000000000       1.881773653010874E-002
  0.707680000000000       1.881991787630575E-002
  0.707760000000000       1.882209935101862E-002
  0.707840000000000       1.882428095414788E-002
  0.707920000000000       1.882646268631880E-002
  0.708000000000000       1.882864454723297E-002
  0.708080000000000       1.883082653676958E-002
  0.708160000000000       1.883300865452362E-002
  0.708240000000000       1.883519090145434E-002
  0.708320000000000       1.883737327630406E-002
  0.708400000000000       1.883955578055783E-002
  0.708480000000000       1.884173841290113E-002
  0.708560000000000       1.884392117344767E-002
  0.708640000000000       1.884610406282981E-002
  0.708720000000000       1.884828708064255E-002
  0.708800000000000       1.885047022717721E-002
  0.708880000000000       1.885265350179430E-002
  0.708960000000000       1.885483690509780E-002
  0.709040000000000       1.885702043663293E-002
  0.709120000000000       1.885920409681894E-002
  0.709200000000000       1.886138788493816E-002
  0.709280000000000       1.886357180155194E-002
  0.709360000000000       1.886575584639025E-002
  0.709440000000000       1.886794001983681E-002
  0.709520000000000       1.887012432164290E-002
  0.709600000000000       1.887230875149590E-002
  0.709680000000000       1.887449330933186E-002
  0.709760000000000       1.887667799567658E-002
  0.709840000000000       1.887886280986215E-002
  0.709920000000000       1.888104775235042E-002
  0.710000000000000       1.888323282316271E-002
  0.710080000000000       1.888541802222086E-002
  0.710160000000000       1.888760334907722E-002
  0.710240000000000       1.888978880422208E-002
  0.710320000000000       1.889197438737831E-002
  0.710400000000000       1.889416009863829E-002
  0.710480000000000       1.889634593761123E-002
  0.710560000000000       1.889853190497923E-002
  0.710640000000000       1.890071800004598E-002
  0.710720000000000       1.890290422326622E-002
  0.710800000000000       1.890509057397913E-002
  0.710880000000000       1.890727705314397E-002
  0.710960000000000       1.890946365989386E-002
  0.711040000000000       1.891165039459828E-002
  0.711120000000000       1.891383725726434E-002
  0.711200000000000       1.891602424743730E-002
  0.711280000000000       1.891821136572112E-002
  0.711360000000000       1.892039861165393E-002
  0.711440000000000       1.892258598553418E-002
  0.711520000000000       1.892477348684316E-002
  0.711600000000000       1.892696111623458E-002
  0.711680000000000       1.892914887280604E-002
  0.711760000000000       1.893133675755230E-002
  0.711840000000000       1.893352476967756E-002
  0.711920000000000       1.893571290943761E-002
  0.712000000000000       1.893790117710956E-002
  0.712080000000000       1.894008957198998E-002
  0.712160000000000       1.894227809495994E-002
  0.712240000000000       1.894446674505310E-002
  0.712320000000000       1.894665552278816E-002
  0.712400000000000       1.894884442763931E-002
  0.712480000000000       1.895103346073632E-002
  0.712560000000000       1.895322262070784E-002
  0.712640000000000       1.895541190853443E-002
  0.712720000000000       1.895760132342737E-002
  0.712800000000000       1.895979086584141E-002
  0.712880000000000       1.896198053542839E-002
  0.712960000000000       1.896417033271412E-002
  0.713040000000000       1.896636025737884E-002
  0.713120000000000       1.896855030902465E-002
  0.713200000000000       1.897074048815604E-002
  0.713280000000000       1.897293079468063E-002
  0.713360000000000       1.897512122797316E-002
  0.713440000000000       1.897731178917048E-002
  0.713520000000000       1.897950247710021E-002
  0.713600000000000       1.898169329222419E-002
  0.713680000000000       1.898388423474848E-002
  0.713760000000000       1.898607530455940E-002
  0.713840000000000       1.898826650125194E-002
  0.713920000000000       1.899045782504636E-002
  0.714000000000000       1.899264927593556E-002
  0.714080000000000       1.899484085359269E-002
  0.714160000000000       1.899703255872118E-002
  0.714240000000000       1.899922439082367E-002
  0.714320000000000       1.900141634977934E-002
  0.714400000000000       1.900360843577296E-002
  0.714480000000000       1.900580064884714E-002
  0.714560000000000       1.900799298863951E-002
  0.714640000000000       1.901018545557640E-002
  0.714720000000000       1.901237804896858E-002
  0.714800000000000       1.901457076960476E-002
  0.714880000000000       1.901676361660385E-002
  0.714960000000000       1.901895659122353E-002
  0.715040000000000       1.902114969206401E-002
  0.715120000000000       1.902334292004191E-002
  0.715200000000000       1.902553627464563E-002
  0.715280000000000       1.902772975560516E-002
  0.715360000000000       1.902992336372342E-002
  0.715440000000000       1.903211709869488E-002
  0.715520000000000       1.903431095977346E-002
  0.715600000000000       1.903650494766260E-002
  0.715680000000000       1.903869906253284E-002
  0.715760000000000       1.904089330378021E-002
  0.715840000000000       1.904308767165339E-002
  0.715920000000000       1.904528216590371E-002
  0.716000000000000       1.904747678695038E-002
  0.716080000000000       1.904967153426760E-002
  0.716160000000000       1.905186640855170E-002
  0.716240000000000       1.905406140893582E-002
  0.716320000000000       1.905625653569707E-002
  0.716400000000000       1.905845178927599E-002
  0.716480000000000       1.906064716910414E-002
  0.716560000000000       1.906284267492573E-002
  0.716640000000000       1.906503830776394E-002
  0.716720000000000       1.906723406653164E-002
  0.716800000000000       1.906942995208858E-002
  0.716880000000000       1.907162596349685E-002
  0.716960000000000       1.907382210153095E-002
  0.717040000000000       1.907601836540216E-002
  0.717120000000000       1.907821475554392E-002
  0.717200000000000       1.908041127218361E-002
  0.717280000000000       1.908260791515069E-002
  0.717360000000000       1.908480468400462E-002
  0.717440000000000       1.908700157927832E-002
  0.717520000000000       1.908919860068046E-002
  0.717600000000000       1.909139574783445E-002
  0.717680000000000       1.909359302126610E-002
  0.717760000000000       1.909579042099672E-002
  0.717840000000000       1.909798794672788E-002
  0.717920000000000       1.910018559818958E-002
  0.718000000000000       1.910238337595025E-002
  0.718080000000000       1.910458127950541E-002
  0.718160000000000       1.910677930914637E-002
  0.718240000000000       1.910897746476656E-002
  0.718320000000000       1.911117574592545E-002
  0.718400000000000       1.911337415347567E-002
  0.718480000000000       1.911557268676354E-002
  0.718560000000000       1.911777134574642E-002
  0.718640000000000       1.911997013057352E-002
  0.718720000000000       1.912216904167827E-002
  0.718800000000000       1.912436807810856E-002
  0.718880000000000       1.912656724055359E-002
  0.718960000000000       1.912876652855864E-002
  0.719040000000000       1.913096594232264E-002
  0.719120000000000       1.913316548212982E-002
  0.719200000000000       1.913536514731937E-002
  0.719280000000000       1.913756493811156E-002
  0.719360000000000       1.913976485471245E-002
  0.719440000000000       1.914196489699414E-002
  0.719520000000000       1.914416506468661E-002
  0.719600000000000       1.914636535777568E-002
  0.719680000000000       1.914856577685817E-002
  0.719760000000000       1.915076632123778E-002
  0.719840000000000       1.915296699134082E-002
  0.719920000000000       1.915516778644253E-002
  0.720000000000000       1.915736870757321E-002
  0.720080000000000       1.915956975412889E-002
  0.720160000000000       1.916177092564773E-002
  0.720240000000000       1.916397222318132E-002
  0.720320000000000       1.916617364588411E-002
  0.720400000000000       1.916837519357848E-002
  0.720480000000000       1.917057686708155E-002
  0.720560000000000       1.917277866569698E-002
  0.720640000000000       1.917498058963083E-002
  0.720720000000000       1.917718263876231E-002
  0.720800000000000       1.917938481319090E-002
  0.720880000000000       1.918158711290949E-002
  0.720960000000000       1.918378953794651E-002
  0.721040000000000       1.918599208819536E-002
  0.721120000000000       1.918819476320131E-002
  0.721200000000000       1.919039756385963E-002
  0.721280000000000       1.919260048933900E-002
  0.721360000000000       1.919480353978862E-002
  0.721440000000000       1.919700671578404E-002
  0.721520000000000       1.919921001661471E-002
  0.721600000000000       1.920141344222379E-002
  0.721680000000000       1.920361699325788E-002
  0.721760000000000       1.920582066916985E-002
  0.721840000000000       1.920802447000945E-002
  0.721920000000000       1.921022839581930E-002
  0.722000000000000       1.921243244647861E-002
  0.722080000000000       1.921463662222898E-002
  0.722160000000000       1.921684092258722E-002
  0.722240000000000       1.921904534821415E-002
  0.722320000000000       1.922124989855554E-002
  0.722400000000000       1.922345457360428E-002
  0.722480000000000       1.922565937333907E-002
  0.722560000000000       1.922786429829280E-002
  0.722640000000000       1.923006934757019E-002
  0.722720000000000       1.923227452185337E-002
  0.722800000000000       1.923447982062363E-002
  0.722880000000000       1.923668524393072E-002
  0.722960000000000       1.923889079245675E-002
  0.723040000000000       1.924109646573278E-002
  0.723120000000000       1.924330226271429E-002
  0.723200000000000       1.924550818531266E-002
  0.723280000000000       1.924771423184388E-002
  0.723360000000000       1.924992040308957E-002
  0.723440000000000       1.925212669899288E-002
  0.723520000000000       1.925433311943301E-002
  0.723600000000000       1.925653966434602E-002
  0.723680000000000       1.925874633351164E-002
  0.723760000000000       1.926095312734197E-002
  0.723840000000000       1.926316004572335E-002
  0.723920000000000       1.926536708847102E-002
  0.724000000000000       1.926757425554235E-002
  0.724080000000000       1.926978154692314E-002
  0.724160000000000       1.927198896254943E-002
  0.724240000000000       1.927419650269833E-002
  0.724320000000000       1.927640416739116E-002
  0.724400000000000       1.927861195593159E-002
  0.724480000000000       1.928081986895911E-002
  0.724560000000000       1.928302790630319E-002
  0.724640000000000       1.928523606761565E-002
  0.724720000000000       1.928744435320204E-002
  0.724800000000000       1.928965276285630E-002
  0.724880000000000       1.929186129725344E-002
  0.724960000000000       1.929406995516423E-002
  0.725040000000000       1.929627873739868E-002
  0.725120000000000       1.929848764391415E-002
  0.725200000000000       1.930069667387933E-002
  0.725280000000000       1.930290582847369E-002
  0.725360000000000       1.930511510665276E-002
  0.725440000000000       1.930732450920523E-002
  0.725520000000000       1.930953403566214E-002
  0.725600000000000       1.931174368603770E-002
  0.725680000000000       1.931395346058771E-002
  0.725760000000000       1.931616335899242E-002
  0.725840000000000       1.931837338071894E-002
  0.725920000000000       1.932058352670516E-002
  0.726000000000000       1.932279379684452E-002
  0.726080000000000       1.932500419054726E-002
  0.726160000000000       1.932721470794838E-002
  0.726240000000000       1.932942534920421E-002
  0.726320000000000       1.933163611414421E-002
  0.726400000000000       1.933384700314498E-002
  0.726480000000000       1.933605801563807E-002
  0.726560000000000       1.933826915159507E-002
  0.726640000000000       1.934048041176915E-002
  0.726720000000000       1.934269179525081E-002
  0.726800000000000       1.934490330240244E-002
  0.726880000000000       1.934711493335903E-002
  0.726960000000000       1.934932668763743E-002
  0.727040000000000       1.935153856559289E-002
  0.727120000000000       1.935375056702646E-002
  0.727200000000000       1.935596269239290E-002
  0.727280000000000       1.935817494080403E-002
  0.727360000000000       1.936038731272880E-002
  0.727440000000000       1.936259980820274E-002
  0.727520000000000       1.936481242719033E-002
  0.727600000000000       1.936702516956366E-002
  0.727680000000000       1.936923803519484E-002
  0.727760000000000       1.937145102421887E-002
  0.727840000000000       1.937366413668549E-002
  0.727920000000000       1.937587737256628E-002
  0.728000000000000       1.937809073168360E-002
  0.728080000000000       1.938030421424351E-002
  0.728160000000000       1.938251781957099E-002
  0.728240000000000       1.938473154868212E-002
  0.728320000000000       1.938694540071004E-002
  0.728400000000000       1.938915937601002E-002
  0.728480000000000       1.939137347453233E-002
  0.728560000000000       1.939358769611352E-002
  0.728640000000000       1.939580204078204E-002
  0.728720000000000       1.939801650879367E-002
  0.728800000000000       1.940023109968656E-002
  0.728880000000000       1.940244581408599E-002
  0.728960000000000       1.940466065104694E-002
  0.729040000000000       1.940687561121599E-002
  0.729120000000000       1.940909069415262E-002
  0.729200000000000       1.941130590024762E-002
  0.729280000000000       1.941352122925941E-002
  0.729360000000000       1.941573668164274E-002
  0.729440000000000       1.941795225640994E-002
  0.729520000000000       1.942016795425736E-002
  0.729600000000000       1.942238377511394E-002
  0.729680000000000       1.942459971846098E-002
  0.729760000000000       1.942681578456138E-002
  0.729840000000000       1.942903197390542E-002
  0.729920000000000       1.943124828592466E-002
  0.730000000000000       1.943346472074701E-002
  0.730080000000000       1.943568127815219E-002
  0.730160000000000       1.943789795850257E-002
  0.730240000000000       1.944011476122973E-002
  0.730320000000000       1.944233168684526E-002
  0.730400000000000       1.944454873511468E-002
  0.730480000000000       1.944676590579639E-002
  0.730560000000000       1.944898319928121E-002
  0.730640000000000       1.945120061534886E-002
  0.730720000000000       1.945341815384303E-002
  0.730800000000000       1.945563581513319E-002
  0.730880000000000       1.945785359886407E-002
  0.730960000000000       1.946007150500016E-002
  0.731040000000000       1.946228953398197E-002
  0.731120000000000       1.946450768464423E-002
  0.731200000000000       1.946672595842933E-002
  0.731280000000000       1.946894435435673E-002
  0.731360000000000       1.947116287302329E-002
  0.731440000000000       1.947338151371134E-002
  0.731520000000000       1.947560027654880E-002
  0.731600000000000       1.947781916189804E-002
  0.731680000000000       1.948003816984432E-002
  0.731760000000000       1.948225729966999E-002
  0.731840000000000       1.948447655176586E-002
  0.731920000000000       1.948669592643746E-002
  0.732000000000000       1.948891542332241E-002
  0.732080000000000       1.949113504222886E-002
  0.732160000000000       1.949335478332024E-002
  0.732240000000000       1.949557464656813E-002
  0.732320000000000       1.949779463181620E-002
  0.732400000000000       1.950001473938421E-002
  0.732480000000000       1.950223496908741E-002
  0.732560000000000       1.950445532043552E-002
  0.732640000000000       1.950667579447305E-002
  0.732720000000000       1.950889638975759E-002
  0.732800000000000       1.951111710780260E-002
  0.732880000000000       1.951333794761332E-002
  0.732960000000000       1.951555890914711E-002
  0.733040000000000       1.951777999283031E-002
  0.733120000000000       1.952000119824369E-002
  0.733200000000000       1.952222252529488E-002
  0.733280000000000       1.952444397460915E-002
  0.733360000000000       1.952666554551861E-002
  0.733440000000000       1.952888723851352E-002
  0.733520000000000       1.953110905341624E-002
  0.733600000000000       1.953333098958019E-002
  0.733680000000000       1.953555304809249E-002
  0.733760000000000       1.953777522780207E-002
  0.733840000000000       1.953999752972500E-002
  0.733920000000000       1.954221995320047E-002
  0.734000000000000       1.954444249800111E-002
  0.734080000000000       1.954666516462431E-002
  0.734160000000000       1.954888795309848E-002
  0.734240000000000       1.955111086313941E-002
  0.734320000000000       1.955333389437761E-002
  0.734400000000000       1.955555704758758E-002
  0.734480000000000       1.955778032210140E-002
  0.734560000000000       1.956000371829567E-002
  0.734640000000000       1.956222723605670E-002
  0.734720000000000       1.956445087519263E-002
  0.734800000000000       1.956667463567505E-002
  0.734880000000000       1.956889851742580E-002
  0.734960000000000       1.957112252062963E-002
  0.735040000000000       1.957334664558495E-002
  0.735120000000000       1.957557089182280E-002
  0.735200000000000       1.957779525908030E-002
  0.735280000000000       1.958001974798271E-002
  0.735360000000000       1.958224435801135E-002
  0.735440000000000       1.958446908947174E-002
  0.735520000000000       1.958669394210808E-002
  0.735600000000000       1.958891891601276E-002
  0.735680000000000       1.959114401095128E-002
  0.735760000000000       1.959336922717234E-002
  0.735840000000000       1.959559456466173E-002
  0.735920000000000       1.959782002300734E-002
  0.736000000000000       1.960004560260706E-002
  0.736080000000000       1.960227130338985E-002
  0.736160000000000       1.960449712526333E-002
  0.736240000000000       1.960672306823461E-002
  0.736320000000000       1.960894913211184E-002
  0.736400000000000       1.961117531707266E-002
  0.736480000000000       1.961340162291812E-002
  0.736560000000000       1.961562805001769E-002
  0.736640000000000       1.961785459766083E-002
  0.736720000000000       1.962008126655099E-002
  0.736800000000000       1.962230805616947E-002
  0.736880000000000       1.962453496672942E-002
  0.736960000000000       1.962676199821665E-002
  0.737040000000000       1.962898915024034E-002
  0.737120000000000       1.963121642341157E-002
  0.737200000000000       1.963344381728980E-002
  0.737280000000000       1.963567133180397E-002
  0.737360000000000       1.963789896689015E-002
  0.737440000000000       1.964012672311675E-002
  0.737520000000000       1.964235460000061E-002
  0.737600000000000       1.964458259737831E-002
  0.737680000000000       1.964681071575434E-002
  0.737760000000000       1.964903895443946E-002
  0.737840000000000       1.965126731352605E-002
  0.737920000000000       1.965349579361806E-002
  0.738000000000000       1.965572439416128E-002
  0.738080000000000       1.965795311522676E-002
  0.738160000000000       1.966018195702766E-002
  0.738240000000000       1.966241091892449E-002
  0.738320000000000       1.966464000151411E-002
  0.738400000000000       1.966686920466863E-002
  0.738480000000000       1.966909852810381E-002
  0.738560000000000       1.967132797187652E-002
  0.738640000000000       1.967355753624964E-002
  0.738720000000000       1.967578722104555E-002
  0.738800000000000       1.967801702600134E-002
  0.738880000000000       1.968024695120228E-002
  0.738960000000000       1.968247699711021E-002
  0.739040000000000       1.968470716304303E-002
  0.739120000000000       1.968693744902204E-002
  0.739200000000000       1.968916785570805E-002
  0.739280000000000       1.969139838228393E-002
  0.739360000000000       1.969362902921155E-002
  0.739440000000000       1.969585979595088E-002
  0.739520000000000       1.969809068305615E-002
  0.739600000000000       1.970032169047762E-002
  0.739680000000000       1.970255281803766E-002
  0.739760000000000       1.970478406540230E-002
  0.739840000000000       1.970701543326790E-002
  0.739920000000000       1.970924692065388E-002
