7.06959069E-01 1.87368208E-02
6.82297349E-01 1.80601861E-02
7.36334622E-01 1.95339969E-02
7.27877259E-01 1.93823708E-02
7.26542175E-01 1.93406835E-02
7.15782285E-01 1.90305364E-02
7.28683650E-01 1.93955666E-02
7.04685032E-01 1.87473186E-02
7.19062865E-01 1.91344057E-02
7.36906826E-01 1.96335574E-02
7.37906575E-01 1.96510206E-02
7.05640554E-01 1.87792032E-02
6.76899612E-01 1.79724940E-02
7.25448668E-01 1.93027620E-02
6.95971429E-01 1.85119296E-02
7.24949718E-01 1.93058873E-02
6.81111276E-01 1.80316212E-02
6.91310942E-01 1.83856517E-02
7.40673125E-01 1.97196483E-02
7.39041090E-01 1.96913618E-02
7.04858363E-01 1.87405503E-02
7.04219580E-01 1.87423869E-02
6.98946714E-01 1.85172585E-02
7.02581584E-01 1.86759925E-02
6.74557209E-01 1.79112037E-02
6.72946632E-01 1.78806117E-02
7.29401231E-01 1.94225349E-02
7.21920371E-01 1.92092911E-02
7.14824915E-01 1.90095710E-02
7.08851218E-01 1.87879728E-02
6.92851543E-01 1.84178498E-02
6.76132977E-01 1.79684239E-02
7.18943179E-01 1.91551286E-02
6.81971967E-01 1.81231110E-02
7.39790261E-01 1.97073228E-02
6.99093759E-01 1.85267328E-02
7.07418859E-01 1.88158052E-02
6.78224981E-01 1.80137625E-02
7.26514220E-01 1.93475246E-02
6.73220575E-01 1.78885776E-02
6.77042723E-01 1.79825696E-02
7.13453531E-01 1.89731751E-02
7.23190784E-01 1.91823033E-02
6.71919823E-01 1.78526472E-02
6.96311831E-01 1.85021638E-02
6.71289980E-01 1.78306686E-02
6.83330595E-01 1.81561578E-02
6.84423804E-01 1.81941667E-02
7.35793293E-01 1.95158380E-02
6.91769600E-01 1.83900533E-02
6.70890927E-01 1.78305449E-02
6.94329739E-01 1.84541273E-02
7.28006065E-01 1.93733960E-02
6.92780972E-01 1.84286909E-02
7.20028877E-01 1.91651614E-02
7.18148351E-01 1.91280591E-02
7.36586511E-01 1.96185808E-02
7.38379419E-01 1.96739826E-02
6.81837082E-01 1.81152824E-02
6.80377066E-01 1.80673104E-02
6.79531515E-01 1.80457144E-02
7.31711745E-01 1.94853858E-02
7.33778477E-01 1.94707710E-02
7.03520775E-01 1.86429787E-02
7.08754301E-01 1.87865929E-02
