  0.660000000000000       0.946309642617595     
  0.660080000000000       0.946399754044838     
  0.660160000000000       0.946489866373755     
  0.660240000000000       0.946579979603526     
  0.660320000000000       0.946670093733194     
  0.660400000000000       0.946760208762167     
  0.660480000000000       0.946850324689170     
  0.660560000000000       0.946940441513649     
  0.660640000000000       0.947030559234820     
  0.660720000000000       0.947120677851337     
  0.660800000000000       0.947210797362815     
  0.660880000000000       0.947300917768270     
  0.660960000000000       0.947391039066723     
  0.661040000000000       0.947481161257365     
  0.661120000000000       0.947571284339317     
  0.661200000000000       0.947661408311840     
  0.661280000000000       0.947751533174015     
  0.661360000000000       0.947841658924812     
  0.661440000000000       0.947931785563617     
  0.661520000000000       0.948021913089469     
  0.661600000000000       0.948112041501495     
  0.661680000000000       0.948202170798678     
  0.661760000000000       0.948292300980558     
  0.661840000000000       0.948382432045849     
  0.661920000000000       0.948472563993984     
  0.662000000000000       0.948562696823730     
  0.662080000000000       0.948652830534660     
  0.662160000000000       0.948742965125703     
  0.662240000000000       0.948833100596012     
  0.662320000000000       0.948923236944685     
  0.662400000000000       0.949013374170976     
  0.662480000000000       0.949103512273864     
  0.662560000000000       0.949193651252679     
  0.662640000000000       0.949283791106338     
  0.662720000000000       0.949373931834159     
  0.662800000000000       0.949464073435164     
  0.662880000000000       0.949554215908621     
  0.662960000000000       0.949644359253465     
  0.663040000000000       0.949734503468858     
  0.663120000000000       0.949824648554356     
  0.663200000000000       0.949914794508558     
  0.663280000000000       0.950004941330801     
  0.663360000000000       0.950095089020270     
  0.663440000000000       0.950185237576200     
  0.663520000000000       0.950275386997446     
  0.663600000000000       0.950365537283282     
  0.663680000000000       0.950455688432850     
  0.663760000000000       0.950545840445447     
  0.663840000000000       0.950635993319948     
  0.663920000000000       0.950726147055748     
  0.664000000000000       0.950816301651571     
  0.664080000000000       0.950906457106925     
  0.664160000000000       0.950996613420862     
  0.664240000000000       0.951086770592372     
  0.664320000000000       0.951176928620898     
  0.664400000000000       0.951267087505297     
  0.664480000000000       0.951357247244840     
  0.664560000000000       0.951447407838517     
  0.664640000000000       0.951537569285780     
  0.664720000000000       0.951627731585506     
  0.664800000000000       0.951717894736691     
  0.664880000000000       0.951808058738876     
  0.664960000000000       0.951898223590995     
  0.665040000000000       0.951988389292118     
  0.665120000000000       0.952078555841421     
  0.665200000000000       0.952168723238120     
  0.665280000000000       0.952258891481143     
  0.665360000000000       0.952349060569937     
  0.665440000000000       0.952439230503372     
  0.665520000000000       0.952529401280820     
  0.665600000000000       0.952619572901117     
  0.665680000000000       0.952709745363767     
  0.665760000000000       0.952799918667466     
  0.665840000000000       0.952890092811872     
  0.665920000000000       0.952980267795640     
  0.666000000000000       0.953070443618251     
  0.666080000000000       0.953160620278660     
  0.666160000000000       0.953250797776079     
  0.666240000000000       0.953340976109585     
  0.666320000000000       0.953431155278423     
  0.666400000000000       0.953521335281451     
  0.666480000000000       0.953611516118093     
  0.666560000000000       0.953701697787351     
  0.666640000000000       0.953791880288590     
  0.666720000000000       0.953882063620689     
  0.666800000000000       0.953972247782840     
  0.666880000000000       0.954062432774132     
  0.666960000000000       0.954152618593866     
  0.667040000000000       0.954242805240961     
  0.667120000000000       0.954332992714737     
  0.667200000000000       0.954423181014252     
  0.667280000000000       0.954513370138663     
  0.667360000000000       0.954603560087182     
  0.667440000000000       0.954693750858830     
  0.667520000000000       0.954783942452619     
  0.667600000000000       0.954874134868177     
  0.667680000000000       0.954964328104005     
  0.667760000000000       0.955054522159619     
  0.667840000000000       0.955144717034052     
  0.667920000000000       0.955234912726598     
  0.668000000000000       0.955325109236146     
  0.668080000000000       0.955415306561878     
  0.668160000000000       0.955505504703120     
  0.668240000000000       0.955595703658875     
  0.668320000000000       0.955685903428249     
  0.668400000000000       0.955776104010464     
  0.668480000000000       0.955866305404531     
  0.668560000000000       0.955956507609744     
  0.668640000000000       0.956046710625336     
  0.668720000000000       0.956136914450047     
  0.668800000000000       0.956227119083365     
  0.668880000000000       0.956317324524034     
  0.668960000000000       0.956407530771757     
  0.669040000000000       0.956497737825290     
  0.669120000000000       0.956587945683774     
  0.669200000000000       0.956678154346381     
  0.669280000000000       0.956768363812496     
  0.669360000000000       0.956858574080826     
  0.669440000000000       0.956948785150819     
  0.669520000000000       0.957038997021536     
  0.669600000000000       0.957129209692090     
  0.669680000000000       0.957219423161456     
  0.669760000000000       0.957309637429109     
  0.669840000000000       0.957399852494086     
  0.669920000000000       0.957490068355141     
  0.670000000000000       0.957580285011912     
  0.670080000000000       0.957670502463384     
  0.670160000000000       0.957760720708605     
  0.670240000000000       0.957850939746681     
  0.670320000000000       0.957941159576957     
  0.670400000000000       0.958031380198384     
  0.670480000000000       0.958121601610195     
  0.670560000000000       0.958211823811353     
  0.670640000000000       0.958302046801317     
  0.670720000000000       0.958392270578816     
  0.670800000000000       0.958482495143200     
  0.670880000000000       0.958572720493820     
  0.670960000000000       0.958662946629254     
  0.671040000000000       0.958753173549264     
  0.671120000000000       0.958843401252580     
  0.671200000000000       0.958933629738410     
  0.671280000000000       0.959023859005880     
  0.671360000000000       0.959114089054449     
  0.671440000000000       0.959204319882931     
  0.671520000000000       0.959294551490334     
  0.671600000000000       0.959384783876058     
  0.671680000000000       0.959475017039268     
  0.671760000000000       0.959565250978752     
  0.671840000000000       0.959655485694039     
  0.671920000000000       0.959745721183905     
  0.672000000000000       0.959835957447981     
  0.672080000000000       0.959926194484946     
  0.672160000000000       0.960016432294200     
  0.672240000000000       0.960106670874671     
  0.672320000000000       0.960196910225583     
  0.672400000000000       0.960287150346195     
  0.672480000000000       0.960377391235595     
  0.672560000000000       0.960467632892643     
  0.672640000000000       0.960557875316929     
  0.672720000000000       0.960648118507181     
  0.672800000000000       0.960738362462659     
  0.672880000000000       0.960828607182733     
  0.672960000000000       0.960918852666366     
  0.673040000000000       0.961009098912438     
  0.673120000000000       0.961099345920583     
  0.673200000000000       0.961189593689542     
  0.673280000000000       0.961279842218510     
  0.673360000000000       0.961370091506923     
  0.673440000000000       0.961460341553467     
  0.673520000000000       0.961550592357689     
  0.673600000000000       0.961640843918288     
  0.673680000000000       0.961731096234960     
  0.673760000000000       0.961821349306271     
  0.673840000000000       0.961911603131674     
  0.673920000000000       0.962001857710350     
  0.674000000000000       0.962092113041358     
  0.674080000000000       0.962182369123731     
  0.674160000000000       0.962272625956634     
  0.674240000000000       0.962362883539372     
  0.674320000000000       0.962453141870753     
  0.674400000000000       0.962543400950280     
  0.674480000000000       0.962633660776922     
  0.674560000000000       0.962723921349596     
  0.674640000000000       0.962814182667918     
  0.674720000000000       0.962904444730882     
  0.674800000000000       0.962994707537265     
  0.674880000000000       0.963084971086375     
  0.674960000000000       0.963175235377550     
  0.675040000000000       0.963265500409609     
  0.675120000000000       0.963355766182157     
  0.675200000000000       0.963446032694037     
  0.675280000000000       0.963536299944068     
  0.675360000000000       0.963626567932037     
  0.675440000000000       0.963716836656356     
  0.675520000000000       0.963807106116891     
  0.675600000000000       0.963897376312354     
  0.675680000000000       0.963987647241922     
  0.675760000000000       0.964077918904723     
  0.675840000000000       0.964168191300202     
  0.675920000000000       0.964258464426825     
  0.676000000000000       0.964348738284575     
  0.676080000000000       0.964439012871854     
  0.676160000000000       0.964529288188165     
  0.676240000000000       0.964619564232509     
  0.676320000000000       0.964709841004118     
  0.676400000000000       0.964800118502069     
  0.676480000000000       0.964890396725675     
  0.676560000000000       0.964980675673758     
  0.676640000000000       0.965070955345524     
  0.676720000000000       0.965161235740315     
  0.676800000000000       0.965251516857071     
  0.676880000000000       0.965341798695173     
  0.676960000000000       0.965432081253473     
  0.677040000000000       0.965522364531083     
  0.677120000000000       0.965612648527404     
  0.677200000000000       0.965702933241510     
  0.677280000000000       0.965793218672333     
  0.677360000000000       0.965883504819202     
  0.677440000000000       0.965973791681134     
  0.677520000000000       0.966064079257395     
  0.677600000000000       0.966154367546865     
  0.677680000000000       0.966244656549013     
  0.677760000000000       0.966334946262703     
  0.677840000000000       0.966425236687269     
  0.677920000000000       0.966515527821809     
  0.678000000000000       0.966605819665466     
  0.678080000000000       0.966696112217080     
  0.678160000000000       0.966786405476219     
  0.678240000000000       0.966876699441784     
  0.678320000000000       0.966966994112846     
  0.678400000000000       0.967057289488764     
  0.678480000000000       0.967147585568434     
  0.678560000000000       0.967237882351241     
  0.678640000000000       0.967328179836104     
  0.678720000000000       0.967418478022194     
  0.678800000000000       0.967508776908856     
  0.678880000000000       0.967599076494916     
  0.678960000000000       0.967689376779754     
  0.679040000000000       0.967779677762229     
  0.679120000000000       0.967869979441790     
  0.679200000000000       0.967960281817412     
  0.679280000000000       0.968050584888249     
  0.679360000000000       0.968140888653345     
  0.679440000000000       0.968231193111996     
  0.679520000000000       0.968321498263369     
  0.679600000000000       0.968411804106383     
  0.679680000000000       0.968502110640318     
  0.679760000000000       0.968592417864226     
  0.679840000000000       0.968682725777408     
  0.679920000000000       0.968773034378844     
  0.680000000000000       0.968863343667677     
  0.680080000000000       0.968953653643021     
  0.680160000000000       0.969043964304100     
  0.680240000000000       0.969134275649973     
  0.680320000000000       0.969224587679920     
  0.680400000000000       0.969314900392855     
  0.680480000000000       0.969405213788116     
  0.680560000000000       0.969495527864583     
  0.680640000000000       0.969585842621707     
  0.680720000000000       0.969676158058498     
  0.680800000000000       0.969766474173835     
  0.680880000000000       0.969856790967376     
  0.680960000000000       0.969947108437602     
  0.681040000000000       0.970037426584502     
  0.681120000000000       0.970127745406253     
  0.681200000000000       0.970218064902670     
  0.681280000000000       0.970308385072583     
  0.681360000000000       0.970398705915212     
  0.681440000000000       0.970489027429815     
  0.681520000000000       0.970579349615305     
  0.681600000000000       0.970669672470986     
  0.681680000000000       0.970759995995722     
  0.681760000000000       0.970850320188982     
  0.681840000000000       0.970940645049779     
  0.681920000000000       0.971030970577217     
  0.682000000000000       0.971121296770268     
  0.682080000000000       0.971211623628362     
  0.682160000000000       0.971301951150648     
  0.682240000000000       0.971392279336021     
  0.682320000000000       0.971482608183656     
  0.682400000000000       0.971572937692904     
  0.682480000000000       0.971663267862661     
  0.682560000000000       0.971753598692121     
  0.682640000000000       0.971843930180445     
  0.682720000000000       0.971934262326789     
  0.682800000000000       0.972024595130111     
  0.682880000000000       0.972114928589906     
  0.682960000000000       0.972205262705000     
  0.683040000000000       0.972295597474663     
  0.683120000000000       0.972385932898038     
  0.683200000000000       0.972476268974007     
  0.683280000000000       0.972566605702171     
  0.683360000000000       0.972656943081255     
  0.683440000000000       0.972747281110470     
  0.683520000000000       0.972837619789276     
  0.683600000000000       0.972927959116274     
  0.683680000000000       0.973018299091079     
  0.683760000000000       0.973108639712390     
  0.683840000000000       0.973198980979844     
  0.683920000000000       0.973289322892281     
  0.684000000000000       0.973379665448679     
  0.684080000000000       0.973470008648485     
  0.684160000000000       0.973560352490743     
  0.684240000000000       0.973650696974462     
  0.684320000000000       0.973741042098848     
  0.684400000000000       0.973831387862987     
  0.684480000000000       0.973921734266102     
  0.684560000000000       0.974012081307392     
  0.684640000000000       0.974102428985852     
  0.684720000000000       0.974192777300571     
  0.684800000000000       0.974283126250796     
  0.684880000000000       0.974373475835754     
  0.684960000000000       0.974463826054373     
  0.685040000000000       0.974554176905978     
  0.685120000000000       0.974644528389418     
  0.685200000000000       0.974734880504166     
  0.685280000000000       0.974825233249097     
  0.685360000000000       0.974915586623488     
  0.685440000000000       0.975005940626497     
  0.685520000000000       0.975096295257096     
  0.685600000000000       0.975186650514525     
  0.685680000000000       0.975277006397993     
  0.685760000000000       0.975367362906356     
  0.685840000000000       0.975457720039101     
  0.685920000000000       0.975548077795263     
  0.686000000000000       0.975638436173551     
  0.686080000000000       0.975728795173952     
  0.686160000000000       0.975819154794928     
  0.686240000000000       0.975909515035805     
  0.686320000000000       0.975999875895464     
  0.686400000000000       0.976090237373500     
  0.686480000000000       0.976180599468737     
  0.686560000000000       0.976270962180506     
  0.686640000000000       0.976361325507838     
  0.686720000000000       0.976451689449651     
  0.686800000000000       0.976542054005582     
  0.686880000000000       0.976632419174327     
  0.686960000000000       0.976722784955130     
  0.687040000000000       0.976813151347332     
  0.687120000000000       0.976903518349643     
  0.687200000000000       0.976993885961593     
  0.687280000000000       0.977084254182224     
  0.687360000000000       0.977174623010522     
  0.687440000000000       0.977264992445688     
  0.687520000000000       0.977355362486861     
  0.687600000000000       0.977445733133320     
  0.687680000000000       0.977536104384083     
  0.687760000000000       0.977626476238223     
  0.687840000000000       0.977716848694957     
  0.687920000000000       0.977807221753389     
  0.688000000000000       0.977897595412518     
  0.688080000000000       0.977987969671753     
  0.688160000000000       0.978078344529992     
  0.688240000000000       0.978168719986505     
  0.688320000000000       0.978259096040487     
  0.688400000000000       0.978349472690798     
  0.688480000000000       0.978439849936871     
  0.688560000000000       0.978530227777674     
  0.688640000000000       0.978620606212237     
  0.688720000000000       0.978710985240089     
  0.688800000000000       0.978801364859816     
  0.688880000000000       0.978891745071083     
  0.688960000000000       0.978982125872550     
  0.689040000000000       0.979072507263821     
  0.689120000000000       0.979162889243803     
  0.689200000000000       0.979253271811372     
  0.689280000000000       0.979343654966110     
  0.689360000000000       0.979434038706847     
  0.689440000000000       0.979524423032821     
  0.689520000000000       0.979614807943181     
  0.689600000000000       0.979705193436999     
  0.689680000000000       0.979795579513515     
  0.689760000000000       0.979885966171852     
  0.689840000000000       0.979976353411007     
  0.689920000000000       0.980066741230176     
  0.690000000000000       0.980157129628539     
  0.690080000000000       0.980247518605262     
  0.690160000000000       0.980337908159357     
  0.690240000000000       0.980428298289996     
  0.690320000000000       0.980518688996406     
  0.690400000000000       0.980609080277563     
  0.690480000000000       0.980699472132697     
  0.690560000000000       0.980789864561054     
  0.690640000000000       0.980880257561580     
  0.690720000000000       0.980970651133388     
  0.690800000000000       0.981061045275825     
  0.690880000000000       0.981151439987787     
  0.690960000000000       0.981241835268429     
  0.691040000000000       0.981332231117299     
  0.691120000000000       0.981422627532877     
  0.691200000000000       0.981513024514643     
  0.691280000000000       0.981603422061903     
  0.691360000000000       0.981693820173439     
  0.691440000000000       0.981784218848631     
  0.691520000000000       0.981874618086441     
  0.691600000000000       0.981965017886165     
  0.691680000000000       0.982055418246695     
  0.691760000000000       0.982145819167421     
  0.691840000000000       0.982236220647593     
  0.691920000000000       0.982326622685743     
  0.692000000000000       0.982417025281608     
  0.692080000000000       0.982507428434186     
  0.692160000000000       0.982597832142328     
  0.692240000000000       0.982688236405445     
  0.692320000000000       0.982778641222601     
  0.692400000000000       0.982869046592848     
  0.692480000000000       0.982959452515497     
  0.692560000000000       0.983049858989502     
  0.692640000000000       0.983140266014128     
  0.692720000000000       0.983230673588450     
  0.692800000000000       0.983321081711503     
  0.692880000000000       0.983411490382552     
  0.692960000000000       0.983501899600912     
  0.693040000000000       0.983592309365206     
  0.693120000000000       0.983682719675002     
  0.693200000000000       0.983773130529204     
  0.693280000000000       0.983863541927147     
  0.693360000000000       0.983953953867780     
  0.693440000000000       0.984044366350237     
  0.693520000000000       0.984134779373889     
  0.693600000000000       0.984225192937533     
  0.693680000000000       0.984315607040627     
  0.693760000000000       0.984406021681943     
  0.693840000000000       0.984496436860916     
  0.693920000000000       0.984586852576566     
  0.694000000000000       0.984677268828054     
  0.694080000000000       0.984767685614512     
  0.694160000000000       0.984858102935022     
  0.694240000000000       0.984948520788797     
  0.694320000000000       0.985038939174853     
  0.694400000000000       0.985129358092503     
  0.694480000000000       0.985219777540738     
  0.694560000000000       0.985310197518679     
  0.694640000000000       0.985400618025380     
  0.694720000000000       0.985491039060284     
  0.694800000000000       0.985581460622361     
  0.694880000000000       0.985671882710674     
  0.694960000000000       0.985762305324346     
  0.695040000000000       0.985852728462606     
  0.695120000000000       0.985943152124557     
  0.695200000000000       0.986033576309226     
  0.695280000000000       0.986124001015960     
  0.695360000000000       0.986214426243849     
  0.695440000000000       0.986304851991790     
  0.695520000000000       0.986395278259014     
  0.695600000000000       0.986485705044910     
  0.695680000000000       0.986576132348289     
  0.695760000000000       0.986666560168501     
  0.695840000000000       0.986756988504598     
  0.695920000000000       0.986847417355541     
  0.696000000000000       0.986937846720687     
  0.696080000000000       0.987028276599236     
  0.696160000000000       0.987118706990005     
  0.696240000000000       0.987209137892514     
  0.696320000000000       0.987299569305647     
  0.696400000000000       0.987390001228470     
  0.696480000000000       0.987480433660423     
  0.696560000000000       0.987570866600297     
  0.696640000000000       0.987661300047300     
  0.696720000000000       0.987751734000719     
  0.696800000000000       0.987842168459643     
  0.696880000000000       0.987932603423191     
  0.696960000000000       0.988023038890456     
  0.697040000000000       0.988113474860463     
  0.697120000000000       0.988203911332592     
  0.697200000000000       0.988294348305937     
  0.697280000000000       0.988384785779390     
  0.697360000000000       0.988475223752235     
  0.697440000000000       0.988565662223757     
  0.697520000000000       0.988656101192724     
  0.697600000000000       0.988746540658711     
  0.697680000000000       0.988836980620423     
  0.697760000000000       0.988927421077260     
  0.697840000000000       0.989017862028325     
  0.697920000000000       0.989108303472705     
  0.698000000000000       0.989198745409453     
  0.698080000000000       0.989289187837870     
  0.698160000000000       0.989379630757060     
  0.698240000000000       0.989470074166170     
  0.698320000000000       0.989560518064247     
  0.698400000000000       0.989650962450212     
  0.698480000000000       0.989741407323622     
  0.698560000000000       0.989831852683370     
  0.698640000000000       0.989922298528569     
  0.698720000000000       0.990012744858553     
  0.698800000000000       0.990103191672115     
  0.698880000000000       0.990193638968739     
  0.698960000000000       0.990284086747428     
  0.699040000000000       0.990374535007163     
  0.699120000000000       0.990464983747309     
  0.699200000000000       0.990555432966791     
  0.699280000000000       0.990645882665116     
  0.699360000000000       0.990736332840912     
  0.699440000000000       0.990826783493596     
  0.699520000000000       0.990917234622317     
  0.699600000000000       0.991007686226029     
  0.699680000000000       0.991098138304025     
  0.699760000000000       0.991188590855402     
  0.699840000000000       0.991279043879291     
  0.699920000000000       0.991369497374809     
  0.700000000000000       0.991459951341067     
  0.700080000000000       0.991550405777233     
  0.700160000000000       0.991640860682541     
  0.700240000000000       0.991731316055888     
  0.700320000000000       0.991821771896495     
  0.700400000000000       0.991912228203565     
  0.700480000000000       0.992002684976310     
  0.700560000000000       0.992093142213625     
  0.700640000000000       0.992183599914743     
  0.700720000000000       0.992274058079001     
  0.700800000000000       0.992364516705048     
  0.700880000000000       0.992454975792651     
  0.700960000000000       0.992545435340356     
  0.701040000000000       0.992635895347659     
  0.701120000000000       0.992726355813590     
  0.701200000000000       0.992816816737266     
  0.701280000000000       0.992907278117798     
  0.701360000000000       0.992997739954254     
  0.701440000000000       0.993088202246010     
  0.701520000000000       0.993178664991872     
  0.701600000000000       0.993269128191275     
  0.701680000000000       0.993359591843294     
  0.701760000000000       0.993450055946912     
  0.701840000000000       0.993540520501284     
  0.701920000000000       0.993630985505622     
  0.702000000000000       0.993721450959063     
  0.702080000000000       0.993811916860672     
  0.702160000000000       0.993902383209560     
  0.702240000000000       0.993992850005079     
  0.702320000000000       0.994083317246053     
  0.702400000000000       0.994173784931912     
  0.702480000000000       0.994264253061523     
  0.702560000000000       0.994354721634089     
  0.702640000000000       0.994445190648928     
  0.702720000000000       0.994535660105004     
  0.702800000000000       0.994626130001351     
  0.702880000000000       0.994716600337346     
  0.702960000000000       0.994807071111891     
  0.703040000000000       0.994897542324219     
  0.703120000000000       0.994988013973568     
  0.703200000000000       0.995078486059019     
  0.703280000000000       0.995168958579449     
  0.703360000000000       0.995259431534367     
  0.703440000000000       0.995349904922522     
  0.703520000000000       0.995440378743552     
  0.703600000000000       0.995530852996120     
  0.703680000000000       0.995621327679665     
  0.703760000000000       0.995711802792993     
  0.703840000000000       0.995802278335607     
  0.703920000000000       0.995892754306322     
  0.704000000000000       0.995983230704667     
  0.704080000000000       0.996073707529068     
  0.704160000000000       0.996164184779471     
  0.704240000000000       0.996254662454441     
  0.704320000000000       0.996345140553506     
  0.704400000000000       0.996435619075374     
  0.704480000000000       0.996526098019596     
  0.704560000000000       0.996616577385061     
  0.704640000000000       0.996707057170932     
  0.704720000000000       0.996797537376472     
  0.704800000000000       0.996888018000576     
  0.704880000000000       0.996978499042515     
  0.704960000000000       0.997068980501540     
  0.705040000000000       0.997159462376546     
  0.705120000000000       0.997249944666800     
  0.705200000000000       0.997340427371362     
  0.705280000000000       0.997430910489427     
  0.705360000000000       0.997521394020049     
  0.705440000000000       0.997611877962554     
  0.705520000000000       0.997702362315928     
  0.705600000000000       0.997792847079136     
  0.705680000000000       0.997883332251619     
  0.705760000000000       0.997973817832577     
  0.705840000000000       0.998064303820613     
  0.705920000000000       0.998154790215210     
  0.706000000000000       0.998245277015537     
  0.706080000000000       0.998335764220747     
  0.706160000000000       0.998426251829777     
  0.706240000000000       0.998516739842028     
  0.706320000000000       0.998607228256247     
  0.706400000000000       0.998697717072149     
  0.706480000000000       0.998788206288217     
  0.706560000000000       0.998878695903948     
  0.706640000000000       0.998969185918435     
  0.706720000000000       0.999059676330854     
  0.706800000000000       0.999150167140132     
  0.706880000000000       0.999240658345576     
  0.706960000000000       0.999331149946244     
  0.707040000000000       0.999421641941317     
  0.707120000000000       0.999512134329846     
  0.707200000000000       0.999602627111182     
  0.707280000000000       0.999693120284199     
  0.707360000000000       0.999783613848165     
  0.707440000000000       0.999874107802137     
  0.707520000000000       0.999964602145126     
  0.707600000000000        1.00005509687677     
  0.707680000000000        1.00014559199554     
  0.707760000000000        1.00023608750097     
  0.707840000000000        1.00032658339217     
  0.707920000000000        1.00041707966817     
  0.708000000000000        1.00050757632828     
  0.708080000000000        1.00059807337116     
  0.708160000000000        1.00068857079643     
  0.708240000000000        1.00077906860311     
  0.708320000000000        1.00086956679018     
  0.708400000000000        1.00096006535702     
  0.708480000000000        1.00105056430251     
  0.708560000000000        1.00114106362596     
  0.708640000000000        1.00123156332625     
  0.708720000000000        1.00132206340282     
  0.708800000000000        1.00141256385476     
  0.708880000000000        1.00150306468092     
  0.708960000000000        1.00159356588071     
  0.709040000000000        1.00168406745315     
  0.709120000000000        1.00177456939740     
  0.709200000000000        1.00186507171275     
  0.709280000000000        1.00195557439801     
  0.709360000000000        1.00204607745246     
  0.709440000000000        1.00213658087528     
  0.709520000000000        1.00222708466557     
  0.709600000000000        1.00231758882241     
  0.709680000000000        1.00240809334507     
  0.709760000000000        1.00249859823257     
  0.709840000000000        1.00258910348387     
  0.709920000000000        1.00267960909855     
  0.710000000000000        1.00277011507551     
  0.710080000000000        1.00286062141373     
  0.710160000000000        1.00295112811240     
  0.710240000000000        1.00304163517063     
  0.710320000000000        1.00313214258799     
  0.710400000000000        1.00322265036303     
  0.710480000000000        1.00331315849515     
  0.710560000000000        1.00340366698341     
  0.710640000000000        1.00349417582708     
  0.710720000000000        1.00358468502503     
  0.710800000000000        1.00367519457679     
  0.710880000000000        1.00376570448101     
  0.710960000000000        1.00385621473722     
  0.711040000000000        1.00394672534423     
  0.711120000000000        1.00403723630147     
  0.711200000000000        1.00412774760799     
  0.711280000000000        1.00421825926273     
  0.711360000000000        1.00430877126500     
  0.711440000000000        1.00439928361384     
  0.711520000000000        1.00448979630852     
  0.711600000000000        1.00458030934804     
  0.711680000000000        1.00467082273148     
  0.711760000000000        1.00476133645831     
  0.711840000000000        1.00485185052719     
  0.711920000000000        1.00494236493764     
  0.712000000000000        1.00503287968850     
  0.712080000000000        1.00512339477906     
  0.712160000000000        1.00521391020857     
  0.712240000000000        1.00530442597585     
  0.712320000000000        1.00539494208027     
  0.712400000000000        1.00548545852074     
  0.712480000000000        1.00557597529674     
  0.712560000000000        1.00566649240718     
  0.712640000000000        1.00575700985107     
  0.712720000000000        1.00584752762785     
  0.712800000000000        1.00593804573644     
  0.712880000000000        1.00602856417580     
  0.712960000000000        1.00611908294568     
  0.713040000000000        1.00620960204438     
  0.713120000000000        1.00630012147182     
  0.713200000000000        1.00639064122654     
  0.713280000000000        1.00648116130799     
  0.713360000000000        1.00657168171527     
  0.713440000000000        1.00666220244737     
  0.713520000000000        1.00675272350344     
  0.713600000000000        1.00684324488277     
  0.713680000000000        1.00693376658441     
  0.713760000000000        1.00702428860745     
  0.713840000000000        1.00711481095108     
  0.713920000000000        1.00720533361436     
  0.714000000000000        1.00729585659642     
  0.714080000000000        1.00738637989648     
  0.714160000000000        1.00747690351379     
  0.714240000000000        1.00756742744712     
  0.714320000000000        1.00765795169583     
  0.714400000000000        1.00774847625902     
  0.714480000000000        1.00783900113579     
  0.714560000000000        1.00792952632546     
  0.714640000000000        1.00802005182685     
  0.714720000000000        1.00811057763932     
  0.714800000000000        1.00820110376199     
  0.714880000000000        1.00829163019370     
  0.714960000000000        1.00838215693392     
  0.715040000000000        1.00847268398174     
  0.715120000000000        1.00856321133622     
  0.715200000000000        1.00865373899640     
  0.715280000000000        1.00874426696138     
  0.715360000000000        1.00883479523071     
  0.715440000000000        1.00892532380323     
  0.715520000000000        1.00901585267789     
  0.715600000000000        1.00910638185407     
  0.715680000000000        1.00919691133086     
  0.715760000000000        1.00928744110712     
  0.715840000000000        1.00937797118240     
  0.715920000000000        1.00946850155583     
  0.716000000000000        1.00955903222611     
  0.716080000000000        1.00964956319260     
  0.716160000000000        1.00974009445451     
  0.716240000000000        1.00983062601107     
  0.716320000000000        1.00992115786120     
  0.716400000000000        1.01001169000405     
  0.716480000000000        1.01010222243878     
  0.716560000000000        1.01019275516456     
  0.716640000000000        1.01028328818048     
  0.716720000000000        1.01037382148575     
  0.716800000000000        1.01046435507935     
  0.716880000000000        1.01055488896058     
  0.716960000000000        1.01064542312843     
  0.717040000000000        1.01073595758201     
  0.717120000000000        1.01082649232064     
  0.717200000000000        1.01091702734331     
  0.717280000000000        1.01100756264914     
  0.717360000000000        1.01109809823730     
  0.717440000000000        1.01118863410703     
  0.717520000000000        1.01127917025734     
  0.717600000000000        1.01136970668719     
  0.717680000000000        1.01146024339597     
  0.717760000000000        1.01155078038283     
  0.717840000000000        1.01164131764683     
  0.717920000000000        1.01173185518708     
  0.718000000000000        1.01182239300264     
  0.718080000000000        1.01191293109277     
  0.718160000000000        1.01200346945647     
  0.718240000000000        1.01209400809286     
  0.718320000000000        1.01218454700131     
  0.718400000000000        1.01227508618079     
  0.718480000000000        1.01236562563044     
  0.718560000000000        1.01245616534931     
  0.718640000000000        1.01254670533678     
  0.718720000000000        1.01263724559157     
  0.718800000000000        1.01272778611326     
  0.718880000000000        1.01281832690073     
  0.718960000000000        1.01290886795305     
  0.719040000000000        1.01299940926949     
  0.719120000000000        1.01308995084922     
  0.719200000000000        1.01318049269106     
  0.719280000000000        1.01327103479456     
  0.719360000000000        1.01336157715876     
  0.719440000000000        1.01345211978267     
  0.719520000000000        1.01354266266542     
  0.719600000000000        1.01363320580609     
  0.719680000000000        1.01372374920402     
  0.719760000000000        1.01381429285804     
  0.719840000000000        1.01390483676752     
  0.719920000000000        1.01399538093161     
  0.720000000000000        1.01408592534936     
  0.720080000000000        1.01417647001981     
  0.720160000000000        1.01426701494212     
  0.720240000000000        1.01435756011564     
  0.720320000000000        1.01444810553926     
  0.720400000000000        1.01453865121231     
  0.720480000000000        1.01462919713368     
  0.720560000000000        1.01471974330253     
  0.720640000000000        1.01481028971832     
  0.720720000000000        1.01490083637981     
  0.720800000000000        1.01499138328617     
  0.720880000000000        1.01508193043675     
  0.720960000000000        1.01517247783057     
  0.721040000000000        1.01526302546678     
  0.721120000000000        1.01535357334434     
  0.721200000000000        1.01544412146256     
  0.721280000000000        1.01553466982057     
  0.721360000000000        1.01562521841744     
  0.721440000000000        1.01571576725244     
  0.721520000000000        1.01580631632435     
  0.721600000000000        1.01589686563277     
  0.721680000000000        1.01598741517637     
  0.721760000000000        1.01607796495472     
  0.721840000000000        1.01616851496659     
  0.721920000000000        1.01625906521133     
  0.722000000000000        1.01634961568794     
  0.722080000000000        1.01644016639573     
  0.722160000000000        1.01653071733363     
  0.722240000000000        1.01662126850090     
  0.722320000000000        1.01671181989667     
  0.722400000000000        1.01680237151981     
  0.722480000000000        1.01689292336978     
  0.722560000000000        1.01698347544555     
  0.722640000000000        1.01707402774643     
  0.722720000000000        1.01716458027143     
  0.722800000000000        1.01725513301956     
  0.722880000000000        1.01734568599002     
  0.722960000000000        1.01743623918207     
  0.723040000000000        1.01752679259466     
  0.723120000000000        1.01761734622705     
  0.723200000000000        1.01770790007845     
  0.723280000000000        1.01779845414758     
  0.723360000000000        1.01788900843408     
  0.723440000000000        1.01797956293691     
  0.723520000000000        1.01807011765498     
  0.723600000000000        1.01816067258782     
  0.723680000000000        1.01825122773416     
  0.723760000000000        1.01834178309323     
  0.723840000000000        1.01843233866450     
  0.723920000000000        1.01852289444675     
  0.724000000000000        1.01861345043915     
  0.724080000000000        1.01870400664082     
  0.724160000000000        1.01879456305101     
  0.724240000000000        1.01888511966876     
  0.724320000000000        1.01897567649338     
  0.724400000000000        1.01906623352380     
  0.724480000000000        1.01915679075907     
  0.724560000000000        1.01924734819843     
  0.724640000000000        1.01933790584119     
  0.724720000000000        1.01942846368627     
  0.724800000000000        1.01951902173305     
  0.724880000000000        1.01960957998015     
  0.724960000000000        1.01970013842724     
  0.725040000000000        1.01979069707303     
  0.725120000000000        1.01988125591703     
  0.725200000000000        1.01997181495813     
  0.725280000000000        1.02006237419547     
  0.725360000000000        1.02015293362821     
  0.725440000000000        1.02024349325563     
  0.725520000000000        1.02033405307666     
  0.725600000000000        1.02042461309054     
  0.725680000000000        1.02051517329637     
  0.725760000000000        1.02060573369319     
  0.725840000000000        1.02069629428036     
  0.725920000000000        1.02078685505661     
  0.726000000000000        1.02087741602159     
  0.726080000000000        1.02096797717419     
  0.726160000000000        1.02105853851328     
  0.726240000000000        1.02114910003822     
  0.726320000000000        1.02123966174847     
  0.726400000000000        1.02133022364267     
  0.726480000000000        1.02142078572012     
  0.726560000000000        1.02151134797988     
  0.726640000000000        1.02160191042131     
  0.726720000000000        1.02169247304331     
  0.726800000000000        1.02178303584506     
  0.726880000000000        1.02187359882567     
  0.726960000000000        1.02196416198440     
  0.727040000000000        1.02205472532032     
  0.727120000000000        1.02214528883257     
  0.727200000000000        1.02223585252006     
  0.727280000000000        1.02232641638224     
  0.727360000000000        1.02241698041804     
  0.727440000000000        1.02250754462671     
  0.727520000000000        1.02259810900735     
  0.727600000000000        1.02268867355915     
  0.727680000000000        1.02277923828093     
  0.727760000000000        1.02286980317220     
  0.727840000000000        1.02296036823191     
  0.727920000000000        1.02305093345933     
  0.728000000000000        1.02314149885345     
  0.728080000000000        1.02323206441328     
  0.728160000000000        1.02332263013826     
  0.728240000000000        1.02341319602716     
  0.728320000000000        1.02350376207955     
  0.728400000000000        1.02359432829432     
  0.728480000000000        1.02368489467052     
  0.728560000000000        1.02377546120748     
  0.728640000000000        1.02386602790420     
  0.728720000000000        1.02395659475964     
  0.728800000000000        1.02404716177319     
  0.728880000000000        1.02413772894409     
  0.728960000000000        1.02422829627127     
  0.729040000000000        1.02431886375370     
  0.729120000000000        1.02440943139071     
  0.729200000000000        1.02449999918146     
  0.729280000000000        1.02459056712521     
  0.729360000000000        1.02468113522061     
  0.729440000000000        1.02477170346736     
  0.729520000000000        1.02486227186427     
  0.729600000000000        1.02495284041043     
  0.729680000000000        1.02504340910508     
  0.729760000000000        1.02513397794730     
  0.729840000000000        1.02522454693630     
  0.729920000000000        1.02531511607135     
  0.730000000000000        1.02540568535119     
  0.730080000000000        1.02549625477533     
  0.730160000000000        1.02558682434250     
  0.730240000000000        1.02567739405230     
  0.730320000000000        1.02576796390344     
  0.730400000000000        1.02585853389531     
  0.730480000000000        1.02594910402692     
  0.730560000000000        1.02603967429748     
  0.730640000000000        1.02613024470615     
  0.730720000000000        1.02622081525196     
  0.730800000000000        1.02631138593399     
  0.730880000000000        1.02640195675152     
  0.730960000000000        1.02649252770356     
  0.731040000000000        1.02658309878957     
  0.731120000000000        1.02667367000807     
  0.731200000000000        1.02676424135863     
  0.731280000000000        1.02685481284040     
  0.731360000000000        1.02694538445215     
  0.731440000000000        1.02703595619352     
  0.731520000000000        1.02712652806323     
  0.731600000000000        1.02721710006054     
  0.731680000000000        1.02730767218454     
  0.731760000000000        1.02739824443457     
  0.731840000000000        1.02748881680960     
  0.731920000000000        1.02757938930868     
  0.732000000000000        1.02766996193102     
  0.732080000000000        1.02776053467567     
  0.732160000000000        1.02785110754201     
  0.732240000000000        1.02794168052898     
  0.732320000000000        1.02803225363561     
  0.732400000000000        1.02812282686135     
  0.732480000000000        1.02821340020501     
  0.732560000000000        1.02830397366585     
  0.732640000000000        1.02839454724309     
  0.732720000000000        1.02848512093574     
  0.732800000000000        1.02857569474291     
  0.732880000000000        1.02866626866383     
  0.732960000000000        1.02875684269756     
  0.733040000000000        1.02884741684320     
  0.733120000000000        1.02893799110001     
  0.733200000000000        1.02902856546707     
  0.733280000000000        1.02911913994326     
  0.733360000000000        1.02920971452819     
  0.733440000000000        1.02930028922062     
  0.733520000000000        1.02939086401993     
  0.733600000000000        1.02948143892504     
  0.733680000000000        1.02957201393498     
  0.733760000000000        1.02966258904925     
  0.733840000000000        1.02975316426672     
  0.733920000000000        1.02984373958661     
  0.734000000000000        1.02993431500804     
  0.734080000000000        1.03002489053012     
  0.734160000000000        1.03011546615190     
  0.734240000000000        1.03020604187271     
  0.734320000000000        1.03029661769153     
  0.734400000000000        1.03038719360753     
  0.734480000000000        1.03047776961989     
  0.734560000000000        1.03056834572765     
  0.734640000000000        1.03065892193015     
  0.734720000000000        1.03074949822594     
  0.734800000000000        1.03084007461491     
  0.734880000000000        1.03093065109572     
  0.734960000000000        1.03102122766755     
  0.735040000000000        1.03111180432995     
  0.735120000000000        1.03120238108116     
  0.735200000000000        1.03129295792118     
  0.735280000000000        1.03138353484889     
  0.735360000000000        1.03147411186320     
  0.735440000000000        1.03156468896347     
  0.735520000000000        1.03165526614874     
  0.735600000000000        1.03174584341816     
  0.735680000000000        1.03183642077071     
  0.735760000000000        1.03192699820581     
  0.735840000000000        1.03201757572234     
  0.735920000000000        1.03210815331955     
  0.736000000000000        1.03219873099667     
  0.736080000000000        1.03228930875257     
  0.736160000000000        1.03237988658654     
  0.736240000000000        1.03247046449779     
  0.736320000000000        1.03256104248518     
  0.736400000000000        1.03265162054819     
  0.736480000000000        1.03274219868562     
  0.736560000000000        1.03283277689695     
  0.736640000000000        1.03292335518099     
  0.736720000000000        1.03301393353698     
  0.736800000000000        1.03310451196408     
  0.736880000000000        1.03319509046143     
  0.736960000000000        1.03328566902812     
  0.737040000000000        1.03337624766333     
  0.737120000000000        1.03346682636611     
  0.737200000000000        1.03355740513568     
  0.737280000000000        1.03364798397102     
  0.737360000000000        1.03373856287145     
  0.737440000000000        1.03382914183601     
  0.737520000000000        1.03391972086404     
  0.737600000000000        1.03401029995420     
  0.737680000000000        1.03410087910598     
  0.737760000000000        1.03419145831839     
  0.737840000000000        1.03428203759062     
  0.737920000000000        1.03437261692182     
  0.738000000000000        1.03446319631112     
  0.738080000000000        1.03455377575726     
  0.738160000000000        1.03464435526002     
  0.738240000000000        1.03473493481805     
  0.738320000000000        1.03482551443086     
  0.738400000000000        1.03491609409728     
  0.738480000000000        1.03500667381655     
  0.738560000000000        1.03509725358771     
  0.738640000000000        1.03518783341001     
  0.738720000000000        1.03527841328256     
  0.738800000000000        1.03536899320449     
  0.738880000000000        1.03545957317492     
  0.738960000000000        1.03555015319287     
  0.739040000000000        1.03564073325762     
  0.739120000000000        1.03573131336828     
  0.739200000000000        1.03582189352387     
  0.739280000000000        1.03591247372369     
  0.739360000000000        1.03600305396672     
  0.739440000000000        1.03609363425216     
  0.739520000000000        1.03618421457914     
  0.739600000000000        1.03627479494677     
  0.739680000000000        1.03636537535427     
  0.739760000000000        1.03645595580065     
  0.739840000000000        1.03654653628501     
  0.739920000000000        1.03663711680655     
