  0.660000000000000       8.648954775542957E-003
  0.660080000000000       8.649124635743528E-003
  0.660160000000000       8.649294525971636E-003
  0.660240000000000       8.649464446170436E-003
  0.660320000000000       8.649634396709412E-003
  0.660400000000000       8.649804377574351E-003
  0.660480000000000       8.649974388111555E-003
  0.660560000000000       8.650144429003144E-003
  0.660640000000000       8.650314500561758E-003
  0.660720000000000       8.650484601337889E-003
  0.660800000000000       8.650654732979997E-003
  0.660880000000000       8.650824894479110E-003
  0.660960000000000       8.650995086488929E-003
  0.661040000000000       8.651165308099958E-003
  0.661120000000000       8.651335560235902E-003
  0.661200000000000       8.651505842271486E-003
  0.661280000000000       8.651676154817774E-003
  0.661360000000000       8.651846497235278E-003
  0.661440000000000       8.652016869566632E-003
  0.661520000000000       8.652187272891861E-003
  0.661600000000000       8.652357705519871E-003
  0.661680000000000       8.652528168729641E-003
  0.661760000000000       8.652698661753784E-003
  0.661840000000000       8.652869184777041E-003
  0.661920000000000       8.653039738268371E-003
  0.662000000000000       8.653210321900924E-003
  0.662080000000000       8.653380935845230E-003
  0.662160000000000       8.653551579419168E-003
  0.662240000000000       8.653722253134329E-003
  0.662320000000000       8.653892957672833E-003
  0.662400000000000       8.654063691855181E-003
  0.662480000000000       8.654234456036643E-003
  0.662560000000000       8.654405250359327E-003
  0.662640000000000       8.654576074979554E-003
  0.662720000000000       8.654746929698372E-003
  0.662800000000000       8.654917814146297E-003
  0.662880000000000       8.655088729545464E-003
  0.662960000000000       8.655259674389522E-003
  0.663040000000000       8.655430649545333E-003
  0.663120000000000       8.655601655083951E-003
  0.663200000000000       8.655772690237991E-003
  0.663280000000000       8.655943755746416E-003
  0.663360000000000       8.656114850955528E-003
  0.663440000000000       8.656285976661134E-003
  0.663520000000000       8.656457132905866E-003
  0.663600000000000       8.656628318879707E-003
  0.663680000000000       8.656799534525812E-003
  0.663760000000000       8.656970780796309E-003
  0.663840000000000       8.657142057108554E-003
  0.663920000000000       8.657313363363069E-003
  0.664000000000000       8.657484699602487E-003
  0.664080000000000       8.657656066153659E-003
  0.664160000000000       8.657827462576047E-003
  0.664240000000000       8.657998889352821E-003
  0.664320000000000       8.658170346398715E-003
  0.664400000000000       8.658341832761603E-003
  0.664480000000000       8.658513349976256E-003
  0.664560000000000       8.658684896763698E-003
  0.664640000000000       8.658856474147110E-003
  0.664720000000000       8.659028081288052E-003
  0.664800000000000       8.659199718513373E-003
  0.664880000000000       8.659371386007815E-003
  0.664960000000000       8.659543083359263E-003
  0.665040000000000       8.659714810880355E-003
  0.665120000000000       8.659886568414772E-003
  0.665200000000000       8.660058356033569E-003
  0.665280000000000       8.660230173964119E-003
  0.665360000000000       8.660402021879572E-003
  0.665440000000000       8.660573899652031E-003
  0.665520000000000       8.660745807395183E-003
  0.665600000000000       8.660917745620618E-003
  0.665680000000000       8.661089713802535E-003
  0.665760000000000       8.661261711813036E-003
  0.665840000000000       8.661433739822651E-003
  0.665920000000000       8.661605798342971E-003
  0.666000000000000       8.661777886450291E-003
  0.666080000000000       8.661950005309900E-003
  0.666160000000000       8.662122153372816E-003
  0.666240000000000       8.662294331960647E-003
  0.666320000000000       8.662466540689702E-003
  0.666400000000000       8.662638779446293E-003
  0.666480000000000       8.662811047875148E-003
  0.666560000000000       8.662983346558913E-003
  0.666640000000000       8.663155675327057E-003
  0.666720000000000       8.663328033952207E-003
  0.666800000000000       8.663500422874899E-003
  0.666880000000000       8.663672841881971E-003
  0.666960000000000       8.663845290888157E-003
  0.667040000000000       8.664017769921879E-003
  0.667120000000000       8.664190278755764E-003
  0.667200000000000       8.664362818128775E-003
  0.667280000000000       8.664535387159840E-003
  0.667360000000000       8.664707986303706E-003
  0.667440000000000       8.664880615233524E-003
  0.667520000000000       8.665053274773522E-003
  0.667600000000000       8.665225963985786E-003
  0.667680000000000       8.665398683097687E-003
  0.667760000000000       8.665571432478709E-003
  0.667840000000000       8.665744212029376E-003
  0.667920000000000       8.665917020897036E-003
  0.668000000000000       8.666089860246980E-003
  0.668080000000000       8.666262729937098E-003
  0.668160000000000       8.666435629299481E-003
  0.668240000000000       8.666608558788876E-003
  0.668320000000000       8.666781518163698E-003
  0.668400000000000       8.666954507878695E-003
  0.668480000000000       8.667127527322800E-003
  0.668560000000000       8.667300576623911E-003
  0.668640000000000       8.667473656350462E-003
  0.668720000000000       8.667646765905597E-003
  0.668800000000000       8.667819905687220E-003
  0.668880000000000       8.667993074828469E-003
  0.668960000000000       8.668166274508844E-003
  0.669040000000000       8.668339504017804E-003
  0.669120000000000       8.668512763426402E-003
  0.669200000000000       8.668686053061488E-003
  0.669280000000000       8.668859372695688E-003
  0.669360000000000       8.669032722272159E-003
  0.669440000000000       8.669206101719847E-003
  0.669520000000000       8.669379511294546E-003
  0.669600000000000       8.669552950868360E-003
  0.669680000000000       8.669726420398656E-003
  0.669760000000000       8.669899919928066E-003
  0.669840000000000       8.670073449371325E-003
  0.669920000000000       8.670247008728434E-003
  0.670000000000000       8.670420598695723E-003
  0.670080000000000       8.670594218136325E-003
  0.670160000000000       8.670767867547620E-003
  0.670240000000000       8.670941546958029E-003
  0.670320000000000       8.671115256580715E-003
  0.670400000000000       8.671288995619870E-003
  0.670480000000000       8.671462764913936E-003
  0.670560000000000       8.671636564505543E-003
  0.670640000000000       8.671810393783626E-003
  0.670720000000000       8.671984253217142E-003
  0.670800000000000       8.672158142479243E-003
  0.670880000000000       8.672332061939410E-003
  0.670960000000000       8.672506011157106E-003
  0.671040000000000       8.672679990203387E-003
  0.671120000000000       8.672853999362469E-003
  0.671200000000000       8.673028038364346E-003
  0.671280000000000       8.673202107606921E-003
  0.671360000000000       8.673376206550183E-003
  0.671440000000000       8.673550335805198E-003
  0.671520000000000       8.673724494675634E-003
  0.671600000000000       8.673898683658872E-003
  0.671680000000000       8.674072902271741E-003
  0.671760000000000       8.674247151509003E-003
  0.671840000000000       8.674421430191155E-003
  0.671920000000000       8.674595738673470E-003
  0.672000000000000       8.674770077609646E-003
  0.672080000000000       8.674944446075979E-003
  0.672160000000000       8.675118844598269E-003
  0.672240000000000       8.675293273389680E-003
  0.672320000000000       8.675467731597560E-003
  0.672400000000000       8.675642220600362E-003
  0.672480000000000       8.675816738351723E-003
  0.672560000000000       8.675991286969061E-003
  0.672640000000000       8.676165865130765E-003
  0.672720000000000       8.676340473490536E-003
  0.672800000000000       8.676515111636258E-003
  0.672880000000000       8.676689779425824E-003
  0.672960000000000       8.676864477228714E-003
  0.673040000000000       8.677039205542310E-003
  0.673120000000000       8.677213963300796E-003
  0.673200000000000       8.677388751029975E-003
  0.673280000000000       8.677563568616160E-003
  0.673360000000000       8.677738416144616E-003
  0.673440000000000       8.677913293700608E-003
  0.673520000000000       8.678088201426244E-003
  0.673600000000000       8.678263138667826E-003
  0.673680000000000       8.678438105809046E-003
  0.673760000000000       8.678613103162543E-003
  0.673840000000000       8.678788130188304E-003
  0.673920000000000       8.678963187341078E-003
  0.674000000000000       8.679138274137695E-003
  0.674080000000000       8.679313391260275E-003
  0.674160000000000       8.679488537756692E-003
  0.674240000000000       8.679663714522230E-003
  0.674320000000000       8.679838921059509E-003
  0.674400000000000       8.680014157468004E-003
  0.674480000000000       8.680189424088776E-003
  0.674560000000000       8.680364720381813E-003
  0.674640000000000       8.680540046517644E-003
  0.674720000000000       8.680715402723645E-003
  0.674800000000000       8.680890788459801E-003
  0.674880000000000       8.681066204564554E-003
  0.674960000000000       8.681241650227885E-003
  0.675040000000000       8.681417125947173E-003
  0.675120000000000       8.681592631381359E-003
  0.675200000000000       8.681768167098876E-003
  0.675280000000000       8.681943732517079E-003
  0.675360000000000       8.682119327394384E-003
  0.675440000000000       8.682294952867660E-003
  0.675520000000000       8.682470607672139E-003
  0.675600000000000       8.682646292461522E-003
  0.675680000000000       8.682822007250020E-003
  0.675760000000000       8.682997752023421E-003
  0.675840000000000       8.683173526383821E-003
  0.675920000000000       8.683349330771757E-003
  0.676000000000000       8.683525165258284E-003
  0.676080000000000       8.683701028891273E-003
  0.676160000000000       8.683876923390239E-003
  0.676240000000000       8.684052846893560E-003
  0.676320000000000       8.684228800765477E-003
  0.676400000000000       8.684404784267026E-003
  0.676480000000000       8.684580797767689E-003
  0.676560000000000       8.684756841423787E-003
  0.676640000000000       8.684932914212136E-003
  0.676720000000000       8.685109017241184E-003
  0.676800000000000       8.685285150482509E-003
  0.676880000000000       8.685461312927141E-003
  0.676960000000000       8.685637505441941E-003
  0.677040000000000       8.685813727998488E-003
  0.677120000000000       8.685989980454674E-003
  0.677200000000000       8.686166262469437E-003
  0.677280000000000       8.686342574469104E-003
  0.677360000000000       8.686518916553150E-003
  0.677440000000000       8.686695288295250E-003
  0.677520000000000       8.686871689567506E-003
  0.677600000000000       8.687048121137304E-003
  0.677680000000000       8.687224582549898E-003
  0.677760000000000       8.687401073393171E-003
  0.677840000000000       8.687577594434510E-003
  0.677920000000000       8.687754144849687E-003
  0.678000000000000       8.687930725548194E-003
  0.678080000000000       8.688107336146340E-003
  0.678160000000000       8.688283976331486E-003
  0.678240000000000       8.688460646259950E-003
  0.678320000000000       8.688637346358059E-003
  0.678400000000000       8.688814076100011E-003
  0.678480000000000       8.688990835770023E-003
  0.678560000000000       8.689167624927559E-003
  0.678640000000000       8.689344444226317E-003
  0.678720000000000       8.689521293055232E-003
  0.678800000000000       8.689698171968525E-003
  0.678880000000000       8.689875080710403E-003
  0.678960000000000       8.690052019224022E-003
  0.679040000000000       8.690228987509381E-003
  0.679120000000000       8.690405985765433E-003
  0.679200000000000       8.690583013523219E-003
  0.679280000000000       8.690760071280119E-003
  0.679360000000000       8.690937158922447E-003
  0.679440000000000       8.691114276151775E-003
  0.679520000000000       8.691291423309162E-003
  0.679600000000000       8.691468600167236E-003
  0.679680000000000       8.691645807081268E-003
  0.679760000000000       8.691823043582299E-003
  0.679840000000000       8.692000309855070E-003
  0.679920000000000       8.692177606141167E-003
  0.680000000000000       8.692354931900577E-003
  0.680080000000000       8.692532287957529E-003
  0.680160000000000       8.692709673033046E-003
  0.680240000000000       8.692887088391894E-003
  0.680320000000000       8.693064533536694E-003
  0.680400000000000       8.693242008751663E-003
  0.680480000000000       8.693419513226781E-003
  0.680560000000000       8.693597047331532E-003
  0.680640000000000       8.693774611819090E-003
  0.680720000000000       8.693952205779960E-003
  0.680800000000000       8.694129829640469E-003
  0.680880000000000       8.694307483016923E-003
  0.680960000000000       8.694485166435124E-003
  0.681040000000000       8.694662879866651E-003
  0.681120000000000       8.694840622743068E-003
  0.681200000000000       8.695018395334382E-003
  0.681280000000000       8.695196197711648E-003
  0.681360000000000       8.695374029903287E-003
  0.681440000000000       8.695551892179305E-003
  0.681520000000000       8.695729783957058E-003
  0.681600000000000       8.695907704923907E-003
  0.681680000000000       8.696085656330406E-003
  0.681760000000000       8.696263637210218E-003
  0.681840000000000       8.696441648131777E-003
  0.681920000000000       8.696619688839287E-003
  0.682000000000000       8.696797758949056E-003
  0.682080000000000       8.696975858915830E-003
  0.682160000000000       8.697153989123303E-003
  0.682240000000000       8.697332148448818E-003
  0.682320000000000       8.697510337645549E-003
  0.682400000000000       8.697688556955081E-003
  0.682480000000000       8.697866805681083E-003
  0.682560000000000       8.698045084150403E-003
  0.682640000000000       8.698223392291989E-003
  0.682720000000000       8.698401730716905E-003
  0.682800000000000       8.698580098203020E-003
  0.682880000000000       8.698758495929833E-003
  0.682960000000000       8.698936922945218E-003
  0.683040000000000       8.699115380044982E-003
  0.683120000000000       8.699293866518583E-003
  0.683200000000000       8.699472383033931E-003
  0.683280000000000       8.699650929193121E-003
  0.683360000000000       8.699829505067209E-003
  0.683440000000000       8.700008110698827E-003
  0.683520000000000       8.700186746230083E-003
  0.683600000000000       8.700365411007278E-003
  0.683680000000000       8.700544105868853E-003
  0.683760000000000       8.700722830445325E-003
  0.683840000000000       8.700901584537742E-003
  0.683920000000000       8.701080368416110E-003
  0.684000000000000       8.701259181995165E-003
  0.684080000000000       8.701438025516491E-003
  0.684160000000000       8.701616898752713E-003
  0.684240000000000       8.701795801334351E-003
  0.684320000000000       8.701974733900893E-003
  0.684400000000000       8.702153696153909E-003
  0.684480000000000       8.702332688050769E-003
  0.684560000000000       8.702511709634105E-003
  0.684640000000000       8.702690761074446E-003
  0.684720000000000       8.702869841945467E-003
  0.684800000000000       8.703048952431909E-003
  0.684880000000000       8.703228092960098E-003
  0.684960000000000       8.703407262748437E-003
  0.685040000000000       8.703586462649578E-003
  0.685120000000000       8.703765692478778E-003
  0.685200000000000       8.703944951411809E-003
  0.685280000000000       8.704124240272899E-003
  0.685360000000000       8.704303558877309E-003
  0.685440000000000       8.704482907409779E-003
  0.685520000000000       8.704662285173977E-003
  0.685600000000000       8.704841692553596E-003
  0.685680000000000       8.705021129903907E-003
  0.685760000000000       8.705200596912273E-003
  0.685840000000000       8.705380093521849E-003
  0.685920000000000       8.705559619732635E-003
  0.686000000000000       8.705739175814638E-003
  0.686080000000000       8.705918761568905E-003
  0.686160000000000       8.706098376583322E-003
  0.686240000000000       8.706278021682119E-003
  0.686320000000000       8.706457696311072E-003
  0.686400000000000       8.706637400541235E-003
  0.686480000000000       8.706817134628404E-003
  0.686560000000000       8.706996898302573E-003
  0.686640000000000       8.707176691691638E-003
  0.686720000000000       8.707356514767180E-003
  0.686800000000000       8.707536367387088E-003
  0.686880000000000       8.707716249267146E-003
  0.686960000000000       8.707896161615276E-003
  0.687040000000000       8.708076103067237E-003
  0.687120000000000       8.708256074347782E-003
  0.687200000000000       8.708436075201116E-003
  0.687280000000000       8.708616105541973E-003
  0.687360000000000       8.708796165697204E-003
  0.687440000000000       8.708976255624175E-003
  0.687520000000000       8.709156375109724E-003
  0.687600000000000       8.709336524210694E-003
  0.687680000000000       8.709516702841820E-003
  0.687760000000000       8.709696911273108E-003
  0.687840000000000       8.709877149334029E-003
  0.687920000000000       8.710057417095636E-003
  0.688000000000000       8.710237714202658E-003
  0.688080000000000       8.710418041138264E-003
  0.688160000000000       8.710598397476128E-003
  0.688240000000000       8.710778783756264E-003
  0.688320000000000       8.710959199538133E-003
  0.688400000000000       8.711139644764894E-003
  0.688480000000000       8.711320120203932E-003
  0.688560000000000       8.711500624803643E-003
  0.688640000000000       8.711681158862457E-003
  0.688720000000000       8.711861722891963E-003
  0.688800000000000       8.712042316494258E-003
  0.688880000000000       8.712222939697763E-003
  0.688960000000000       8.712403592289315E-003
  0.689040000000000       8.712584274567343E-003
  0.689120000000000       8.712764986489215E-003
  0.689200000000000       8.712945727941242E-003
  0.689280000000000       8.713126499278696E-003
  0.689360000000000       8.713307299890512E-003
  0.689440000000000       8.713488130572496E-003
  0.689520000000000       8.713668990116726E-003
  0.689600000000000       8.713849879958498E-003
  0.689680000000000       8.714030799103052E-003
  0.689760000000000       8.714211748005136E-003
  0.689840000000000       8.714392726337901E-003
  0.689920000000000       8.714573734342930E-003
  0.690000000000000       8.714754771693374E-003
  0.690080000000000       8.714935838758715E-003
  0.690160000000000       8.715116935425267E-003
  0.690240000000000       8.715298061778294E-003
  0.690320000000000       8.715479217675688E-003
  0.690400000000000       8.715660403032184E-003
  0.690480000000000       8.715841618245686E-003
  0.690560000000000       8.716022862804602E-003
  0.690640000000000       8.716204136822621E-003
  0.690720000000000       8.716385440839754E-003
  0.690800000000000       8.716566774045982E-003
  0.690880000000000       8.716748136853421E-003
  0.690960000000000       8.716929529503654E-003
  0.691040000000000       8.717110951428249E-003
  0.691120000000000       8.717292403138795E-003
  0.691200000000000       8.717473884351075E-003
  0.691280000000000       8.717655395079300E-003
  0.691360000000000       8.717836935494001E-003
  0.691440000000000       8.718018505183063E-003
  0.691520000000000       8.718200104743341E-003
  0.691600000000000       8.718381733464294E-003
  0.691680000000000       8.718563392042251E-003
  0.691760000000000       8.718745080107733E-003
  0.691840000000000       8.718926797603894E-003
  0.691920000000000       8.719108544701266E-003
  0.692000000000000       8.719290321641433E-003
  0.692080000000000       8.719472127912804E-003
  0.692160000000000       8.719653963742753E-003
  0.692240000000000       8.719835828918117E-003
  0.692320000000000       8.720017723666269E-003
  0.692400000000000       8.720199648527223E-003
  0.692480000000000       8.720381602378320E-003
  0.692560000000000       8.720563586043791E-003
  0.692640000000000       8.720745598983622E-003
  0.692720000000000       8.720927641638350E-003
  0.692800000000000       8.721109713681126E-003
  0.692880000000000       8.721291815310901E-003
  0.692960000000000       8.721473946570309E-003
  0.693040000000000       8.721656107317240E-003
  0.693120000000000       8.721838297196423E-003
  0.693200000000000       8.722020516989455E-003
  0.693280000000000       8.722202766142113E-003
  0.693360000000000       8.722385045293886E-003
  0.693440000000000       8.722567353478435E-003
  0.693520000000000       8.722749691235772E-003
  0.693600000000000       8.722932058509054E-003
  0.693680000000000       8.723114455241439E-003
  0.693760000000000       8.723296881646088E-003
  0.693840000000000       8.723479337481417E-003
  0.693920000000000       8.723661823003222E-003
  0.694000000000000       8.723844337572013E-003
  0.694080000000000       8.724026882040443E-003
  0.694160000000000       8.724209455840078E-003
  0.694240000000000       8.724392059368820E-003
  0.694320000000000       8.724574692058236E-003
  0.694400000000000       8.724757354434128E-003
  0.694480000000000       8.724940046155434E-003
  0.694560000000000       8.725122767577427E-003
  0.694640000000000       8.725305518344835E-003
  0.694720000000000       8.725488298670821E-003
  0.694800000000000       8.725671108413276E-003
  0.694880000000000       8.725853947970104E-003
  0.694960000000000       8.726036816502865E-003
  0.695040000000000       8.726219714736312E-003
  0.695120000000000       8.726402642514126E-003
  0.695200000000000       8.726585599736832E-003
  0.695280000000000       8.726768586290741E-003
  0.695360000000000       8.726951602332174E-003
  0.695440000000000       8.727134648045871E-003
  0.695520000000000       8.727317723176038E-003
  0.695600000000000       8.727500827893205E-003
  0.695680000000000       8.727683961742623E-003
  0.695760000000000       8.727867125505891E-003
  0.695840000000000       8.728050318145615E-003
  0.695920000000000       8.728233540798665E-003
  0.696000000000000       8.728416792669232E-003
  0.696080000000000       8.728600073814159E-003
  0.696160000000000       8.728783384730827E-003
  0.696240000000000       8.728966724978700E-003
  0.696320000000000       8.729150094614620E-003
  0.696400000000000       8.729333493865961E-003
  0.696480000000000       8.729516922661669E-003
  0.696560000000000       8.729700381101220E-003
  0.696640000000000       8.729883867990902E-003
  0.696720000000000       8.730067384993385E-003
  0.696800000000000       8.730250931568657E-003
  0.696880000000000       8.730434507730929E-003
  0.696960000000000       8.730618112570705E-003
  0.697040000000000       8.730801747239066E-003
  0.697120000000000       8.730985411295474E-003
  0.697200000000000       8.731169104839405E-003
  0.697280000000000       8.731352828041390E-003
  0.697360000000000       8.731536580475104E-003
  0.697440000000000       8.731720362225810E-003
  0.697520000000000       8.731904173478251E-003
  0.697600000000000       8.732088014474011E-003
  0.697680000000000       8.732271884658867E-003
  0.697760000000000       8.732455784032818E-003
  0.697840000000000       8.732639713050612E-003
  0.697920000000000       8.732823671584351E-003
  0.698000000000000       8.733007659662458E-003
  0.698080000000000       8.733191676617021E-003
  0.698160000000000       8.733375723172794E-003
  0.698240000000000       8.733559799145037E-003
  0.698320000000000       8.733743904917442E-003
  0.698400000000000       8.733928039736834E-003
  0.698480000000000       8.734112204100593E-003
  0.698560000000000       8.734296397795556E-003
  0.698640000000000       8.734480620679615E-003
  0.698720000000000       8.734664873008564E-003
  0.698800000000000       8.734849155222942E-003
  0.698880000000000       8.735033466484306E-003
  0.698960000000000       8.735217807048452E-003
  0.699040000000000       8.735402177199598E-003
  0.699120000000000       8.735586576795636E-003
  0.699200000000000       8.735771005438660E-003
  0.699280000000000       8.735955463796581E-003
  0.699360000000000       8.736139951599393E-003
  0.699440000000000       8.736324468335506E-003
  0.699520000000000       8.736509014942835E-003
  0.699600000000000       8.736693590625573E-003
  0.699680000000000       8.736878195795834E-003
  0.699760000000000       8.737062830410987E-003
  0.699840000000000       8.737247494229446E-003
  0.699920000000000       8.737432187634904E-003
  0.700000000000000       8.737616909945241E-003
  0.700080000000000       8.737801662311535E-003
  0.700160000000000       8.737986443639552E-003
  0.700240000000000       8.738171254327194E-003
  0.700320000000000       8.738356094587625E-003
  0.700400000000000       8.738540964321369E-003
  0.700480000000000       8.738725863059467E-003
  0.700560000000000       8.738910791313510E-003
  0.700640000000000       8.739095748870336E-003
  0.700720000000000       8.739280735459938E-003
  0.700800000000000       8.739465752077076E-003
  0.700880000000000       8.739650797499617E-003
  0.700960000000000       8.739835872494946E-003
  0.701040000000000       8.740020976892533E-003
  0.701120000000000       8.740206110536060E-003
  0.701200000000000       8.740391273567634E-003
  0.701280000000000       8.740576466044099E-003
  0.701360000000000       8.740761687837557E-003
  0.701440000000000       8.740946938308521E-003
  0.701520000000000       8.741132218934917E-003
  0.701600000000000       8.741317528864097E-003
  0.701680000000000       8.741502867769209E-003
  0.701760000000000       8.741688236218688E-003
  0.701840000000000       8.741873633729365E-003
  0.701920000000000       8.742059060940728E-003
  0.702000000000000       8.742244517255922E-003
  0.702080000000000       8.742430003101272E-003
  0.702160000000000       8.742615518107295E-003
  0.702240000000000       8.742801062302415E-003
  0.702320000000000       8.742986635928214E-003
  0.702400000000000       8.743172239027326E-003
  0.702480000000000       8.743357871159214E-003
  0.702560000000000       8.743543532750205E-003
  0.702640000000000       8.743729223743453E-003
  0.702720000000000       8.743914943954219E-003
  0.702800000000000       8.744100693567243E-003
  0.702880000000000       8.744286472170411E-003
  0.702960000000000       8.744472280218470E-003
  0.703040000000000       8.744658117682998E-003
  0.703120000000000       8.744843984834001E-003
  0.703200000000000       8.745029880818829E-003
  0.703280000000000       8.745215805907487E-003
  0.703360000000000       8.745401760526302E-003
  0.703440000000000       8.745587744675272E-003
  0.703520000000000       8.745773757999127E-003
  0.703600000000000       8.745959800441024E-003
  0.703680000000000       8.746145872214124E-003
  0.703760000000000       8.746331973304218E-003
  0.703840000000000       8.746518103824992E-003
  0.703920000000000       8.746704263492229E-003
  0.704000000000000       8.746890452249086E-003
  0.704080000000000       8.747076670649785E-003
  0.704160000000000       8.747262918040628E-003
  0.704240000000000       8.747449194918995E-003
  0.704320000000000       8.747635500787505E-003
  0.704400000000000       8.747821836243015E-003
  0.704480000000000       8.748008200603404E-003
  0.704560000000000       8.748194594735532E-003
  0.704640000000000       8.748381017914648E-003
  0.704720000000000       8.748567470410758E-003
  0.704800000000000       8.748753951612794E-003
  0.704880000000000       8.748940462629202E-003
  0.704960000000000       8.749127002721020E-003
  0.705040000000000       8.749313572556157E-003
  0.705120000000000       8.749500170813003E-003
  0.705200000000000       8.749686798614216E-003
  0.705280000000000       8.749873455647157E-003
  0.705360000000000       8.750060142437628E-003
  0.705440000000000       8.750246857791917E-003
  0.705520000000000       8.750433603244796E-003
  0.705600000000000       8.750620377062542E-003
  0.705680000000000       8.750807180993088E-003
  0.705760000000000       8.750994013217446E-003
  0.705840000000000       8.751180875043015E-003
  0.705920000000000       8.751367766057679E-003
  0.706000000000000       8.751554686517234E-003
  0.706080000000000       8.751741636364836E-003
  0.706160000000000       8.751928615046263E-003
  0.706240000000000       8.752115623186792E-003
  0.706320000000000       8.752302660601681E-003
  0.706400000000000       8.752489727120401E-003
  0.706480000000000       8.752676822671897E-003
  0.706560000000000       8.752863947313012E-003
  0.706640000000000       8.753051101683236E-003
  0.706720000000000       8.753238285228344E-003
  0.706800000000000       8.753425497848862E-003
  0.706880000000000       8.753612739658474E-003
  0.706960000000000       8.753800010642972E-003
  0.707040000000000       8.753987311114993E-003
  0.707120000000000       8.754174640307151E-003
  0.707200000000000       8.754361999043676E-003
  0.707280000000000       8.754549386869821E-003
  0.707360000000000       8.754736804325598E-003
  0.707440000000000       8.754924250203085E-003
  0.707520000000000       8.755111725795468E-003
  0.707600000000000       8.755299230562737E-003
  0.707680000000000       8.755486764050142E-003
  0.707760000000000       8.755674327437186E-003
  0.707840000000000       8.755861919615422E-003
  0.707920000000000       8.756049540840645E-003
  0.708000000000000       8.756237191382861E-003
  0.708080000000000       8.756424871270492E-003
  0.708160000000000       8.756612580361429E-003
  0.708240000000000       8.756800318399878E-003
  0.708320000000000       8.756988085783741E-003
  0.708400000000000       8.757175882484598E-003
  0.708480000000000       8.757363707962436E-003
  0.708560000000000       8.757551562998851E-003
  0.708640000000000       8.757739447224362E-003
  0.708720000000000       8.757927360141589E-003
  0.708800000000000       8.758115302745291E-003
  0.708880000000000       8.758303274467034E-003
  0.708960000000000       8.758491274965759E-003
  0.709040000000000       8.758679305023061E-003
  0.709120000000000       8.758867363899976E-003
  0.709200000000000       8.759055452278626E-003
  0.709280000000000       8.759243569562154E-003
  0.709360000000000       8.759431716048989E-003
  0.709440000000000       8.759619891696498E-003
  0.709520000000000       8.759808096533102E-003
  0.709600000000000       8.759996330544591E-003
  0.709680000000000       8.760184593958338E-003
  0.709760000000000       8.760372885992747E-003
  0.709840000000000       8.760561207216251E-003
  0.709920000000000       8.760749558055177E-003
  0.710000000000000       8.760937937770559E-003
  0.710080000000000       8.761126346746091E-003
  0.710160000000000       8.761314784853876E-003
  0.710240000000000       8.761503251468634E-003
  0.710320000000000       8.761691748011453E-003
  0.710400000000000       8.761880273515994E-003
  0.710480000000000       8.762068827868570E-003
  0.710560000000000       8.762257411552350E-003
  0.710640000000000       8.762446024496280E-003
  0.710720000000000       8.762634666089293E-003
  0.710800000000000       8.762823337041932E-003
  0.710880000000000       8.763012037368408E-003
  0.710960000000000       8.763200766500286E-003
  0.711040000000000       8.763389524480199E-003
  0.711120000000000       8.763578312501859E-003
  0.711200000000000       8.763767128931017E-003
  0.711280000000000       8.763955974378741E-003
  0.711360000000000       8.764144849413465E-003
  0.711440000000000       8.764333753282012E-003
  0.711520000000000       8.764522686439132E-003
  0.711600000000000       8.764711648629027E-003
  0.711680000000000       8.764900639809066E-003
  0.711760000000000       8.765089660206622E-003
  0.711840000000000       8.765278709466424E-003
  0.711920000000000       8.765467788199539E-003
  0.712000000000000       8.765656895624370E-003
  0.712080000000000       8.765846032280929E-003
  0.712160000000000       8.766035198126583E-003
  0.712240000000000       8.766224393289231E-003
  0.712320000000000       8.766413616944642E-003
  0.712400000000000       8.766602870172842E-003
  0.712480000000000       8.766792151879595E-003
  0.712560000000000       8.766981463471775E-003
  0.712640000000000       8.767170803471454E-003
  0.712720000000000       8.767360172830758E-003
  0.712800000000000       8.767549571592322E-003
  0.712880000000000       8.767738998931913E-003
  0.712960000000000       8.767928455332703E-003
  0.713040000000000       8.768117940894167E-003
  0.713120000000000       8.768307455843678E-003
  0.713200000000000       8.768496999754911E-003
  0.713280000000000       8.768686572713132E-003
  0.713360000000000       8.768876174320435E-003
  0.713440000000000       8.769065805401051E-003
  0.713520000000000       8.769255465542865E-003
  0.713600000000000       8.769445154291129E-003
  0.713680000000000       8.769634872612182E-003
  0.713760000000000       8.769824619539686E-003
  0.713840000000000       8.770014395713129E-003
  0.713920000000000       8.770204201388306E-003
  0.714000000000000       8.770394035200975E-003
  0.714080000000000       8.770583898870650E-003
  0.714160000000000       8.770773790990456E-003
  0.714240000000000       8.770963712668840E-003
  0.714320000000000       8.771153662797355E-003
  0.714400000000000       8.771343642384972E-003
  0.714480000000000       8.771533651275372E-003
  0.714560000000000       8.771723688587481E-003
  0.714640000000000       8.771913755031842E-003
  0.714720000000000       8.772103850679509E-003
  0.714800000000000       8.772293975445218E-003
  0.714880000000000       8.772484129130016E-003
  0.714960000000000       8.772674311776536E-003
  0.715040000000000       8.772864523441622E-003
  0.715120000000000       8.773054764224748E-003
  0.715200000000000       8.773245034125916E-003
  0.715280000000000       8.773435332946174E-003
  0.715360000000000       8.773625660486568E-003
  0.715440000000000       8.773816017216059E-003
  0.715520000000000       8.774006403177277E-003
  0.715600000000000       8.774196817844422E-003
  0.715680000000000       8.774387261601187E-003
  0.715760000000000       8.774577734319673E-003
  0.715840000000000       8.774768236255677E-003
  0.715920000000000       8.774958767338144E-003
  0.716000000000000       8.775149326828109E-003
  0.716080000000000       8.775339915635068E-003
  0.716160000000000       8.775530533346905E-003
  0.716240000000000       8.775721180119940E-003
  0.716320000000000       8.775911855968384E-003
  0.716400000000000       8.776102560636441E-003
  0.716480000000000       8.776293294280431E-003
  0.716560000000000       8.776484056999830E-003
  0.716640000000000       8.776674848737794E-003
  0.716720000000000       8.776865669252738E-003
  0.716800000000000       8.777056518999411E-003
  0.716880000000000       8.777247397437800E-003
  0.716960000000000       8.777438305235814E-003
  0.717040000000000       8.777629242052394E-003
  0.717120000000000       8.777820207489635E-003
  0.717200000000000       8.778011202087550E-003
  0.717280000000000       8.778202225334548E-003
  0.717360000000000       8.778393277614323E-003
  0.717440000000000       8.778584359140036E-003
  0.717520000000000       8.778775469442730E-003
  0.717600000000000       8.778966609105050E-003
  0.717680000000000       8.779157777203291E-003
  0.717760000000000       8.779348974192198E-003
  0.717840000000000       8.779540200697052E-003
  0.717920000000000       8.779731455481506E-003
  0.718000000000000       8.779922739412423E-003
  0.718080000000000       8.780114052262429E-003
  0.718160000000000       8.780305394329953E-003
  0.718240000000000       8.780496765444464E-003
  0.718320000000000       8.780688165208057E-003
  0.718400000000000       8.780879593833897E-003
  0.718480000000000       8.781071051719887E-003
  0.718560000000000       8.781262538297592E-003
  0.718640000000000       8.781454053808598E-003
  0.718720000000000       8.781645598267114E-003
  0.718800000000000       8.781837171673142E-003
  0.718880000000000       8.782028774211421E-003
  0.718960000000000       8.782220405469839E-003
  0.719040000000000       8.782412065348917E-003
  0.719120000000000       8.782603754758152E-003
  0.719200000000000       8.782795472688572E-003
  0.719280000000000       8.782987219353340E-003
  0.719360000000000       8.783178995462999E-003
  0.719440000000000       8.783370800150687E-003
  0.719520000000000       8.783562633757465E-003
  0.719600000000000       8.783754496212277E-003
  0.719680000000000       8.783946387600390E-003
  0.719760000000000       8.784138308206020E-003
  0.719840000000000       8.784330257275992E-003
  0.719920000000000       8.784522235591903E-003
  0.720000000000000       8.784714242642162E-003
  0.720080000000000       8.784906278654143E-003
  0.720160000000000       8.785098343585214E-003
  0.720240000000000       8.785290437193789E-003
  0.720320000000000       8.785482560076725E-003
  0.720400000000000       8.785674711409792E-003
  0.720480000000000       8.785866891818268E-003
  0.720560000000000       8.786059101188466E-003
  0.720640000000000       8.786251339250380E-003
  0.720720000000000       8.786443606202961E-003
  0.720800000000000       8.786635902188318E-003
  0.720880000000000       8.786828226908024E-003
  0.720960000000000       8.787020580703138E-003
  0.721040000000000       8.787212963261022E-003
  0.721120000000000       8.787405374624309E-003
  0.721200000000000       8.787597814750366E-003
  0.721280000000000       8.787790284008674E-003
  0.721360000000000       8.787982782086597E-003
  0.721440000000000       8.788175309112030E-003
  0.721520000000000       8.788367864814968E-003
  0.721600000000000       8.788560449252254E-003
  0.721680000000000       8.788753062551787E-003
  0.721760000000000       8.788945704969360E-003
  0.721840000000000       8.789138376007595E-003
  0.721920000000000       8.789331076163871E-003
  0.722000000000000       8.789523805082917E-003
  0.722080000000000       8.789716562636836E-003
  0.722160000000000       8.789909348996157E-003
  0.722240000000000       8.790102164729315E-003
  0.722320000000000       8.790295008514699E-003
  0.722400000000000       8.790487881816030E-003
  0.722480000000000       8.790680783581702E-003
  0.722560000000000       8.790873714408572E-003
  0.722640000000000       8.791066673827681E-003
  0.722720000000000       8.791259662151669E-003
  0.722800000000000       8.791452679451590E-003
  0.722880000000000       8.791645725187432E-003
  0.722960000000000       8.791838799984471E-003
  0.723040000000000       8.792031903856919E-003
  0.723120000000000       8.792225036492136E-003
  0.723200000000000       8.792418197634329E-003
  0.723280000000000       8.792611387581924E-003
  0.723360000000000       8.792804606704403E-003
  0.723440000000000       8.792997854589653E-003
  0.723520000000000       8.793191130640816E-003
  0.723600000000000       8.793384436207925E-003
  0.723680000000000       8.793577770210954E-003
  0.723760000000000       8.793771133317814E-003
  0.723840000000000       8.793964525173233E-003
  0.723920000000000       8.794157945663524E-003
  0.724000000000000       8.794351395158169E-003
  0.724080000000000       8.794544873330319E-003
  0.724160000000000       8.794738380009444E-003
  0.724240000000000       8.794931915749767E-003
  0.724320000000000       8.795125480338124E-003
  0.724400000000000       8.795319073405035E-003
  0.724480000000000       8.795512695646830E-003
  0.724560000000000       8.795706346622974E-003
  0.724640000000000       8.795900025978194E-003
  0.724720000000000       8.796093734437245E-003
  0.724800000000000       8.796287471588012E-003
  0.724880000000000       8.796481237899452E-003
  0.724960000000000       8.796675032348385E-003
  0.725040000000000       8.796868855744829E-003
  0.725120000000000       8.797062708088783E-003
  0.725200000000000       8.797256589280773E-003
  0.725280000000000       8.797450499079214E-003
  0.725360000000000       8.797644437512527E-003
  0.725440000000000       8.797838404680187E-003
  0.725520000000000       8.798032400781149E-003
  0.725600000000000       8.798226425701723E-003
  0.725680000000000       8.798420479385068E-003
  0.725760000000000       8.798614561603808E-003
  0.725840000000000       8.798808672798482E-003
  0.725920000000000       8.799002812400654E-003
  0.726000000000000       8.799196981135078E-003
  0.726080000000000       8.799391178646483E-003
  0.726160000000000       8.799585404764339E-003
  0.726240000000000       8.799779659232849E-003
  0.726320000000000       8.799973942833612E-003
  0.726400000000000       8.800168255055037E-003
  0.726480000000000       8.800362595911333E-003
  0.726560000000000       8.800556965629876E-003
  0.726640000000000       8.800751364125399E-003
  0.726720000000000       8.800945791355270E-003
  0.726800000000000       8.801140247362123E-003
  0.726880000000000       8.801334731904371E-003
  0.726960000000000       8.801529245180968E-003
  0.727040000000000       8.801723787220335E-003
  0.727120000000000       8.801918357766676E-003
  0.727200000000000       8.802112957374215E-003
  0.727280000000000       8.802307585772946E-003
  0.727360000000000       8.802502243090767E-003
  0.727440000000000       8.802696928048699E-003
  0.727520000000000       8.802891642664686E-003
  0.727600000000000       8.803086385716592E-003
  0.727680000000000       8.803281157332317E-003
  0.727760000000000       8.803475957696601E-003
  0.727840000000000       8.803670786823654E-003
  0.727920000000000       8.803865644571369E-003
  0.728000000000000       8.804060531124487E-003
  0.728080000000000       8.804255446127736E-003
  0.728160000000000       8.804450390206393E-003
  0.728240000000000       8.804645362934134E-003
  0.728320000000000       8.804840364069373E-003
  0.728400000000000       8.805035393867906E-003
  0.728480000000000       8.805230452429209E-003
  0.728560000000000       8.805425539866969E-003
  0.728640000000000       8.805620655939601E-003
  0.728720000000000       8.805815800888690E-003
  0.728800000000000       8.806010973776320E-003
  0.728880000000000       8.806206175881466E-003
  0.728960000000000       8.806401406152527E-003
  0.729040000000000       8.806596665840057E-003
  0.729120000000000       8.806791953906663E-003
  0.729200000000000       8.806987270451823E-003
  0.729280000000000       8.807182615503957E-003
  0.729360000000000       8.807377989361494E-003
  0.729440000000000       8.807573392393915E-003
  0.729520000000000       8.807768823563829E-003
  0.729600000000000       8.807964283496512E-003
  0.729680000000000       8.808159771907749E-003
  0.729760000000000       8.808355289323340E-003
  0.729840000000000       8.808550834904845E-003
  0.729920000000000       8.808746409348596E-003
  0.730000000000000       8.808942012725647E-003
  0.730080000000000       8.809137644453353E-003
  0.730160000000000       8.809333304645402E-003
  0.730240000000000       8.809528993856015E-003
  0.730320000000000       8.809724711587814E-003
  0.730400000000000       8.809920457826588E-003
  0.730480000000000       8.810116232884975E-003
  0.730560000000000       8.810312036222963E-003
  0.730640000000000       8.810507868394775E-003
  0.730720000000000       8.810703729499887E-003
  0.730800000000000       8.810899618756703E-003
  0.730880000000000       8.811095536733655E-003
  0.730960000000000       8.811291483288637E-003
  0.731040000000000       8.811487458663232E-003
  0.731120000000000       8.811683462431115E-003
  0.731200000000000       8.811879495146509E-003
  0.731280000000000       8.812075556127293E-003
  0.731360000000000       8.812271646069798E-003
  0.731440000000000       8.812467764121375E-003
  0.731520000000000       8.812663911163095E-003
  0.731600000000000       8.812860086512837E-003
  0.731680000000000       8.813056290525874E-003
  0.731760000000000       8.813252523443789E-003
  0.731840000000000       8.813448784641305E-003
  0.731920000000000       8.813645074317374E-003
  0.732000000000000       8.813841392670947E-003
  0.732080000000000       8.814037739829923E-003
  0.732160000000000       8.814234115566928E-003
  0.732240000000000       8.814430519782486E-003
  0.732320000000000       8.814626952263434E-003
  0.732400000000000       8.814823413819790E-003
  0.732480000000000       8.815019903868911E-003
  0.732560000000000       8.815216422439216E-003
  0.732640000000000       8.815412969161225E-003
  0.732720000000000       8.815609544987064E-003
  0.732800000000000       8.815806149263035E-003
  0.732880000000000       8.816002782145456E-003
  0.732960000000000       8.816199443236424E-003
  0.733040000000000       8.816396133260691E-003
  0.733120000000000       8.816592851578771E-003
  0.733200000000000       8.816789598631199E-003
  0.733280000000000       8.816986374147968E-003
  0.733360000000000       8.817183178256978E-003
  0.733440000000000       8.817380011000860E-003
  0.733520000000000       8.817576872052764E-003
  0.733600000000000       8.817773762080601E-003
  0.733680000000000       8.817970680345406E-003
  0.733760000000000       8.818167627372982E-003
  0.733840000000000       8.818364602324887E-003
  0.733920000000000       8.818561606593785E-003
  0.734000000000000       8.818758638787012E-003
  0.734080000000000       8.818955699743010E-003
  0.734160000000000       8.819152789277036E-003
  0.734240000000000       8.819349907332248E-003
  0.734320000000000       8.819547053993911E-003
  0.734400000000000       8.819744228963596E-003
  0.734480000000000       8.819941432667629E-003
  0.734560000000000       8.820138664693895E-003
  0.734640000000000       8.820335925212926E-003
  0.734720000000000       8.820533214551569E-003
  0.734800000000000       8.820730532056127E-003
  0.734880000000000       8.820927878536618E-003
  0.734960000000000       8.821125253083546E-003
  0.735040000000000       8.821322656066395E-003
  0.735120000000000       8.821520087925701E-003
  0.735200000000000       8.821717547936710E-003
  0.735280000000000       8.821915037008916E-003
  0.735360000000000       8.822112553806501E-003
  0.735440000000000       8.822310099935289E-003
  0.735520000000000       8.822507673718401E-003
  0.735600000000000       8.822705276576921E-003
  0.735680000000000       8.822902907857151E-003
  0.735760000000000       8.823100567360138E-003
  0.735840000000000       8.823298255739583E-003
  0.735920000000000       8.823495972085989E-003
  0.736000000000000       8.823693717266219E-003
  0.736080000000000       8.823891491038689E-003
  0.736160000000000       8.824089293019706E-003
  0.736240000000000       8.824287123422432E-003
  0.736320000000000       8.824484982303711E-003
  0.736400000000000       8.824682869976182E-003
  0.736480000000000       8.824880785857199E-003
  0.736560000000000       8.825078730202558E-003
  0.736640000000000       8.825276702941205E-003
  0.736720000000000       8.825474704286303E-003
  0.736800000000000       8.825672733982055E-003
  0.736880000000000       8.825870792071096E-003
  0.736960000000000       8.826068879022382E-003
  0.737040000000000       8.826266994096950E-003
  0.737120000000000       8.826465138019553E-003
  0.737200000000000       8.826663309653322E-003
  0.737280000000000       8.826861510078284E-003
  0.737360000000000       8.827059739337069E-003
  0.737440000000000       8.827257996477551E-003
  0.737520000000000       8.827456282267117E-003
  0.737600000000000       8.827654596464181E-003
  0.737680000000000       8.827852939111376E-003
  0.737760000000000       8.828051310293968E-003
  0.737840000000000       8.828249709940901E-003
  0.737920000000000       8.828448137782170E-003
  0.738000000000000       8.828646594414631E-003
  0.738080000000000       8.828845078928789E-003
  0.738160000000000       8.829043592248349E-003
  0.738240000000000       8.829242133804878E-003
  0.738320000000000       8.829440703911014E-003
  0.738400000000000       8.829639302424648E-003
  0.738480000000000       8.829837929388414E-003
  0.738560000000000       8.830036584603358E-003
  0.738640000000000       8.830235268595284E-003
  0.738720000000000       8.830433980241532E-003
  0.738800000000000       8.830632721147931E-003
  0.738880000000000       8.830831490021292E-003
  0.738960000000000       8.831030287344784E-003
  0.739040000000000       8.831229113033141E-003
  0.739120000000000       8.831427967001100E-003
  0.739200000000000       8.831626849575509E-003
  0.739280000000000       8.831825760813213E-003
  0.739360000000000       8.832024699477865E-003
  0.739440000000000       8.832223667473722E-003
  0.739520000000000       8.832422663550228E-003
  0.739600000000000       8.832621687906335E-003
  0.739680000000000       8.832820740598886E-003
  0.739760000000000       8.833019822139472E-003
  0.739840000000000       8.833218931632809E-003
  0.739920000000000       8.833418069476802E-003
