  0.660000000000000       0.953793388201977     
  0.660080000000000       0.953882743752570     
  0.660160000000000       0.953972101058494     
  0.660240000000000       0.954061460119807     
  0.660320000000000       0.954150820934967     
  0.660400000000000       0.954240183504521     
  0.660480000000000       0.954329547825662     
  0.660560000000000       0.954418913899315     
  0.660640000000000       0.954508281723098     
  0.660720000000000       0.954597651297814     
  0.660800000000000       0.954687022620928     
  0.660880000000000       0.954776395692460     
  0.660960000000000       0.954865770511955     
  0.661040000000000       0.954955147077375     
  0.661120000000000       0.955044525389231     
  0.661200000000000       0.955133905445462     
  0.661280000000000       0.955223287246231     
  0.661360000000000       0.955312670789898     
  0.661440000000000       0.955402056076129     
  0.661520000000000       0.955491443102905     
  0.661600000000000       0.955580831871924     
  0.661680000000000       0.955670222380040     
  0.661760000000000       0.955759614626690     
  0.661840000000000       0.955849008612003     
  0.661920000000000       0.955938404334501     
  0.662000000000000       0.956027801793003     
  0.662080000000000       0.956117200987703     
  0.662160000000000       0.956206601916439     
  0.662240000000000       0.956296004579319     
  0.662320000000000       0.956385408975440     
  0.662400000000000       0.956474815103516     
  0.662480000000000       0.956564222962950     
  0.662560000000000       0.956653632552322     
  0.662640000000000       0.956743043871729     
  0.662720000000000       0.956832456920307     
  0.662800000000000       0.956921871696136     
  0.662880000000000       0.957011288199592     
  0.662960000000000       0.957100706428922     
  0.663040000000000       0.957190126383371     
  0.663120000000000       0.957279548062286     
  0.663200000000000       0.957368971465496     
  0.663280000000000       0.957458396590898     
  0.663360000000000       0.957547823438507     
  0.663440000000000       0.957637252007392     
  0.663520000000000       0.957726682296244     
  0.663600000000000       0.957816114304241     
  0.663680000000000       0.957905548031140     
  0.663760000000000       0.957994983475662     
  0.663840000000000       0.958084420637139     
  0.663920000000000       0.958173859514159     
  0.664000000000000       0.958263300107082     
  0.664080000000000       0.958352742413329     
  0.664160000000000       0.958442186433506     
  0.664240000000000       0.958531632166481     
  0.664320000000000       0.958621079610968     
  0.664400000000000       0.958710528766421     
  0.664480000000000       0.958799979631632     
  0.664560000000000       0.958889432206274     
  0.664640000000000       0.958978886489423     
  0.664720000000000       0.959068342479551     
  0.664800000000000       0.959157800176538     
  0.664880000000000       0.959247259579070     
  0.664960000000000       0.959336720686768     
  0.665040000000000       0.959426183498604     
  0.665120000000000       0.959515648013547     
  0.665200000000000       0.959605114230851     
  0.665280000000000       0.959694582149848     
  0.665360000000000       0.959784051769550     
  0.665440000000000       0.959873523088252     
  0.665520000000000       0.959962996106822     
  0.665600000000000       0.960052470823084     
  0.665680000000000       0.960141947236825     
  0.665760000000000       0.960231425346539     
  0.665840000000000       0.960320905152000     
  0.665920000000000       0.960410386652204     
  0.666000000000000       0.960499869846257     
  0.666080000000000       0.960589354733362     
  0.666160000000000       0.960678841312355     
  0.666240000000000       0.960768329582625     
  0.666320000000000       0.960857819544121     
  0.666400000000000       0.960947311194577     
  0.666480000000000       0.961036804533489     
  0.666560000000000       0.961126299560800     
  0.666640000000000       0.961215796275067     
  0.666720000000000       0.961305294675019     
  0.666800000000000       0.961394794760640     
  0.666880000000000       0.961484296530803     
  0.666960000000000       0.961573799984589     
  0.667040000000000       0.961663305121019     
  0.667120000000000       0.961752811939480     
  0.667200000000000       0.961842320438852     
  0.667280000000000       0.961931830618352     
  0.667360000000000       0.962021342477382     
  0.667440000000000       0.962110856014871     
  0.667520000000000       0.962200371229667     
  0.667600000000000       0.962289888121302     
  0.667680000000000       0.962379406689533     
  0.667760000000000       0.962468926932726     
  0.667840000000000       0.962558448849518     
  0.667920000000000       0.962647972440234     
  0.668000000000000       0.962737497702965     
  0.668080000000000       0.962827024637772     
  0.668160000000000       0.962916553243393     
  0.668240000000000       0.963006083518896     
  0.668320000000000       0.963095615463364     
  0.668400000000000       0.963185149076179     
  0.668480000000000       0.963274684356986     
  0.668560000000000       0.963364221303917     
  0.668640000000000       0.963453759916196     
  0.668720000000000       0.963543300193632     
  0.668800000000000       0.963632842135273     
  0.668880000000000       0.963722385739854     
  0.668960000000000       0.963811931006614     
  0.669040000000000       0.963901477935370     
  0.669120000000000       0.963991026524529     
  0.669200000000000       0.964080576772933     
  0.669280000000000       0.964170128680050     
  0.669360000000000       0.964259682245552     
  0.669440000000000       0.964349237468544     
  0.669520000000000       0.964438794347605     
  0.669600000000000       0.964528352882301     
  0.669680000000000       0.964617913071397     
  0.669760000000000       0.964707474913813     
  0.669840000000000       0.964797038410037     
  0.669920000000000       0.964886603557791     
  0.670000000000000       0.964976170356988     
  0.670080000000000       0.965065738806200     
  0.670160000000000       0.965155308905349     
  0.670240000000000       0.965244880652510     
  0.670320000000000       0.965334454047867     
  0.670400000000000       0.965424029090326     
  0.670480000000000       0.965513605778366     
  0.670560000000000       0.965603184112145     
  0.670640000000000       0.965692764090247     
  0.670720000000000       0.965782345711408     
  0.670800000000000       0.965871928975507     
  0.670880000000000       0.965961513881272     
  0.670960000000000       0.966051100428072     
  0.671040000000000       0.966140688615401     
  0.671120000000000       0.966230278441235     
  0.671200000000000       0.966319869906013     
  0.671280000000000       0.966409463007946     
  0.671360000000000       0.966499057746834     
  0.671440000000000       0.966588654121456     
  0.671520000000000       0.966678252131328     
  0.671600000000000       0.966767851774965     
  0.671680000000000       0.966857453051976     
  0.671760000000000       0.966947055961182     
  0.671840000000000       0.967036660502463     
  0.671920000000000       0.967126266674069     
  0.672000000000000       0.967215874475518     
  0.672080000000000       0.967305483906242     
  0.672160000000000       0.967395094964584     
  0.672240000000000       0.967484707651150     
  0.672320000000000       0.967574321962918     
  0.672400000000000       0.967663937901275     
  0.672480000000000       0.967753555464104     
  0.672560000000000       0.967843174650416     
  0.672640000000000       0.967932795460481     
  0.672720000000000       0.968022417892141     
  0.672800000000000       0.968112041945216     
  0.672880000000000       0.968201667618591     
  0.672960000000000       0.968291294911478     
  0.673040000000000       0.968380923823145     
  0.673120000000000       0.968470554353534     
  0.673200000000000       0.968560186500075     
  0.673280000000000       0.968649820263263     
  0.673360000000000       0.968739455641587     
  0.673440000000000       0.968829092634284     
  0.673520000000000       0.968918731240873     
  0.673600000000000       0.969008371459385     
  0.673680000000000       0.969098013290502     
  0.673760000000000       0.969187656733109     
  0.673840000000000       0.969277301785358     
  0.673920000000000       0.969366948446773     
  0.674000000000000       0.969456596716708     
  0.674080000000000       0.969546246594501     
  0.674160000000000       0.969635898079237     
  0.674240000000000       0.969725551169650     
  0.674320000000000       0.969815205864816     
  0.674400000000000       0.969904862165056     
  0.674480000000000       0.969994520068053     
  0.674560000000000       0.970084179573850     
  0.674640000000000       0.970173840680940     
  0.674720000000000       0.970263503389110     
  0.674800000000000       0.970353167696641     
  0.674880000000000       0.970442833603710     
  0.674960000000000       0.970532501108775     
  0.675040000000000       0.970622170211539     
  0.675120000000000       0.970711840910813     
  0.675200000000000       0.970801513205505     
  0.675280000000000       0.970891187094904     
  0.675360000000000       0.970980862578803     
  0.675440000000000       0.971070539655128     
  0.675520000000000       0.971160218323921     
  0.675600000000000       0.971249898584145     
  0.675680000000000       0.971339580435374     
  0.675760000000000       0.971429263875859     
  0.675840000000000       0.971518948904543     
  0.675920000000000       0.971608635522085     
  0.676000000000000       0.971698323726426     
  0.676080000000000       0.971788013516762     
  0.676160000000000       0.971877704892880     
  0.676240000000000       0.971967397853309     
  0.676320000000000       0.972057092397155     
  0.676400000000000       0.972146788524289     
  0.676480000000000       0.972236486232849     
  0.676560000000000       0.972326185523184     
  0.676640000000000       0.972415886393169     
  0.676720000000000       0.972505588843174     
  0.676800000000000       0.972595292871550     
  0.676880000000000       0.972684998477835     
  0.676960000000000       0.972774705660353     
  0.677040000000000       0.972864414419367     
  0.677120000000000       0.972954124753220     
  0.677200000000000       0.973043836661245     
  0.677280000000000       0.973133550142418     
  0.677360000000000       0.973223265196698     
  0.677440000000000       0.973312981822485     
  0.677520000000000       0.973402700019034     
  0.677600000000000       0.973492419785782     
  0.677680000000000       0.973582141121082     
  0.677760000000000       0.973671864025545     
  0.677840000000000       0.973761588497273     
  0.677920000000000       0.973851314534767     
  0.678000000000000       0.973941042138261     
  0.678080000000000       0.974030771306649     
  0.678160000000000       0.974120502039281     
  0.678240000000000       0.974210234335214     
  0.678320000000000       0.974299968192587     
  0.678400000000000       0.974389703612130     
  0.678480000000000       0.974479440592096     
  0.678560000000000       0.974569179131909     
  0.678640000000000       0.974658919230298     
  0.678720000000000       0.974748660886551     
  0.678800000000000       0.974838404100123     
  0.678880000000000       0.974928148870075     
  0.678960000000000       0.975017895195582     
  0.679040000000000       0.975107643075181     
  0.679120000000000       0.975197392508808     
  0.679200000000000       0.975287143495163     
  0.679280000000000       0.975376896033563     
  0.679360000000000       0.975466650122773     
  0.679440000000000       0.975556405762742     
  0.679520000000000       0.975646162952178     
  0.679600000000000       0.975735921689929     
  0.679680000000000       0.975825681975100     
  0.679760000000000       0.975915443807676     
  0.679840000000000       0.976005207186166     
  0.679920000000000       0.976094972109327     
  0.680000000000000       0.976184738577413     
  0.680080000000000       0.976274506588614     
  0.680160000000000       0.976364276142452     
  0.680240000000000       0.976454047237820     
  0.680320000000000       0.976543819873865     
  0.680400000000000       0.976633594050779     
  0.680480000000000       0.976723369766202     
  0.680560000000000       0.976813147019588     
  0.680640000000000       0.976902925810930     
  0.680720000000000       0.976992706138330     
  0.680800000000000       0.977082488002257     
  0.680880000000000       0.977172271400168     
  0.680960000000000       0.977262056332560     
  0.681040000000000       0.977351842797735     
  0.681120000000000       0.977441630795799     
  0.681200000000000       0.977531420324770     
  0.681280000000000       0.977621211384456     
  0.681360000000000       0.977711003974126     
  0.681440000000000       0.977800798092144     
  0.681520000000000       0.977890593738476     
  0.681600000000000       0.977980390911566     
  0.681680000000000       0.978070189611512     
  0.681760000000000       0.978159989836688     
  0.681840000000000       0.978249791585935     
  0.681920000000000       0.978339594859922     
  0.682000000000000       0.978429399655302     
  0.682080000000000       0.978519205974455     
  0.682160000000000       0.978609013813231     
  0.682240000000000       0.978698823172853     
  0.682320000000000       0.978788634051779     
  0.682400000000000       0.978878446449674     
  0.682480000000000       0.978968260364564     
  0.682560000000000       0.979058075796982     
  0.682640000000000       0.979147892745229     
  0.682720000000000       0.979237711207834     
  0.682800000000000       0.979327531185380     
  0.682880000000000       0.979417352676575     
  0.682960000000000       0.979507175680017     
  0.683040000000000       0.979597000194400     
  0.683120000000000       0.979686826220860     
  0.683200000000000       0.979776653756961     
  0.683280000000000       0.979866482802021     
  0.683360000000000       0.979956313355235     
  0.683440000000000       0.980046145415945     
  0.683520000000000       0.980135978983658     
  0.683600000000000       0.980225814056500     
  0.683680000000000       0.980315650633746     
  0.683760000000000       0.980405488715644     
  0.683840000000000       0.980495328300795     
  0.683920000000000       0.980585169387955     
  0.684000000000000       0.980675011976271     
  0.684080000000000       0.980764856065147     
  0.684160000000000       0.980854701654206     
  0.684240000000000       0.980944548741665     
  0.684320000000000       0.981034397326849     
  0.684400000000000       0.981124247409366     
  0.684480000000000       0.981214098988357     
  0.684560000000000       0.981303952062657     
  0.684640000000000       0.981393806631257     
  0.684720000000000       0.981483662693994     
  0.684800000000000       0.981573520249161     
  0.684880000000000       0.981663379296262     
  0.684960000000000       0.981753239834565     
  0.685040000000000       0.981843101863046     
  0.685120000000000       0.981932965381110     
  0.685200000000000       0.982022830387440     
  0.685280000000000       0.982112696881420     
  0.685360000000000       0.982202564861933     
  0.685440000000000       0.982292434329314     
  0.685520000000000       0.982382305280848     
  0.685600000000000       0.982472177717040     
  0.685680000000000       0.982562051636525     
  0.685760000000000       0.982651927038181     
  0.685840000000000       0.982741803921937     
  0.685920000000000       0.982831682286158     
  0.686000000000000       0.982921562130568     
  0.686080000000000       0.983011443453603     
  0.686160000000000       0.983101326255547     
  0.686240000000000       0.983191210534781     
  0.686320000000000       0.983281096289805     
  0.686400000000000       0.983370983521436     
  0.686480000000000       0.983460872226229     
  0.686560000000000       0.983550762406136     
  0.686640000000000       0.983640654058829     
  0.686720000000000       0.983730547183985     
  0.686800000000000       0.983820441780549     
  0.686880000000000       0.983910337846997     
  0.686960000000000       0.984000235383338     
  0.687040000000000       0.984090134388535     
  0.687120000000000       0.984180034861357     
  0.687200000000000       0.984269936801756     
  0.687280000000000       0.984359840207777     
  0.687360000000000       0.984449745079442     
  0.687440000000000       0.984539651415557     
  0.687520000000000       0.984629559215162     
  0.687600000000000       0.984719468477242     
  0.687680000000000       0.984809379201484     
  0.687760000000000       0.984899291386559     
  0.687840000000000       0.984989205032325     
  0.687920000000000       0.985079120136793     
  0.688000000000000       0.985169036699870     
  0.688080000000000       0.985258954720540     
  0.688160000000000       0.985348874198192     
  0.688240000000000       0.985438795131199     
  0.688320000000000       0.985528717519774     
  0.688400000000000       0.985618641362106     
  0.688480000000000       0.985708566658059     
  0.688560000000000       0.985798493405963     
  0.688640000000000       0.985888421605840     
  0.688720000000000       0.985978351256261     
  0.688800000000000       0.986068282356425     
  0.688880000000000       0.986158214905328     
  0.688960000000000       0.986248148902438     
  0.689040000000000       0.986338084347328     
  0.689120000000000       0.986428021238343     
  0.689200000000000       0.986517959575228     
  0.689280000000000       0.986607899355978     
  0.689360000000000       0.986697840581333     
  0.689440000000000       0.986787783249323     
  0.689520000000000       0.986877727359062     
  0.689600000000000       0.986967672910748     
  0.689680000000000       0.987057619902384     
  0.689760000000000       0.987147568333516     
  0.689840000000000       0.987237518203000     
  0.689920000000000       0.987327469511098     
  0.690000000000000       0.987417422255984     
  0.690080000000000       0.987507376436828     
  0.690160000000000       0.987597332052449     
  0.690240000000000       0.987687289102791     
  0.690320000000000       0.987777247586241     
  0.690400000000000       0.987867207502735     
  0.690480000000000       0.987957168851193     
  0.690560000000000       0.988047131630350     
  0.690640000000000       0.988137095839168     
  0.690720000000000       0.988227061477528     
  0.690800000000000       0.988317028544355     
  0.690880000000000       0.988406997038521     
  0.690960000000000       0.988496966958995     
  0.691040000000000       0.988586938305670     
  0.691120000000000       0.988676911077104     
  0.691200000000000       0.988766885272508     
  0.691280000000000       0.988856860891109     
  0.691360000000000       0.988946837932123     
  0.691440000000000       0.989036816394443     
  0.691520000000000       0.989126796277074     
  0.691600000000000       0.989216777580037     
  0.691680000000000       0.989306760301379     
  0.691760000000000       0.989396744440872     
  0.691840000000000       0.989486729997925     
  0.691920000000000       0.989576716970529     
  0.692000000000000       0.989666705359210     
  0.692080000000000       0.989756695161479     
  0.692160000000000       0.989846686378326     
  0.692240000000000       0.989936679007518     
  0.692320000000000       0.990026673049383     
  0.692400000000000       0.990116668501930     
  0.692480000000000       0.990206665364842     
  0.692560000000000       0.990296663636823     
  0.692640000000000       0.990386663317221     
  0.692720000000000       0.990476664405851     
  0.692800000000000       0.990566666901462     
  0.692880000000000       0.990656670802385     
  0.692960000000000       0.990746676108604     
  0.693040000000000       0.990836682818814     
  0.693120000000000       0.990926690932871     
  0.693200000000000       0.991016700449497     
  0.693280000000000       0.991106711367064     
  0.693360000000000       0.991196723685751     
  0.693440000000000       0.991286737404519     
  0.693520000000000       0.991376752522197     
  0.693600000000000       0.991466769038195     
  0.693680000000000       0.991556786951325     
  0.693760000000000       0.991646806260822     
  0.693840000000000       0.991736826966236     
  0.693920000000000       0.991826849066062     
  0.694000000000000       0.991916872560378     
  0.694080000000000       0.992006897447237     
  0.694160000000000       0.992096923726390     
  0.694240000000000       0.992186951396907     
  0.694320000000000       0.992276980458027     
  0.694400000000000       0.992367010908109     
  0.694480000000000       0.992457042747763     
  0.694560000000000       0.992547075974497     
  0.694640000000000       0.992637110588529     
  0.694720000000000       0.992727146588497     
  0.694800000000000       0.992817183973831     
  0.694880000000000       0.992907222743764     
  0.694960000000000       0.992997262897593     
  0.695040000000000       0.993087304433826     
  0.695120000000000       0.993177347351460     
  0.695200000000000       0.993267391650183     
  0.695280000000000       0.993357437329249     
  0.695360000000000       0.993447484386988     
  0.695440000000000       0.993537532823350     
  0.695520000000000       0.993627582637718     
  0.695600000000000       0.993717633828450     
  0.695680000000000       0.993807686394686     
  0.695760000000000       0.993897740336263     
  0.695840000000000       0.993987795651830     
  0.695920000000000       0.994077852340706     
  0.696000000000000       0.994167910401583     
  0.696080000000000       0.994257969833900     
  0.696160000000000       0.994348030636939     
  0.696240000000000       0.994438092809749     
  0.696320000000000       0.994528156351497     
  0.696400000000000       0.994618221261253     
  0.696480000000000       0.994708287538064     
  0.696560000000000       0.994798355181292     
  0.696640000000000       0.994888424189878     
  0.696720000000000       0.994978494563409     
  0.696800000000000       0.995068566299960     
  0.696880000000000       0.995158639399894     
  0.696960000000000       0.995248713861845     
  0.697040000000000       0.995338789684131     
  0.697120000000000       0.995428866867716     
  0.697200000000000       0.995518945410194     
  0.697280000000000       0.995609025311030     
  0.697360000000000       0.995699106570559     
  0.697440000000000       0.995789189186031     
  0.697520000000000       0.995879273157134     
  0.697600000000000       0.995969358483532     
  0.697680000000000       0.996059445164765     
  0.697760000000000       0.996149533199099     
  0.697840000000000       0.996239622585375     
  0.697920000000000       0.996329713324006     
  0.698000000000000       0.996419805413109     
  0.698080000000000       0.996509898852179     
  0.698160000000000       0.996599993640235     
  0.698240000000000       0.996690089776384     
  0.698320000000000       0.996780187260062     
  0.698400000000000       0.996870286089977     
  0.698480000000000       0.996960386265624     
  0.698560000000000       0.997050487786024     
  0.698640000000000       0.997140590650407     
  0.698720000000000       0.997230694857582     
  0.698800000000000       0.997320800407036     
  0.698880000000000       0.997410907297248     
  0.698960000000000       0.997501015528645     
  0.699040000000000       0.997591125099046     
  0.699120000000000       0.997681236008792     
  0.699200000000000       0.997771348256020     
  0.699280000000000       0.997861461840192     
  0.699360000000000       0.997951576759900     
  0.699440000000000       0.998041693015577     
  0.699520000000000       0.998131810604936     
  0.699600000000000       0.998221929528815     
  0.699680000000000       0.998312049784542     
  0.699760000000000       0.998402171372366     
  0.699840000000000       0.998492294290973     
  0.699920000000000       0.998582418539596     
  0.700000000000000       0.998672544117529     
  0.700080000000000       0.998762671023830     
  0.700160000000000       0.998852799257695     
  0.700240000000000       0.998942928818484     
  0.700320000000000       0.999033059703781     
  0.700400000000000       0.999123191914667     
  0.700480000000000       0.999213325449976     
  0.700560000000000       0.999303460308216     
  0.700640000000000       0.999393596488088     
  0.700720000000000       0.999483733990364     
  0.700800000000000       0.999573872812736     
  0.700880000000000       0.999664012954402     
  0.700960000000000       0.999754154415247     
  0.701040000000000       0.999844297194163     
  0.701120000000000       0.999934441290084     
  0.701200000000000        1.00002458670229     
  0.701280000000000        1.00011473343004     
  0.701360000000000        1.00020488147216     
  0.701440000000000        1.00029503082751     
  0.701520000000000        1.00038518149636     
  0.701600000000000        1.00047533347668     
  0.701680000000000        1.00056548676800     
  0.701760000000000        1.00065564136976     
  0.701840000000000        1.00074579728077     
  0.701920000000000        1.00083595449995     
  0.702000000000000        1.00092611302717     
  0.702080000000000        1.00101627286072     
  0.702160000000000        1.00110643400043     
  0.702240000000000        1.00119659644503     
  0.702320000000000        1.00128676019383     
  0.702400000000000        1.00137692524600     
  0.702480000000000        1.00146709160047     
  0.702560000000000        1.00155725925638     
  0.702640000000000        1.00164742821304     
  0.702720000000000        1.00173759846978     
  0.702800000000000        1.00182777002509     
  0.702880000000000        1.00191794287900     
  0.702960000000000        1.00200811702999     
  0.703040000000000        1.00209829247681     
  0.703120000000000        1.00218846921961     
  0.703200000000000        1.00227864725691     
  0.703280000000000        1.00236882658815     
  0.703360000000000        1.00245900721233     
  0.703440000000000        1.00254918912780     
  0.703520000000000        1.00263937233514     
  0.703600000000000        1.00272955683265     
  0.703680000000000        1.00281974261975     
  0.703760000000000        1.00290992969524     
  0.703840000000000        1.00300011805851     
  0.703920000000000        1.00309030770840     
  0.704000000000000        1.00318049864456     
  0.704080000000000        1.00327069086564     
  0.704160000000000        1.00336088437105     
  0.704240000000000        1.00345107916033     
  0.704320000000000        1.00354127523159     
  0.704400000000000        1.00363147258447     
  0.704480000000000        1.00372167121889     
  0.704560000000000        1.00381187113235     
  0.704640000000000        1.00390207232528     
  0.704720000000000        1.00399227479623     
  0.704800000000000        1.00408247854490     
  0.704880000000000        1.00417268356960     
  0.704960000000000        1.00426288987007     
  0.705040000000000        1.00435309744530     
  0.705120000000000        1.00444330629479     
  0.705200000000000        1.00453351641685     
  0.705280000000000        1.00462372781123     
  0.705360000000000        1.00471394047646     
  0.705440000000000        1.00480415441263     
  0.705520000000000        1.00489436961827     
  0.705600000000000        1.00498458609259     
  0.705680000000000        1.00507480383425     
  0.705760000000000        1.00516502284362     
  0.705840000000000        1.00525524311897     
  0.705920000000000        1.00534546465904     
  0.706000000000000        1.00543568746409     
  0.706080000000000        1.00552591153209     
  0.706160000000000        1.00561613686287     
  0.706240000000000        1.00570636345578     
  0.706320000000000        1.00579659130899     
  0.706400000000000        1.00588682042292     
  0.706480000000000        1.00597705079548     
  0.706560000000000        1.00606728242672     
  0.706640000000000        1.00615751531484     
  0.706720000000000        1.00624774946015     
  0.706800000000000        1.00633798486098     
  0.706880000000000        1.00642822151651     
  0.706960000000000        1.00651845942631     
  0.707040000000000        1.00660869858908     
  0.707120000000000        1.00669893900401     
  0.707200000000000        1.00678918067029     
  0.707280000000000        1.00687942358715     
  0.707360000000000        1.00696966775409     
  0.707440000000000        1.00705991316898     
  0.707520000000000        1.00715015983242     
  0.707600000000000        1.00724040774278     
  0.707680000000000        1.00733065689918     
  0.707760000000000        1.00742090730127     
  0.707840000000000        1.00751115894765     
  0.707920000000000        1.00760141183734     
  0.708000000000000        1.00769166596999     
  0.708080000000000        1.00778192134440     
  0.708160000000000        1.00787217795974     
  0.708240000000000        1.00796243581534     
  0.708320000000000        1.00805269491021     
  0.708400000000000        1.00814295524354     
  0.708480000000000        1.00823321681416     
  0.708560000000000        1.00832347962158     
  0.708640000000000        1.00841374366483     
  0.708720000000000        1.00850400894319     
  0.708800000000000        1.00859427545548     
  0.708880000000000        1.00868454320091     
  0.708960000000000        1.00877481217863     
  0.709040000000000        1.00886508238783     
  0.709120000000000        1.00895535382796     
  0.709200000000000        1.00904562649742     
  0.709280000000000        1.00913590039558     
  0.709360000000000        1.00922617552261     
  0.709440000000000        1.00931645187592     
  0.709520000000000        1.00940672945571     
  0.709600000000000        1.00949700826127     
  0.709680000000000        1.00958728829093     
  0.709760000000000        1.00967756954462     
  0.709840000000000        1.00976785202066     
  0.709920000000000        1.00985813571872     
  0.710000000000000        1.00994842063853     
  0.710080000000000        1.01003870677799     
  0.710160000000000        1.01012899413677     
  0.710240000000000        1.01021928271418     
  0.710320000000000        1.01030957250928     
  0.710400000000000        1.01039986352094     
  0.710480000000000        1.01049015574809     
  0.710560000000000        1.01058044919079     
  0.710640000000000        1.01067074384762     
  0.710720000000000        1.01076103971763     
  0.710800000000000        1.01085133680010     
  0.710880000000000        1.01094163509414     
  0.710960000000000        1.01103193459835     
  0.711040000000000        1.01112223531332     
  0.711120000000000        1.01121253723639     
  0.711200000000000        1.01130284036789     
  0.711280000000000        1.01139314470652     
  0.711360000000000        1.01148345025117     
  0.711440000000000        1.01157375700225     
  0.711520000000000        1.01166406495740     
  0.711600000000000        1.01175437411589     
  0.711680000000000        1.01184468447776     
  0.711760000000000        1.01193499604219     
  0.711840000000000        1.01202530880644     
  0.711920000000000        1.01211562277181     
  0.712000000000000        1.01220593793613     
  0.712080000000000        1.01229625429959     
  0.712160000000000        1.01238657186012     
  0.712240000000000        1.01247689061760     
  0.712320000000000        1.01256721057152     
  0.712400000000000        1.01265753171984     
  0.712480000000000        1.01274785406248     
  0.712560000000000        1.01283817759882     
  0.712640000000000        1.01292850232730     
  0.712720000000000        1.01301882824788     
  0.712800000000000        1.01310915535905     
  0.712880000000000        1.01319948365938     
  0.712960000000000        1.01328981314929     
  0.713040000000000        1.01338014382710     
  0.713120000000000        1.01347047569255     
  0.713200000000000        1.01356080874421     
  0.713280000000000        1.01365114298162     
  0.713360000000000        1.01374147840332     
  0.713440000000000        1.01383181500861     
  0.713520000000000        1.01392215279735     
  0.713600000000000        1.01401249176826     
  0.713680000000000        1.01410283192024     
  0.713760000000000        1.01419317325206     
  0.713840000000000        1.01428351576403     
  0.713920000000000        1.01437385945360     
  0.714000000000000        1.01446420432207     
  0.714080000000000        1.01455455036713     
  0.714160000000000        1.01464489758758     
  0.714240000000000        1.01473524598354     
  0.714320000000000        1.01482559555384     
  0.714400000000000        1.01491594629738     
  0.714480000000000        1.01500629821327     
  0.714560000000000        1.01509665130134     
  0.714640000000000        1.01518700555954     
  0.714720000000000        1.01527736098876     
  0.714800000000000        1.01536771758605     
  0.714880000000000        1.01545807535181     
  0.714960000000000        1.01554843428475     
  0.715040000000000        1.01563879438416     
  0.715120000000000        1.01572915564943     
  0.715200000000000        1.01581951807913     
  0.715280000000000        1.01590988167264     
  0.715360000000000        1.01600024642930     
  0.715440000000000        1.01609061234810     
  0.715520000000000        1.01618097942795     
  0.715600000000000        1.01627134766862     
  0.715680000000000        1.01636171706839     
  0.715760000000000        1.01645208762693     
  0.715840000000000        1.01654245934327     
  0.715920000000000        1.01663283221603     
  0.716000000000000        1.01672320624558     
  0.716080000000000        1.01681358142996     
  0.716160000000000        1.01690395776872     
  0.716240000000000        1.01699433526092     
  0.716320000000000        1.01708471390522     
  0.716400000000000        1.01717509370172     
  0.716480000000000        1.01726547464896     
  0.716560000000000        1.01735585674613     
  0.716640000000000        1.01744623999275     
  0.716720000000000        1.01753662438698     
  0.716800000000000        1.01762700992861     
  0.716880000000000        1.01771739661718     
  0.716960000000000        1.01780778445085     
  0.717040000000000        1.01789817342948     
  0.717120000000000        1.01798856355174     
  0.717200000000000        1.01807895481757     
  0.717280000000000        1.01816934722529     
  0.717360000000000        1.01825974077446     
  0.717440000000000        1.01835013546423     
  0.717520000000000        1.01844053129315     
  0.717600000000000        1.01853092826044     
  0.717680000000000        1.01862132636590     
  0.717760000000000        1.01871172560832     
  0.717840000000000        1.01880212598674     
  0.717920000000000        1.01889252750076     
  0.718000000000000        1.01898293014855     
  0.718080000000000        1.01907333392979     
  0.718160000000000        1.01916373884395     
  0.718240000000000        1.01925414488921     
  0.718320000000000        1.01934455206599     
  0.718400000000000        1.01943496037267     
  0.718480000000000        1.01952536980840     
  0.718560000000000        1.01961578037247     
  0.718640000000000        1.01970619206386     
  0.718720000000000        1.01979660488149     
  0.718800000000000        1.01988701882487     
  0.718880000000000        1.01997743389294     
  0.718960000000000        1.02006785008540     
  0.719040000000000        1.02015826740098     
  0.719120000000000        1.02024868583818     
  0.719200000000000        1.02033910539690     
  0.719280000000000        1.02042952607565     
  0.719360000000000        1.02051994787430     
  0.719440000000000        1.02061037079202     
  0.719520000000000        1.02070079482698     
  0.719600000000000        1.02079121997881     
  0.719680000000000        1.02088164624727     
  0.719760000000000        1.02097207363061     
  0.719840000000000        1.02106250212836     
  0.719920000000000        1.02115293173991     
  0.720000000000000        1.02124336246358     
  0.720080000000000        1.02133379429929     
  0.720160000000000        1.02142422724563     
  0.720240000000000        1.02151466130212     
  0.720320000000000        1.02160509646803     
  0.720400000000000        1.02169553274162     
  0.720480000000000        1.02178597012300     
  0.720560000000000        1.02187640861076     
  0.720640000000000        1.02196684820432     
  0.720720000000000        1.02205728890253     
  0.720800000000000        1.02214773070452     
  0.720880000000000        1.02223817360986     
  0.720960000000000        1.02232861761740     
  0.721040000000000        1.02241906272611     
  0.721120000000000        1.02250950893548     
  0.721200000000000        1.02259995624403     
  0.721280000000000        1.02269040465129     
  0.721360000000000        1.02278085415653     
  0.721440000000000        1.02287130475909     
  0.721520000000000        1.02296175645723     
  0.721600000000000        1.02305220925021     
  0.721680000000000        1.02314266313862     
  0.721760000000000        1.02323311812027     
  0.721840000000000        1.02332357419410     
  0.721920000000000        1.02341403135976     
  0.722000000000000        1.02350448961651     
  0.722080000000000        1.02359494896300     
  0.722160000000000        1.02368540939897     
  0.722240000000000        1.02377587092316     
  0.722320000000000        1.02386633353450     
  0.722400000000000        1.02395679723226     
  0.722480000000000        1.02404726201639     
  0.722560000000000        1.02413772788473     
  0.722640000000000        1.02422819483681     
  0.722720000000000        1.02431866287277     
  0.722800000000000        1.02440913198960     
  0.722880000000000        1.02449960218893     
  0.722960000000000        1.02459007346859     
  0.723040000000000        1.02468054582719     
  0.723120000000000        1.02477101926433     
  0.723200000000000        1.02486149378024     
  0.723280000000000        1.02495196937260     
  0.723360000000000        1.02504244604117     
  0.723440000000000        1.02513292378491     
  0.723520000000000        1.02522340260270     
  0.723600000000000        1.02531388249485     
  0.723680000000000        1.02540436345871     
  0.723760000000000        1.02549484549465     
  0.723840000000000        1.02558532860141     
  0.723920000000000        1.02567581277848     
  0.724000000000000        1.02576629802390     
  0.724080000000000        1.02585678433844     
  0.724160000000000        1.02594727171999     
  0.724240000000000        1.02603776016833     
  0.724320000000000        1.02612824968171     
  0.724400000000000        1.02621874026039     
  0.724480000000000        1.02630923190289     
  0.724560000000000        1.02639972460836     
  0.724640000000000        1.02649021837634     
  0.724720000000000        1.02658071320518     
  0.724800000000000        1.02667120909483     
  0.724880000000000        1.02676170604335     
  0.724960000000000        1.02685220405108     
  0.725040000000000        1.02694270311671     
  0.725120000000000        1.02703320323909     
  0.725200000000000        1.02712370441808     
  0.725280000000000        1.02721420665153     
  0.725360000000000        1.02730470993965     
  0.725440000000000        1.02739521428069     
  0.725520000000000        1.02748571967537     
  0.725600000000000        1.02757622612127     
  0.725680000000000        1.02766673361812     
  0.725760000000000        1.02775724216462     
  0.725840000000000        1.02784775176066     
  0.725920000000000        1.02793826240466     
  0.726000000000000        1.02802877409600     
  0.726080000000000        1.02811928683418     
  0.726160000000000        1.02820980061788     
  0.726240000000000        1.02830031544589     
  0.726320000000000        1.02839083131817     
  0.726400000000000        1.02848134823372     
  0.726480000000000        1.02857186619064     
  0.726560000000000        1.02866238518965     
  0.726640000000000        1.02875290522928     
  0.726720000000000        1.02884342630744     
  0.726800000000000        1.02893394842478     
  0.726880000000000        1.02902447158002     
  0.726960000000000        1.02911499577219     
  0.727040000000000        1.02920552100035     
  0.727120000000000        1.02929604726343     
  0.727200000000000        1.02938657456109     
  0.727280000000000        1.02947710289234     
  0.727360000000000        1.02956763225599     
  0.727440000000000        1.02965816265136     
  0.727520000000000        1.02974869407769     
  0.727600000000000        1.02983922653369     
  0.727680000000000        1.02992976001898     
  0.727760000000000        1.03002029453238     
  0.727840000000000        1.03011083007356     
  0.727920000000000        1.03020136664088     
  0.728000000000000        1.03029190423316     
  0.728080000000000        1.03038244285118     
  0.728160000000000        1.03047298249280     
  0.728240000000000        1.03056352315755     
  0.728320000000000        1.03065406484381     
  0.728400000000000        1.03074460755194     
  0.728480000000000        1.03083515128018     
  0.728560000000000        1.03092569602766     
  0.728640000000000        1.03101624179424     
  0.728720000000000        1.03110678857808     
  0.728800000000000        1.03119733637937     
  0.728880000000000        1.03128788519668     
  0.728960000000000        1.03137843502881     
  0.729040000000000        1.03146898587530     
  0.729120000000000        1.03155953773546     
  0.729200000000000        1.03165009060792     
  0.729280000000000        1.03174064449204     
  0.729360000000000        1.03183119938681     
  0.729440000000000        1.03192175529157     
  0.729520000000000        1.03201231220620     
  0.729600000000000        1.03210287012812     
  0.729680000000000        1.03219342905734     
  0.729760000000000        1.03228398899366     
  0.729840000000000        1.03237454993476     
  0.729920000000000        1.03246511188091     
  0.730000000000000        1.03255567483089     
  0.730080000000000        1.03264623878362     
  0.730160000000000        1.03273680373878     
  0.730240000000000        1.03282736969537     
  0.730320000000000        1.03291793665194     
  0.730400000000000        1.03300850460764     
  0.730480000000000        1.03309907356276     
  0.730560000000000        1.03318964351464     
  0.730640000000000        1.03328021446385     
  0.730720000000000        1.03337078640891     
  0.730800000000000        1.03346135934954     
  0.730880000000000        1.03355193328433     
  0.730960000000000        1.03364250821202     
  0.731040000000000        1.03373308413218     
  0.731120000000000        1.03382366104446     
  0.731200000000000        1.03391423894684     
  0.731280000000000        1.03400481783971     
  0.731360000000000        1.03409539772131     
  0.731440000000000        1.03418597859127     
  0.731520000000000        1.03427656044829     
  0.731600000000000        1.03436714329178     
  0.731680000000000        1.03445772712069     
  0.731760000000000        1.03454831193440     
  0.731840000000000        1.03463889773172     
  0.731920000000000        1.03472948451239     
  0.732000000000000        1.03482007227482     
  0.732080000000000        1.03491066101811     
  0.732160000000000        1.03500125074200     
  0.732240000000000        1.03509184144515     
  0.732320000000000        1.03518243312724     
  0.732400000000000        1.03527302578650     
  0.732480000000000        1.03536361942286     
  0.732560000000000        1.03545421403472     
  0.732640000000000        1.03554480962198     
  0.732720000000000        1.03563540618385     
  0.732800000000000        1.03572600371809     
  0.732880000000000        1.03581660222535     
  0.732960000000000        1.03590720170429     
  0.733040000000000        1.03599780215382     
  0.733120000000000        1.03608840357287     
  0.733200000000000        1.03617900596091     
  0.733280000000000        1.03626960931756     
  0.733360000000000        1.03636021364084     
  0.733440000000000        1.03645081893078     
  0.733520000000000        1.03654142518638     
  0.733600000000000        1.03663203240599     
  0.733680000000000        1.03672264058971     
  0.733760000000000        1.03681324973638     
  0.733840000000000        1.03690385984477     
  0.733920000000000        1.03699447091443     
  0.734000000000000        1.03708508294379     
  0.734080000000000        1.03717569593365     
  0.734160000000000        1.03726630988085     
  0.734240000000000        1.03735692478592     
  0.734320000000000        1.03744754064837     
  0.734400000000000        1.03753815746569     
  0.734480000000000        1.03762877523927     
  0.734560000000000        1.03771939396591     
  0.734640000000000        1.03781001364550     
  0.734720000000000        1.03790063427847     
  0.734800000000000        1.03799125586221     
  0.734880000000000        1.03808187839728     
  0.734960000000000        1.03817250188194     
  0.735040000000000        1.03826312631484     
  0.735120000000000        1.03835375169708     
  0.735200000000000        1.03844437802492     
  0.735280000000000        1.03853500530014     
  0.735360000000000        1.03862563352034     
  0.735440000000000        1.03871626268461     
  0.735520000000000        1.03880689279331     
  0.735600000000000        1.03889752384455     
  0.735680000000000        1.03898815583753     
  0.735760000000000        1.03907878877176     
  0.735840000000000        1.03916942264564     
  0.735920000000000        1.03926005745947     
  0.736000000000000        1.03935069321128     
  0.736080000000000        1.03944132990079     
  0.736160000000000        1.03953196752721     
  0.736240000000000        1.03962260608908     
  0.736320000000000        1.03971324558630     
  0.736400000000000        1.03980388601706     
  0.736480000000000        1.03989452738079     
  0.736560000000000        1.03998516967760     
  0.736640000000000        1.04007581290518     
  0.736720000000000        1.04016645706392     
  0.736800000000000        1.04025710215151     
  0.736880000000000        1.04034774816885     
  0.736960000000000        1.04043839511364     
  0.737040000000000        1.04052904298505     
  0.737120000000000        1.04061969178362     
  0.737200000000000        1.04071034150694     
  0.737280000000000        1.04080099215458     
  0.737360000000000        1.04089164372642     
  0.737440000000000        1.04098229622052     
  0.737520000000000        1.04107294963622     
  0.737600000000000        1.04116360397333     
  0.737680000000000        1.04125425923027     
  0.737760000000000        1.04134491540654     
  0.737840000000000        1.04143557250113     
  0.737920000000000        1.04152623051314     
  0.738000000000000        1.04161688944180     
  0.738080000000000        1.04170754928621     
  0.738160000000000        1.04179821004575     
  0.738240000000000        1.04188887171868     
  0.738320000000000        1.04197953430490     
  0.738400000000000        1.04207019780280     
  0.738480000000000        1.04216086221277     
  0.738560000000000        1.04225152753298     
  0.738640000000000        1.04234219376282     
  0.738720000000000        1.04243286090182     
  0.738800000000000        1.04252352894784     
  0.738880000000000        1.04261419790153     
  0.738960000000000        1.04270486776121     
  0.739040000000000        1.04279553852608     
  0.739120000000000        1.04288621019515     
  0.739200000000000        1.04297688276758     
  0.739280000000000        1.04306755624279     
  0.739360000000000        1.04315823062008     
  0.739440000000000        1.04324890589792     
  0.739520000000000        1.04333958207555     
  0.739600000000000        1.04343025915220     
  0.739680000000000        1.04352093712760     
  0.739760000000000        1.04361161600017     
  0.739840000000000        1.04370229576919     
  0.739920000000000        1.04379297643355     
