  0.660000000000000       0.124676327005431     
  0.660080000000000       0.124677245910433     
  0.660160000000000       0.124678164948718     
  0.660240000000000       0.124679084121765     
  0.660320000000000       0.124680003427669     
  0.660400000000000       0.124680922867639     
  0.660480000000000       0.124681842441986     
  0.660560000000000       0.124682762149688     
  0.660640000000000       0.124683681991285     
  0.660720000000000       0.124684601966350     
  0.660800000000000       0.124685522075565     
  0.660880000000000       0.124686442318747     
  0.660960000000000       0.124687362695240     
  0.661040000000000       0.124688283205500     
  0.661120000000000       0.124689203849626     
  0.661200000000000       0.124690124627846     
  0.661280000000000       0.124691045539378     
  0.661360000000000       0.124691966584861     
  0.661440000000000       0.124692887763742     
  0.661520000000000       0.124693809076304     
  0.661600000000000       0.124694730522875     
  0.661680000000000       0.124695652103596     
  0.661760000000000       0.124696573817075     
  0.661840000000000       0.124697495664719     
  0.661920000000000       0.124698417645603     
  0.662000000000000       0.124699339760624     
  0.662080000000000       0.124700262008928     
  0.662160000000000       0.124701184391539     
  0.662240000000000       0.124702106907036     
  0.662320000000000       0.124703029556669     
  0.662400000000000       0.124703952340027     
  0.662480000000000       0.124704875256128     
  0.662560000000000       0.124705798306706     
  0.662640000000000       0.124706721490752     
  0.662720000000000       0.124707644808296     
  0.662800000000000       0.124708568259364     
  0.662880000000000       0.124709491843873     
  0.662960000000000       0.124710415562361     
  0.663040000000000       0.124711339414019     
  0.663120000000000       0.124712263399402     
  0.663200000000000       0.124713187518252     
  0.663280000000000       0.124714111770913     
  0.663360000000000       0.124715036156956     
  0.663440000000000       0.124715960676325     
  0.663520000000000       0.124716885329206     
  0.663600000000000       0.124717810115953     
  0.663680000000000       0.124718735035940     
  0.663760000000000       0.124719660089467     
  0.663840000000000       0.124720585276548     
  0.663920000000000       0.124721510597055     
  0.664000000000000       0.124722436050944     
  0.664080000000000       0.124723361638572     
  0.664160000000000       0.124724287359412     
  0.664240000000000       0.124725213213721     
  0.664320000000000       0.124726139201527     
  0.664400000000000       0.124727065322587     
  0.664480000000000       0.124727991577244     
  0.664560000000000       0.124728917965242     
  0.664640000000000       0.124729844486637     
  0.664720000000000       0.124730771141244     
  0.664800000000000       0.124731697930158     
  0.664880000000000       0.124732624851432     
  0.664960000000000       0.124733551906728     
  0.665040000000000       0.124734479095110     
  0.665120000000000       0.124735406417414     
  0.665200000000000       0.124736333872035     
  0.665280000000000       0.124737261460680     
  0.665360000000000       0.124738189182479     
  0.665440000000000       0.124739117037279     
  0.665520000000000       0.124740045025759     
  0.665600000000000       0.124740973148092     
  0.665680000000000       0.124741901402813     
  0.665760000000000       0.124742829791699     
  0.665840000000000       0.124743758313044     
  0.665920000000000       0.124744686967985     
  0.666000000000000       0.124745615756253     
  0.666080000000000       0.124746544677705     
  0.666160000000000       0.124747473732923     
  0.666240000000000       0.124748402920758     
  0.666320000000000       0.124749332241875     
  0.666400000000000       0.124750261696561     
  0.666480000000000       0.124751191284090     
  0.666560000000000       0.124752121005243     
  0.666640000000000       0.124753050859737     
  0.666720000000000       0.124753980847344     
  0.666800000000000       0.124754910967510     
  0.666880000000000       0.124755841221528     
  0.666960000000000       0.124756771608232     
  0.667040000000000       0.124757702128561     
  0.667120000000000       0.124758632782117     
  0.667200000000000       0.124759563568559     
  0.667280000000000       0.124760494488313     
  0.667360000000000       0.124761425541094     
  0.667440000000000       0.124762356726889     
  0.667520000000000       0.124763288045897     
  0.667600000000000       0.124764219498146     
  0.667680000000000       0.124765151083465     
  0.667760000000000       0.124766082801769     
  0.667840000000000       0.124767014653727     
  0.667920000000000       0.124767946637916     
  0.668000000000000       0.124768878755503     
  0.668080000000000       0.124769811006515     
  0.668160000000000       0.124770743390371     
  0.668240000000000       0.124771675907069     
  0.668320000000000       0.124772608556852     
  0.668400000000000       0.124773541339891     
  0.668480000000000       0.124774474256454     
  0.668560000000000       0.124775407305051     
  0.668640000000000       0.124776340487272     
  0.668720000000000       0.124777273802237     
  0.668800000000000       0.124778207250571     
  0.668880000000000       0.124779140831776     
  0.668960000000000       0.124780074545355     
  0.669040000000000       0.124781008392758     
  0.669120000000000       0.124781942372834     
  0.669200000000000       0.124782876485937     
  0.669280000000000       0.124783810731500     
  0.669360000000000       0.124784745110374     
  0.669440000000000       0.124785679622575     
  0.669520000000000       0.124786614266824     
  0.669600000000000       0.124787549044725     
  0.669680000000000       0.124788483955924     
  0.669760000000000       0.124789418999241     
  0.669840000000000       0.124790354175388     
  0.669920000000000       0.124791289484647     
  0.670000000000000       0.124792224927062     
  0.670080000000000       0.124793160501667     
  0.670160000000000       0.124794096210123     
  0.670240000000000       0.124795032050698     
  0.670320000000000       0.124795968024201     
  0.670400000000000       0.124796904131201     
  0.670480000000000       0.124797840370405     
  0.670560000000000       0.124798776742394     
  0.670640000000000       0.124799713247270     
  0.670720000000000       0.124800649885528     
  0.670800000000000       0.124801586656189     
  0.670880000000000       0.124802523559565     
  0.670960000000000       0.124803460595529     
  0.671040000000000       0.124804397764407     
  0.671120000000000       0.124805335066539     
  0.671200000000000       0.124806272500890     
  0.671280000000000       0.124807210068254     
  0.671360000000000       0.124808147768376     
  0.671440000000000       0.124809085601100     
  0.671520000000000       0.124810023566439     
  0.671600000000000       0.124810961664635     
  0.671680000000000       0.124811899895717     
  0.671760000000000       0.124812838259714     
  0.671840000000000       0.124813776755871     
  0.671920000000000       0.124814715385141     
  0.672000000000000       0.124815654146644     
  0.672080000000000       0.124816593041245     
  0.672160000000000       0.124817532068817     
  0.672240000000000       0.124818471228408     
  0.672320000000000       0.124819410520359     
  0.672400000000000       0.124820349945337     
  0.672480000000000       0.124821289503685     
  0.672560000000000       0.124822229193739     
  0.672640000000000       0.124823169016309     
  0.672720000000000       0.124824108972162     
  0.672800000000000       0.124825049060291     
  0.672880000000000       0.124825989281404     
  0.672960000000000       0.124826929634621     
  0.673040000000000       0.124827870120526     
  0.673120000000000       0.124828810739330     
  0.673200000000000       0.124829751490281     
  0.673280000000000       0.124830692373606     
  0.673360000000000       0.124831633390470     
  0.673440000000000       0.124832574538970     
  0.673520000000000       0.124833515820156     
  0.673600000000000       0.124834457233887     
  0.673680000000000       0.124835398780348     
  0.673760000000000       0.124836340459566     
  0.673840000000000       0.124837282270661     
  0.673920000000000       0.124838224214769     
  0.674000000000000       0.124839166290896     
  0.674080000000000       0.124840108499497     
  0.674160000000000       0.124841050840899     
  0.674240000000000       0.124841993314376     
  0.674320000000000       0.124842935920824     
  0.674400000000000       0.124843878659518     
  0.674480000000000       0.124844821530174     
  0.674560000000000       0.124845764533901     
  0.674640000000000       0.124846707669845     
  0.674720000000000       0.124847650938178     
  0.674800000000000       0.124848594338984     
  0.674880000000000       0.124849537872051     
  0.674960000000000       0.124850481537847     
  0.675040000000000       0.124851425335762     
  0.675120000000000       0.124852369265908     
  0.675200000000000       0.124853313328401     
  0.675280000000000       0.124854257523423     
  0.675360000000000       0.124855201850763     
  0.675440000000000       0.124856146310591     
  0.675520000000000       0.124857090902466     
  0.675600000000000       0.124858035626757     
  0.675680000000000       0.124858980483906     
  0.675760000000000       0.124859925472619     
  0.675840000000000       0.124860870593749     
  0.675920000000000       0.124861815847537     
  0.676000000000000       0.124862761233344     
  0.676080000000000       0.124863706751554     
  0.676160000000000       0.124864652401811     
  0.676240000000000       0.124865598184498     
  0.676320000000000       0.124866544099276     
  0.676400000000000       0.124867490146541     
  0.676480000000000       0.124868436326039     
  0.676560000000000       0.124869382637725     
  0.676640000000000       0.124870329081261     
  0.676720000000000       0.124871275657696     
  0.676800000000000       0.124872222365467     
  0.676880000000000       0.124873169206267     
  0.676960000000000       0.124874116178773     
  0.677040000000000       0.124875063283468     
  0.677120000000000       0.124876010520608     
  0.677200000000000       0.124876957889682     
  0.677280000000000       0.124877905391116     
  0.677360000000000       0.124878853024412     
  0.677440000000000       0.124879800790054     
  0.677520000000000       0.124880748687658     
  0.677600000000000       0.124881696717593     
  0.677680000000000       0.124882644879349     
  0.677760000000000       0.124883593173791     
  0.677840000000000       0.124884541599641     
  0.677920000000000       0.124885490157950     
  0.678000000000000       0.124886438847979     
  0.678080000000000       0.124887387670738     
  0.678160000000000       0.124888336624948     
  0.678240000000000       0.124889285711475     
  0.678320000000000       0.124890234930063     
  0.678400000000000       0.124891184280442     
  0.678480000000000       0.124892133762898     
  0.678560000000000       0.124893083377756     
  0.678640000000000       0.124894033124419     
  0.678720000000000       0.124894983002874     
  0.678800000000000       0.124895933013590     
  0.678880000000000       0.124896883156082     
  0.678960000000000       0.124897833430693     
  0.679040000000000       0.124898783837366     
  0.679120000000000       0.124899734375958     
  0.679200000000000       0.124900685046483     
  0.679280000000000       0.124901635848899     
  0.679360000000000       0.124902586783320     
  0.679440000000000       0.124903537849874     
  0.679520000000000       0.124904489047878     
  0.679600000000000       0.124905440378242     
  0.679680000000000       0.124906391839757     
  0.679760000000000       0.124907343434031     
  0.679840000000000       0.124908295159741     
  0.679920000000000       0.124909247017782     
  0.680000000000000       0.124910199007274     
  0.680080000000000       0.124911151128926     
  0.680160000000000       0.124912103382427     
  0.680240000000000       0.124913055767308     
  0.680320000000000       0.124914008284406     
  0.680400000000000       0.124914960933210     
  0.680480000000000       0.124915913713735     
  0.680560000000000       0.124916866626406     
  0.680640000000000       0.124917819670357     
  0.680720000000000       0.124918772846669     
  0.680800000000000       0.124919726154345     
  0.680880000000000       0.124920679594111     
  0.680960000000000       0.124921633166124     
  0.681040000000000       0.124922586868762     
  0.681120000000000       0.124923540703732     
  0.681200000000000       0.124924494670423     
  0.681280000000000       0.124925448769047     
  0.681360000000000       0.124926402999406     
  0.681440000000000       0.124927357361286     
  0.681520000000000       0.124928311854531     
  0.681600000000000       0.124929266480137     
  0.681680000000000       0.124930221237079     
  0.681760000000000       0.124931176126210     
  0.681840000000000       0.124932131146280     
  0.681920000000000       0.124933086298795     
  0.682000000000000       0.124934041582377     
  0.682080000000000       0.124934996997538     
  0.682160000000000       0.124935952544631     
  0.682240000000000       0.124936908223019     
  0.682320000000000       0.124937864033426     
  0.682400000000000       0.124938819975724     
  0.682480000000000       0.124939776049245     
  0.682560000000000       0.124940732254401     
  0.682640000000000       0.124941688591092     
  0.682720000000000       0.124942645059504     
  0.682800000000000       0.124943601659495     
  0.682880000000000       0.124944558391078     
  0.682960000000000       0.124945515254011     
  0.683040000000000       0.124946472248865     
  0.683120000000000       0.124947429375040     
  0.683200000000000       0.124948386632609     
  0.683280000000000       0.124949344021629     
  0.683360000000000       0.124950301542653     
  0.683440000000000       0.124951259195128     
  0.683520000000000       0.124952216979081     
  0.683600000000000       0.124953174894315     
  0.683680000000000       0.124954132940899     
  0.683760000000000       0.124955091119431     
  0.683840000000000       0.124956049429144     
  0.683920000000000       0.124957007870335     
  0.684000000000000       0.124957966442863     
  0.684080000000000       0.124958925147282     
  0.684160000000000       0.124959883982625     
  0.684240000000000       0.124960842949206     
  0.684320000000000       0.124961802047920     
  0.684400000000000       0.124962761277813     
  0.684480000000000       0.124963720639044     
  0.684560000000000       0.124964680131796     
  0.684640000000000       0.124965639755785     
  0.684720000000000       0.124966599511097     
  0.684800000000000       0.124967559398114     
  0.684880000000000       0.124968519416185     
  0.684960000000000       0.124969479565805     
  0.685040000000000       0.124970439846407     
  0.685120000000000       0.124971400258686     
  0.685200000000000       0.124972360802388     
  0.685280000000000       0.124973321476914     
  0.685360000000000       0.124974282283474     
  0.685440000000000       0.124975243220631     
  0.685520000000000       0.124976204289310     
  0.685600000000000       0.124977165489354     
  0.685680000000000       0.124978126820863     
  0.685760000000000       0.124979088283239     
  0.685840000000000       0.124980049877336     
  0.685920000000000       0.124981011602244     
  0.686000000000000       0.124981973458374     
  0.686080000000000       0.124982935446041     
  0.686160000000000       0.124983897565087     
  0.686240000000000       0.124984859815029     
  0.686320000000000       0.124985822196307     
  0.686400000000000       0.124986784708852     
  0.686480000000000       0.124987747352178     
  0.686560000000000       0.124988710127240     
  0.686640000000000       0.124989673032999     
  0.686720000000000       0.124990636070506     
  0.686800000000000       0.124991599238483     
  0.686880000000000       0.124992562538522     
  0.686960000000000       0.124993525968448     
  0.687040000000000       0.124994489530479     
  0.687120000000000       0.124995453223490     
  0.687200000000000       0.124996417047512     
  0.687280000000000       0.124997381002515     
  0.687360000000000       0.124998345088968     
  0.687440000000000       0.124999309306175     
  0.687520000000000       0.125000273654464     
  0.687600000000000       0.125001238133776     
  0.687680000000000       0.125002202744880     
  0.687760000000000       0.125003167486368     
  0.687840000000000       0.125004132358583     
  0.687920000000000       0.125005097362190     
  0.688000000000000       0.125006062497263     
  0.688080000000000       0.125007027762862     
  0.688160000000000       0.125007993159925     
  0.688240000000000       0.125008958687288     
  0.688320000000000       0.125009924346130     
  0.688400000000000       0.125010890135939     
  0.688480000000000       0.125011856056971     
  0.688560000000000       0.125012822108459     
  0.688640000000000       0.125013788291127     
  0.688720000000000       0.125014754604577     
  0.688800000000000       0.125015721049208     
  0.688880000000000       0.125016687624764     
  0.688960000000000       0.125017654331003     
  0.689040000000000       0.125018621168422     
  0.689120000000000       0.125019588137007     
  0.689200000000000       0.125020555236019     
  0.689280000000000       0.125021522466127     
  0.689360000000000       0.125022489826917     
  0.689440000000000       0.125023457318902     
  0.689520000000000       0.125024424941585     
  0.689600000000000       0.125025392694837     
  0.689680000000000       0.125026360579823     
  0.689760000000000       0.125027328595009     
  0.689840000000000       0.125028296740722     
  0.689920000000000       0.125029265017857     
  0.690000000000000       0.125030233425604     
  0.690080000000000       0.125031201963821     
  0.690160000000000       0.125032170633531     
  0.690240000000000       0.125033139433625     
  0.690320000000000       0.125034108364303     
  0.690400000000000       0.125035077425934     
  0.690480000000000       0.125036046618745     
  0.690560000000000       0.125037015941941     
  0.690640000000000       0.125037985395976     
  0.690720000000000       0.125038954980425     
  0.690800000000000       0.125039924695869     
  0.690880000000000       0.125040894542067     
  0.690960000000000       0.125041864519289     
  0.691040000000000       0.125042834626796     
  0.691120000000000       0.125043804864986     
  0.691200000000000       0.125044775233405     
  0.691280000000000       0.125045745733799     
  0.691360000000000       0.125046716364010     
  0.691440000000000       0.125047687124620     
  0.691520000000000       0.125048658016225     
  0.691600000000000       0.125049629038911     
  0.691680000000000       0.125050600191528     
  0.691760000000000       0.125051571474898     
  0.691840000000000       0.125052542889420     
  0.691920000000000       0.125053514434014     
  0.692000000000000       0.125054486109746     
  0.692080000000000       0.125055457915138     
  0.692160000000000       0.125056429851838     
  0.692240000000000       0.125057401919093     
  0.692320000000000       0.125058374116732     
  0.692400000000000       0.125059346445013     
  0.692480000000000       0.125060318903919     
  0.692560000000000       0.125061291492968     
  0.692640000000000       0.125062264213042     
  0.692720000000000       0.125063237063244     
  0.692800000000000       0.125064210044129     
  0.692880000000000       0.125065183155498     
  0.692960000000000       0.125066156397536     
  0.693040000000000       0.125067129770272     
  0.693120000000000       0.125068103273377     
  0.693200000000000       0.125069076906299     
  0.693280000000000       0.125070050670217     
  0.693360000000000       0.125071024564547     
  0.693440000000000       0.125071998589120     
  0.693520000000000       0.125072972744078     
  0.693600000000000       0.125073947029647     
  0.693680000000000       0.125074921445715     
  0.693760000000000       0.125075895991954     
  0.693840000000000       0.125076870668720     
  0.693920000000000       0.125077845476212     
  0.694000000000000       0.125078820413591     
  0.694080000000000       0.125079795481539     
  0.694160000000000       0.125080770680000     
  0.694240000000000       0.125081746008632     
  0.694320000000000       0.125082721467719     
  0.694400000000000       0.125083697057362     
  0.694480000000000       0.125084672776764     
  0.694560000000000       0.125085648626821     
  0.694640000000000       0.125086624607206     
  0.694720000000000       0.125087600717818     
  0.694800000000000       0.125088576958745     
  0.694880000000000       0.125089553329757     
  0.694960000000000       0.125090529831126     
  0.695040000000000       0.125091506462979     
  0.695120000000000       0.125092483224903     
  0.695200000000000       0.125093460117454     
  0.695280000000000       0.125094437139892     
  0.695360000000000       0.125095414293027     
  0.695440000000000       0.125096391575823     
  0.695520000000000       0.125097368989045     
  0.695600000000000       0.125098346532126     
  0.695680000000000       0.125099324205919     
  0.695760000000000       0.125100302009471     
  0.695840000000000       0.125101279943535     
  0.695920000000000       0.125102258007714     
  0.696000000000000       0.125103236201951     
  0.696080000000000       0.125104214526473     
  0.696160000000000       0.125105192981180     
  0.696240000000000       0.125106171566116     
  0.696320000000000       0.125107150280598     
  0.696400000000000       0.125108129125706     
  0.696480000000000       0.125109108100658     
  0.696560000000000       0.125110087205754     
  0.696640000000000       0.125111066441277     
  0.696720000000000       0.125112045806531     
  0.696800000000000       0.125113025302112     
  0.696880000000000       0.125114004927609     
  0.696960000000000       0.125114984683363     
  0.697040000000000       0.125115964568791     
  0.697120000000000       0.125116944584675     
  0.697200000000000       0.125117924730005     
  0.697280000000000       0.125118905006317     
  0.697360000000000       0.125119885411535     
  0.697440000000000       0.125120865947507     
  0.697520000000000       0.125121846613026     
  0.697600000000000       0.125122827408986     
  0.697680000000000       0.125123808334236     
  0.697760000000000       0.125124789390255     
  0.697840000000000       0.125125770575848     
  0.697920000000000       0.125126751891314     
  0.698000000000000       0.125127733336739     
  0.698080000000000       0.125128714912562     
  0.698160000000000       0.125129696617605     
  0.698240000000000       0.125130678453359     
  0.698320000000000       0.125131660418417     
  0.698400000000000       0.125132642513648     
  0.698480000000000       0.125133624738154     
  0.698560000000000       0.125134607092945     
  0.698640000000000       0.125135589577822     
  0.698720000000000       0.125136572192644     
  0.698800000000000       0.125137554936969     
  0.698880000000000       0.125138537811068     
  0.698960000000000       0.125139520815025     
  0.699040000000000       0.125140503949125     
  0.699120000000000       0.125141487213113     
  0.699200000000000       0.125142470606362     
  0.699280000000000       0.125143454129741     
  0.699360000000000       0.125144437782892     
  0.699440000000000       0.125145421565988     
  0.699520000000000       0.125146405478886     
  0.699600000000000       0.125147389521415     
  0.699680000000000       0.125148373693278     
  0.699760000000000       0.125149357995425     
  0.699840000000000       0.125150342426962     
  0.699920000000000       0.125151326988699     
  0.700000000000000       0.125152311679726     
  0.700080000000000       0.125153296500485     
  0.700160000000000       0.125154281450761     
  0.700240000000000       0.125155266531521     
  0.700320000000000       0.125156251741301     
  0.700400000000000       0.125157237081338     
  0.700480000000000       0.125158222550566     
  0.700560000000000       0.125159208149099     
  0.700640000000000       0.125160193877775     
  0.700720000000000       0.125161179735897     
  0.700800000000000       0.125162165724233     
  0.700880000000000       0.125163151841504     
  0.700960000000000       0.125164138088649     
  0.701040000000000       0.125165124465041     
  0.701120000000000       0.125166110971519     
  0.701200000000000       0.125167097607316     
  0.701280000000000       0.125168084373001     
  0.701360000000000       0.125169071267563     
  0.701440000000000       0.125170058292382     
  0.701520000000000       0.125171045446265     
  0.701600000000000       0.125172032729835     
  0.701680000000000       0.125173020143364     
  0.701760000000000       0.125174007685884     
  0.701840000000000       0.125174995357994     
  0.701920000000000       0.125175983159678     
  0.702000000000000       0.125176971091135     
  0.702080000000000       0.125177959151770     
  0.702160000000000       0.125178947342177     
  0.702240000000000       0.125179935661534     
  0.702320000000000       0.125180924110736     
  0.702400000000000       0.125181912689285     
  0.702480000000000       0.125182901397337     
  0.702560000000000       0.125183890234864     
  0.702640000000000       0.125184879201526     
  0.702720000000000       0.125185868297449     
  0.702800000000000       0.125186857523132     
  0.702880000000000       0.125187846878190     
  0.702960000000000       0.125188836362795     
  0.703040000000000       0.125189825976803     
  0.703120000000000       0.125190815719491     
  0.703200000000000       0.125191805591711     
  0.703280000000000       0.125192795594500     
  0.703360000000000       0.125193785725215     
  0.703440000000000       0.125194775986016     
  0.703520000000000       0.125195766375668     
  0.703600000000000       0.125196756894908     
  0.703680000000000       0.125197747543182     
  0.703760000000000       0.125198738321188     
  0.703840000000000       0.125199729228185     
  0.703920000000000       0.125200720264402     
  0.704000000000000       0.125201711430349     
  0.704080000000000       0.125202702725189     
  0.704160000000000       0.125203694149177     
  0.704240000000000       0.125204685702726     
  0.704320000000000       0.125205677385025     
  0.704400000000000       0.125206669197069     
  0.704480000000000       0.125207661137551     
  0.704560000000000       0.125208653208218     
  0.704640000000000       0.125209645407693     
  0.704720000000000       0.125210637736216     
  0.704800000000000       0.125211630193717     
  0.704880000000000       0.125212622780224     
  0.704960000000000       0.125213615496704     
  0.705040000000000       0.125214608342147     
  0.705120000000000       0.125215601316341     
  0.705200000000000       0.125216594419810     
  0.705280000000000       0.125217587652698     
  0.705360000000000       0.125218581014479     
  0.705440000000000       0.125219574505322     
  0.705520000000000       0.125220568125115     
  0.705600000000000       0.125221561874454     
  0.705680000000000       0.125222555752330     
  0.705760000000000       0.125223549759482     
  0.705840000000000       0.125224543896080     
  0.705920000000000       0.125225538161288     
  0.706000000000000       0.125226532555131     
  0.706080000000000       0.125227527078407     
  0.706160000000000       0.125228521731045     
  0.706240000000000       0.125229516512419     
  0.706320000000000       0.125230511422600     
  0.706400000000000       0.125231506462099     
  0.706480000000000       0.125232501630250     
  0.706560000000000       0.125233496927904     
  0.706640000000000       0.125234492353910     
  0.706720000000000       0.125235487909335     
  0.706800000000000       0.125236483593596     
  0.706880000000000       0.125237479406407     
  0.706960000000000       0.125238475348751     
  0.707040000000000       0.125239471419234     
  0.707120000000000       0.125240467619363     
  0.707200000000000       0.125241463948370     
  0.707280000000000       0.125242460406198     
  0.707360000000000       0.125243456992137     
  0.707440000000000       0.125244453708134     
  0.707520000000000       0.125245450552156     
  0.707600000000000       0.125246447525256     
  0.707680000000000       0.125247444627489     
  0.707760000000000       0.125248441858189     
  0.707840000000000       0.125249439218123     
  0.707920000000000       0.125250436706181     
  0.708000000000000       0.125251434323402     
  0.708080000000000       0.125252432069586     
  0.708160000000000       0.125253429944421     
  0.708240000000000       0.125254427948277     
  0.708320000000000       0.125255426080641     
  0.708400000000000       0.125256424341770     
  0.708480000000000       0.125257422731806     
  0.708560000000000       0.125258421250194     
  0.708640000000000       0.125259419897531     
  0.708720000000000       0.125260418674201     
  0.708800000000000       0.125261417578641     
  0.708880000000000       0.125262416612329     
  0.708960000000000       0.125263415774582     
  0.709040000000000       0.125264415065529     
  0.709120000000000       0.125265414485113     
  0.709200000000000       0.125266414033560     
  0.709280000000000       0.125267413710446     
  0.709360000000000       0.125268413516039     
  0.709440000000000       0.125269413450382     
  0.709520000000000       0.125270413513333     
  0.709600000000000       0.125271413704396     
  0.709680000000000       0.125272414024535     
  0.709760000000000       0.125273414473511     
  0.709840000000000       0.125274415050980     
  0.709920000000000       0.125275415757087     
  0.710000000000000       0.125276416591432     
  0.710080000000000       0.125277417554144     
  0.710160000000000       0.125278418645862     
  0.710240000000000       0.125279419865847     
  0.710320000000000       0.125280421214497     
  0.710400000000000       0.125281422692210     
  0.710480000000000       0.125282424297622     
  0.710560000000000       0.125283426032069     
  0.710640000000000       0.125284427894143     
  0.710720000000000       0.125285429886161     
  0.710800000000000       0.125286432005594     
  0.710880000000000       0.125287434253905     
  0.710960000000000       0.125288436630299     
  0.711040000000000       0.125289439135869     
  0.711120000000000       0.125290441768740     
  0.711200000000000       0.125291444530887     
  0.711280000000000       0.125292447421642     
  0.711360000000000       0.125293450440721     
  0.711440000000000       0.125294453587514     
  0.711520000000000       0.125295456863611     
  0.711600000000000       0.125296460267278     
  0.711680000000000       0.125297463799753     
  0.711760000000000       0.125298467460467     
  0.711840000000000       0.125299471249831     
  0.711920000000000       0.125300475167179     
  0.712000000000000       0.125301479213120     
  0.712080000000000       0.125302483387627     
  0.712160000000000       0.125303487689776     
  0.712240000000000       0.125304492120747     
  0.712320000000000       0.125305496679714     
  0.712400000000000       0.125306501367247     
  0.712480000000000       0.125307506183019     
  0.712560000000000       0.125308511127158     
  0.712640000000000       0.125309516199265     
  0.712720000000000       0.125310521400151     
  0.712800000000000       0.125311526728466     
  0.712880000000000       0.125312532185432     
  0.712960000000000       0.125313537770622     
  0.713040000000000       0.125314543484335     
  0.713120000000000       0.125315549325662     
  0.713200000000000       0.125316555295767     
  0.713280000000000       0.125317561393827     
  0.713360000000000       0.125318567620069     
  0.713440000000000       0.125319573974237     
  0.713520000000000       0.125320580457141     
  0.713600000000000       0.125321587067588     
  0.713680000000000       0.125322593806828     
  0.713760000000000       0.125323600673780     
  0.713840000000000       0.125324607668772     
  0.713920000000000       0.125325614791890     
  0.714000000000000       0.125326622043587     
  0.714080000000000       0.125327629422997     
  0.714160000000000       0.125328636930788     
  0.714240000000000       0.125329644566192     
  0.714320000000000       0.125330652329807     
  0.714400000000000       0.125331660221533     
  0.714480000000000       0.125332668241128     
  0.714560000000000       0.125333676389302     
  0.714640000000000       0.125334684665005     
  0.714720000000000       0.125335693069075     
  0.714800000000000       0.125336701601255     
  0.714880000000000       0.125337710260893     
  0.714960000000000       0.125338719048968     
  0.715040000000000       0.125339727964515     
  0.715120000000000       0.125340737008798     
  0.715200000000000       0.125341746180623     
  0.715280000000000       0.125342755480417     
  0.715360000000000       0.125343764908037     
  0.715440000000000       0.125344774463755     
  0.715520000000000       0.125345784147299     
  0.715600000000000       0.125346793958968     
  0.715680000000000       0.125347803898492     
  0.715760000000000       0.125348813965828     
  0.715840000000000       0.125349824160835     
  0.715920000000000       0.125350834483697     
  0.716000000000000       0.125351844934698     
  0.716080000000000       0.125352855514065     
  0.716160000000000       0.125353866220563     
  0.716240000000000       0.125354877055229     
  0.716320000000000       0.125355888017196     
  0.716400000000000       0.125356899107458     
  0.716480000000000       0.125357910325632     
  0.716560000000000       0.125358921671505     
  0.716640000000000       0.125359933145020     
  0.716720000000000       0.125360944746702     
  0.716800000000000       0.125361956475586     
  0.716880000000000       0.125362968332495     
  0.716960000000000       0.125363980317160     
  0.717040000000000       0.125364992429694     
  0.717120000000000       0.125366004670041     
  0.717200000000000       0.125367017037603     
  0.717280000000000       0.125368029533632     
  0.717360000000000       0.125369042156549     
  0.717440000000000       0.125370054907335     
  0.717520000000000       0.125371067786630     
  0.717600000000000       0.125372080792601     
  0.717680000000000       0.125373093926910     
  0.717760000000000       0.125374107188704     
  0.717840000000000       0.125375120577984     
  0.717920000000000       0.125376134094736     
  0.718000000000000       0.125377147739513     
  0.718080000000000       0.125378161511917     
  0.718160000000000       0.125379175411538     
  0.718240000000000       0.125380189439567     
  0.718320000000000       0.125381203594357     
  0.718400000000000       0.125382217877003     
  0.718480000000000       0.125383232287162     
  0.718560000000000       0.125384246824893     
  0.718640000000000       0.125385261490464     
  0.718720000000000       0.125386276283236     
  0.718800000000000       0.125387291203437     
  0.718880000000000       0.125388306251451     
  0.718960000000000       0.125389321427064     
  0.719040000000000       0.125390336730148     
  0.719120000000000       0.125391352160647     
  0.719200000000000       0.125392367718830     
  0.719280000000000       0.125393383403917     
  0.719360000000000       0.125394399216844     
  0.719440000000000       0.125395415157001     
  0.719520000000000       0.125396431225410     
  0.719600000000000       0.125397447420439     
  0.719680000000000       0.125398463742967     
  0.719760000000000       0.125399480193280     
  0.719840000000000       0.125400496770481     
  0.719920000000000       0.125401513475608     
  0.720000000000000       0.125402530308036     
  0.720080000000000       0.125403547267538     
  0.720160000000000       0.125404564354780     
  0.720240000000000       0.125405581569210     
  0.720320000000000       0.125406598911254     
  0.720400000000000       0.125407616379802     
  0.720480000000000       0.125408633976846     
  0.720560000000000       0.125409651700280     
  0.720640000000000       0.125410669551569     
  0.720720000000000       0.125411687529890     
  0.720800000000000       0.125412705635497     
  0.720880000000000       0.125413723868404     
  0.720960000000000       0.125414742228840     
  0.721040000000000       0.125415760716435     
  0.721120000000000       0.125416779331373     
  0.721200000000000       0.125417798073186     
  0.721280000000000       0.125418816942299     
  0.721360000000000       0.125419835939026     
  0.721440000000000       0.125420855062557     
  0.721520000000000       0.125421874313104     
  0.721600000000000       0.125422893691805     
  0.721680000000000       0.125423913196939     
  0.721760000000000       0.125424932829389     
  0.721840000000000       0.125425952589139     
  0.721920000000000       0.125426972475977     
  0.722000000000000       0.125427992489917     
  0.722080000000000       0.125429012631087     
  0.722160000000000       0.125430032899316     
  0.722240000000000       0.125431053294491     
  0.722320000000000       0.125432073817136     
  0.722400000000000       0.125433094466586     
  0.722480000000000       0.125434115243095     
  0.722560000000000       0.125435136146748     
  0.722640000000000       0.125436157177332     
  0.722720000000000       0.125437178335331     
  0.722800000000000       0.125438199620446     
  0.722880000000000       0.125439221032251     
  0.722960000000000       0.125440242571314     
  0.723040000000000       0.125441264237394     
  0.723120000000000       0.125442286030462     
  0.723200000000000       0.125443307950490     
  0.723280000000000       0.125444329997577     
  0.723360000000000       0.125445352171467     
  0.723440000000000       0.125446374472801     
  0.723520000000000       0.125447396900355     
  0.723600000000000       0.125448419455508     
  0.723680000000000       0.125449442137067     
  0.723760000000000       0.125450464946183     
  0.723840000000000       0.125451487881619     
  0.723920000000000       0.125452510944284     
  0.724000000000000       0.125453534133697     
  0.724080000000000       0.125454557450410     
  0.724160000000000       0.125455580893344     
  0.724240000000000       0.125456604463763     
  0.724320000000000       0.125457628160858     
  0.724400000000000       0.125458651984544     
  0.724480000000000       0.125459675935033     
  0.724560000000000       0.125460700013277     
  0.724640000000000       0.125461724217359     
  0.724720000000000       0.125462748548826     
  0.724800000000000       0.125463773006842     
  0.724880000000000       0.125464797591447     
  0.724960000000000       0.125465822303325     
  0.725040000000000       0.125466847141779     
  0.725120000000000       0.125467872106582     
  0.725200000000000       0.125468897198288     
  0.725280000000000       0.125469922417707     
  0.725360000000000       0.125470947762763     
  0.725440000000000       0.125471973235007     
  0.725520000000000       0.125472998834183     
  0.725600000000000       0.125474024559437     
  0.725680000000000       0.125475050411679     
  0.725760000000000       0.125476076390569     
  0.725840000000000       0.125477102496119     
  0.725920000000000       0.125478128728672     
  0.726000000000000       0.125479155087674     
  0.726080000000000       0.125480181573194     
  0.726160000000000       0.125481208185462     
  0.726240000000000       0.125482234924561     
  0.726320000000000       0.125483261790051     
  0.726400000000000       0.125484288782103     
  0.726480000000000       0.125485315900703     
  0.726560000000000       0.125486343146078     
  0.726640000000000       0.125487370517859     
  0.726720000000000       0.125488398016656     
  0.726800000000000       0.125489425641631     
  0.726880000000000       0.125490453392856     
  0.726960000000000       0.125491481271268     
  0.727040000000000       0.125492509275929     
  0.727120000000000       0.125493537407663     
  0.727200000000000       0.125494565664609     
  0.727280000000000       0.125495594048799     
  0.727360000000000       0.125496622559878     
  0.727440000000000       0.125497651196738     
  0.727520000000000       0.125498679960201     
  0.727600000000000       0.125499708850525     
  0.727680000000000       0.125500737866957     
  0.727760000000000       0.125501767010163     
  0.727840000000000       0.125502796279561     
  0.727920000000000       0.125503825675636     
  0.728000000000000       0.125504855197746     
  0.728080000000000       0.125505884846247     
  0.728160000000000       0.125506914621084     
  0.728240000000000       0.125507944522567     
  0.728320000000000       0.125508974550484     
  0.728400000000000       0.125510004705148     
  0.728480000000000       0.125511034985151     
  0.728560000000000       0.125512065392257     
  0.728640000000000       0.125513095925341     
  0.728720000000000       0.125514126584846     
  0.728800000000000       0.125515157370798     
  0.728880000000000       0.125516188282943     
  0.728960000000000       0.125517219321309     
  0.729040000000000       0.125518250485896     
  0.729120000000000       0.125519281777399     
  0.729200000000000       0.125520313194243     
  0.729280000000000       0.125521344737421     
  0.729360000000000       0.125522376407772     
  0.729440000000000       0.125523408203846     
  0.729520000000000       0.125524440125829     
  0.729600000000000       0.125525472174345     
  0.729680000000000       0.125526504348769     
  0.729760000000000       0.125527536649712     
  0.729840000000000       0.125528569076592     
  0.729920000000000       0.125529601629849     
  0.730000000000000       0.125530634309071     
  0.730080000000000       0.125531667114671     
  0.730160000000000       0.125532700046647     
  0.730240000000000       0.125533733104219     
  0.730320000000000       0.125534766287884     
  0.730400000000000       0.125535799598167     
  0.730480000000000       0.125536833034359     
  0.730560000000000       0.125537866596488     
  0.730640000000000       0.125538900284737     
  0.730720000000000       0.125539934099122     
  0.730800000000000       0.125540968039743     
  0.730880000000000       0.125542002105916     
  0.730960000000000       0.125543036298693     
  0.731040000000000       0.125544070617607     
  0.731120000000000       0.125545105061717     
  0.731200000000000       0.125546139632234     
  0.731280000000000       0.125547174329156     
  0.731360000000000       0.125548209151673     
  0.731440000000000       0.125549244100411     
  0.731520000000000       0.125550279174774     
  0.731600000000000       0.125551314375442     
  0.731680000000000       0.125552349701606     
  0.731760000000000       0.125553385154048     
  0.731840000000000       0.125554420732484     
  0.731920000000000       0.125555456436941     
  0.732000000000000       0.125556492267108     
  0.732080000000000       0.125557528223481     
  0.732160000000000       0.125558564305322     
  0.732240000000000       0.125559600513014     
  0.732320000000000       0.125560636846713     
  0.732400000000000       0.125561673306520     
  0.732480000000000       0.125562709891766     
  0.732560000000000       0.125563746603276     
  0.732640000000000       0.125564783440452     
  0.732720000000000       0.125565820403195     
  0.732800000000000       0.125566857491761     
  0.732880000000000       0.125567894706562     
  0.732960000000000       0.125568932047030     
  0.733040000000000       0.125569969513406     
  0.733120000000000       0.125571007105250     
  0.733200000000000       0.125572044822632     
  0.733280000000000       0.125573082665823     
  0.733360000000000       0.125574120635490     
  0.733440000000000       0.125575158730341     
  0.733520000000000       0.125576196950930     
  0.733600000000000       0.125577235297441     
  0.733680000000000       0.125578273769647     
  0.733760000000000       0.125579312367193     
  0.733840000000000       0.125580351090746     
  0.733920000000000       0.125581389939483     
  0.734000000000000       0.125582428914341     
  0.734080000000000       0.125583468014766     
  0.734160000000000       0.125584507240943     
  0.734240000000000       0.125585546592475     
  0.734320000000000       0.125586586069729     
  0.734400000000000       0.125587625672607     
  0.734480000000000       0.125588665401252     
  0.734560000000000       0.125589705255108     
  0.734640000000000       0.125590745234574     
  0.734720000000000       0.125591785340347     
  0.734800000000000       0.125592825571146     
  0.734880000000000       0.125593865927242     
  0.734960000000000       0.125594906409488     
  0.735040000000000       0.125595947016776     
  0.735120000000000       0.125596987749858     
  0.735200000000000       0.125598028607867     
  0.735280000000000       0.125599069592112     
  0.735360000000000       0.125600110701256     
  0.735440000000000       0.125601151936251     
  0.735520000000000       0.125602193296898     
  0.735600000000000       0.125603234782630     
  0.735680000000000       0.125604276393587     
  0.735760000000000       0.125605318130595     
  0.735840000000000       0.125606359992772     
  0.735920000000000       0.125607401980232     
  0.736000000000000       0.125608444093188     
  0.736080000000000       0.125609486331654     
  0.736160000000000       0.125610528695218     
  0.736240000000000       0.125611571184464     
  0.736320000000000       0.125612613799162     
  0.736400000000000       0.125613656538774     
  0.736480000000000       0.125614699403882     
  0.736560000000000       0.125615742394799     
  0.736640000000000       0.125616785510572     
  0.736720000000000       0.125617828751785     
  0.736800000000000       0.125618872118124     
  0.736880000000000       0.125619915610229     
  0.736960000000000       0.125620959227177     
  0.737040000000000       0.125622002969421     
  0.737120000000000       0.125623046836863     
  0.737200000000000       0.125624090829901     
  0.737280000000000       0.125625134947966     
  0.737360000000000       0.125626179191698     
  0.737440000000000       0.125627223560229     
  0.737520000000000       0.125628268053816     
  0.737600000000000       0.125629312672813     
  0.737680000000000       0.125630357416951     
  0.737760000000000       0.125631402286316     
  0.737840000000000       0.125632447280807     
  0.737920000000000       0.125633492400637     
  0.738000000000000       0.125634537645268     
  0.738080000000000       0.125635583015039     
  0.738160000000000       0.125636628510391     
  0.738240000000000       0.125637674130586     
  0.738320000000000       0.125638719875879     
  0.738400000000000       0.125639765746583     
  0.738480000000000       0.125640811741916     
  0.738560000000000       0.125641857862532     
  0.738640000000000       0.125642904108189     
  0.738720000000000       0.125643950479044     
  0.738800000000000       0.125644996974571     
  0.738880000000000       0.125646043595380     
  0.738960000000000       0.125647090341672     
  0.739040000000000       0.125648137211939     
  0.739120000000000       0.125649184208313     
  0.739200000000000       0.125650231329387     
  0.739280000000000       0.125651278574764     
  0.739360000000000       0.125652325945963     
  0.739440000000000       0.125653373441820     
  0.739520000000000       0.125654421062392     
  0.739600000000000       0.125655468808275     
  0.739680000000000       0.125656516678844     
  0.739760000000000       0.125657564674099     
  0.739840000000000       0.125658612794879     
  0.739920000000000       0.125659661040444     
