  0.660000000000000       1.605116423956331E-002
  0.660080000000000       1.605337449844434E-002
  0.660160000000000       1.605558463089850E-002
  0.660240000000000       1.605779463758659E-002
  0.660320000000000       1.606000451797683E-002
  0.660400000000000       1.606221427227526E-002
  0.660480000000000       1.606442390055361E-002
  0.660560000000000       1.606663340267910E-002
  0.660640000000000       1.606884277840080E-002
  0.660720000000000       1.607105202816216E-002
  0.660800000000000       1.607326115150819E-002
  0.660880000000000       1.607547014867559E-002
  0.660960000000000       1.607767901953426E-002
  0.661040000000000       1.607988776413459E-002
  0.661120000000000       1.608209638239198E-002
  0.661200000000000       1.608430487441479E-002
  0.661280000000000       1.608651323994280E-002
  0.661360000000000       1.608872147904126E-002
  0.661440000000000       1.609092959191448E-002
  0.661520000000000       1.609313757812302E-002
  0.661600000000000       1.609534543817003E-002
  0.661680000000000       1.609755317145888E-002
  0.661760000000000       1.609976077844054E-002
  0.661840000000000       1.610196825878617E-002
  0.661920000000000       1.610417561275622E-002
  0.662000000000000       1.610638284011666E-002
  0.662080000000000       1.610858994085283E-002
  0.662160000000000       1.611079691498783E-002
  0.662240000000000       1.611300376248302E-002
  0.662320000000000       1.611521048333818E-002
  0.662400000000000       1.611741707733525E-002
  0.662480000000000       1.611962354498628E-002
  0.662560000000000       1.612182988577302E-002
  0.662640000000000       1.612403609975142E-002
  0.662720000000000       1.612624218708845E-002
  0.662800000000000       1.612844814745971E-002
  0.662880000000000       1.613065398120737E-002
  0.662960000000000       1.613285968797238E-002
  0.663040000000000       1.613506526797235E-002
  0.663120000000000       1.613727072118086E-002
  0.663200000000000       1.613947604748709E-002
  0.663280000000000       1.614168124675095E-002
  0.663360000000000       1.614388631911432E-002
  0.663440000000000       1.614609126459319E-002
  0.663520000000000       1.614829608297883E-002
  0.663600000000000       1.615050077445621E-002
  0.663680000000000       1.615270533884836E-002
  0.663760000000000       1.615490977608312E-002
  0.663840000000000       1.615711408643981E-002
  0.663920000000000       1.615931826972659E-002
  0.664000000000000       1.616152232579602E-002
  0.664080000000000       1.616372625482086E-002
  0.664160000000000       1.616593005659060E-002
  0.664240000000000       1.616813373125534E-002
  0.664320000000000       1.617033727855308E-002
  0.664400000000000       1.617254069887262E-002
  0.664480000000000       1.617474399178562E-002
  0.664560000000000       1.617694715759186E-002
  0.664640000000000       1.617915019595115E-002
  0.664720000000000       1.618135310706512E-002
  0.664800000000000       1.618355589080364E-002
  0.664880000000000       1.618575854715030E-002
  0.664960000000000       1.618796107623297E-002
  0.665040000000000       1.619016347790867E-002
  0.665120000000000       1.619236575218517E-002
  0.665200000000000       1.619456789872984E-002
  0.665280000000000       1.619676991818928E-002
  0.665360000000000       1.619897180994709E-002
  0.665440000000000       1.620117357436232E-002
  0.665520000000000       1.620337521116675E-002
  0.665600000000000       1.620557672028331E-002
  0.665680000000000       1.620777810196803E-002
  0.665760000000000       1.620997935610300E-002
  0.665840000000000       1.621218048239978E-002
  0.665920000000000       1.621438148131291E-002
  0.666000000000000       1.621658235239473E-002
  0.666080000000000       1.621878309586997E-002
  0.666160000000000       1.622098371173994E-002
  0.666240000000000       1.622318419965649E-002
  0.666320000000000       1.622538455983033E-002
  0.666400000000000       1.622758479253014E-002
  0.666480000000000       1.622978489713553E-002
  0.666560000000000       1.623198487406283E-002
  0.666640000000000       1.623418472305446E-002
  0.666720000000000       1.623638444425787E-002
  0.666800000000000       1.623858403762843E-002
  0.666880000000000       1.624078350295563E-002
  0.666960000000000       1.624298284049061E-002
  0.667040000000000       1.624518204999578E-002
  0.667120000000000       1.624738113159305E-002
  0.667200000000000       1.624958008525954E-002
  0.667280000000000       1.625177891079030E-002
  0.667360000000000       1.625397760822309E-002
  0.667440000000000       1.625617617764671E-002
  0.667520000000000       1.625837461904208E-002
  0.667600000000000       1.626057293240299E-002
  0.667680000000000       1.626277111761728E-002
  0.667760000000000       1.626496917464012E-002
  0.667840000000000       1.626716710347817E-002
  0.667920000000000       1.626936490412830E-002
  0.668000000000000       1.627156257668513E-002
  0.668080000000000       1.627376012080114E-002
  0.668160000000000       1.627595753685626E-002
  0.668240000000000       1.627815482452274E-002
  0.668320000000000       1.628035198389363E-002
  0.668400000000000       1.628254901501333E-002
  0.668480000000000       1.628474591781478E-002
  0.668560000000000       1.628694269225247E-002
  0.668640000000000       1.628913933811479E-002
  0.668720000000000       1.629133585567174E-002
  0.668800000000000       1.629353224493798E-002
  0.668880000000000       1.629572850560398E-002
  0.668960000000000       1.629792463772125E-002
  0.669040000000000       1.630012064168503E-002
  0.669120000000000       1.630231651688715E-002
  0.669200000000000       1.630451226342108E-002
  0.669280000000000       1.630670788163987E-002
  0.669360000000000       1.630890337118093E-002
  0.669440000000000       1.631109873219391E-002
  0.669520000000000       1.631329396448563E-002
  0.669600000000000       1.631548906825083E-002
  0.669680000000000       1.631768404314734E-002
  0.669760000000000       1.631987888948713E-002
  0.669840000000000       1.632207360691714E-002
  0.669920000000000       1.632426819587970E-002
  0.670000000000000       1.632646265591760E-002
  0.670080000000000       1.632865698736859E-002
  0.670160000000000       1.633085118992291E-002
  0.670240000000000       1.633304526362008E-002
  0.670320000000000       1.633523920852872E-002
  0.670400000000000       1.633743302449672E-002
  0.670480000000000       1.633962671150343E-002
  0.670560000000000       1.634182026979088E-002
  0.670640000000000       1.634401369906465E-002
  0.670720000000000       1.634620699942398E-002
  0.670800000000000       1.634840017077274E-002
  0.670880000000000       1.635059321325945E-002
  0.670960000000000       1.635278612647247E-002
  0.671040000000000       1.635497891083211E-002
  0.671120000000000       1.635717156599466E-002
  0.671200000000000       1.635936409226143E-002
  0.671280000000000       1.636155648933220E-002
  0.671360000000000       1.636374875717457E-002
  0.671440000000000       1.636594089599215E-002
  0.671520000000000       1.636813290550161E-002
  0.671600000000000       1.637032478598895E-002
  0.671680000000000       1.637251653715972E-002
  0.671760000000000       1.637470815921645E-002
  0.671840000000000       1.637689965181983E-002
  0.671920000000000       1.637909101528208E-002
  0.672000000000000       1.638128224943732E-002
  0.672080000000000       1.638347335417518E-002
  0.672160000000000       1.638566432975970E-002
  0.672240000000000       1.638785517591308E-002
  0.672320000000000       1.639004589257005E-002
  0.672400000000000       1.639223647974504E-002
  0.672480000000000       1.639442693764988E-002
  0.672560000000000       1.639661726609894E-002
  0.672640000000000       1.639880746501472E-002
  0.672720000000000       1.640099753448028E-002
  0.672800000000000       1.640318747439391E-002
  0.672880000000000       1.640537728480070E-002
  0.672960000000000       1.640756696564756E-002
  0.673040000000000       1.640975651675665E-002
  0.673120000000000       1.641194593850233E-002
  0.673200000000000       1.641413523050779E-002
  0.673280000000000       1.641632439291514E-002
  0.673360000000000       1.641851342558782E-002
  0.673440000000000       1.642070232856892E-002
  0.673520000000000       1.642289110189305E-002
  0.673600000000000       1.642507974548897E-002
  0.673680000000000       1.642726825918990E-002
  0.673760000000000       1.642945664328916E-002
  0.673840000000000       1.643164489745570E-002
  0.673920000000000       1.643383302182406E-002
  0.674000000000000       1.643602101639692E-002
  0.674080000000000       1.643820888113630E-002
  0.674160000000000       1.644039661588899E-002
  0.674240000000000       1.644258422084550E-002
  0.674320000000000       1.644477169570719E-002
  0.674400000000000       1.644695904076516E-002
  0.674480000000000       1.644914625594991E-002
  0.674560000000000       1.645133334087374E-002
  0.674640000000000       1.645352029593923E-002
  0.674720000000000       1.645570712095163E-002
  0.674800000000000       1.645789381575575E-002
  0.674880000000000       1.646008038064645E-002
  0.674960000000000       1.646226681537106E-002
  0.675040000000000       1.646445312005080E-002
  0.675120000000000       1.646663929447940E-002
  0.675200000000000       1.646882533874967E-002
  0.675280000000000       1.647101125286316E-002
  0.675360000000000       1.647319703680190E-002
  0.675440000000000       1.647538269051436E-002
  0.675520000000000       1.647756821387265E-002
  0.675600000000000       1.647975360705618E-002
  0.675680000000000       1.648193886983580E-002
  0.675760000000000       1.648412400248862E-002
  0.675840000000000       1.648630900462406E-002
  0.675920000000000       1.648849387637381E-002
  0.676000000000000       1.649067861782067E-002
  0.676080000000000       1.649286322878258E-002
  0.676160000000000       1.649504770942074E-002
  0.676240000000000       1.649723205954374E-002
  0.676320000000000       1.649941627925195E-002
  0.676400000000000       1.650160036852228E-002
  0.676480000000000       1.650378432706207E-002
  0.676560000000000       1.650596815523015E-002
  0.676640000000000       1.650815185273719E-002
  0.676720000000000       1.651033541977793E-002
  0.676800000000000       1.651251885620137E-002
  0.676880000000000       1.651470216188228E-002
  0.676960000000000       1.651688533716883E-002
  0.677040000000000       1.651906838151191E-002
  0.677120000000000       1.652125129525545E-002
  0.677200000000000       1.652343407841944E-002
  0.677280000000000       1.652561673076875E-002
  0.677360000000000       1.652779925231268E-002
  0.677440000000000       1.652998164318937E-002
  0.677520000000000       1.653216390325313E-002
  0.677600000000000       1.653434603249243E-002
  0.677680000000000       1.653652803068190E-002
  0.677760000000000       1.653870989826762E-002
  0.677840000000000       1.654089163496425E-002
  0.677920000000000       1.654307324062082E-002
  0.678000000000000       1.654525471529905E-002
  0.678080000000000       1.654743605915593E-002
  0.678160000000000       1.654961727213305E-002
  0.678240000000000       1.655179835403792E-002
  0.678320000000000       1.655397930492802E-002
  0.678400000000000       1.655616012466815E-002
  0.678480000000000       1.655834081350921E-002
  0.678560000000000       1.656052137118097E-002
  0.678640000000000       1.656270179788261E-002
  0.678720000000000       1.656488209351487E-002
  0.678800000000000       1.656706225770160E-002
  0.678880000000000       1.656924229095930E-002
  0.678960000000000       1.657142219298685E-002
  0.679040000000000       1.657360196390861E-002
  0.679120000000000       1.657578160341616E-002
  0.679200000000000       1.657796111171644E-002
  0.679280000000000       1.658014048886497E-002
  0.679360000000000       1.658231973465479E-002
  0.679440000000000       1.658449884909524E-002
  0.679520000000000       1.658667783218853E-002
  0.679600000000000       1.658885668392401E-002
  0.679680000000000       1.659103540445822E-002
  0.679760000000000       1.659321399335528E-002
  0.679840000000000       1.659539245116876E-002
  0.679920000000000       1.659757077727647E-002
  0.680000000000000       1.659974897185940E-002
  0.680080000000000       1.660192703500524E-002
  0.680160000000000       1.660410496685921E-002
  0.680240000000000       1.660628276703607E-002
  0.680320000000000       1.660846043562752E-002
  0.680400000000000       1.661063797273615E-002
  0.680480000000000       1.661281537816011E-002
  0.680560000000000       1.661499265211946E-002
  0.680640000000000       1.661716979422872E-002
  0.680720000000000       1.661934680475612E-002
  0.680800000000000       1.662152368371255E-002
  0.680880000000000       1.662370043089417E-002
  0.680960000000000       1.662587704629519E-002
  0.681040000000000       1.662805353012769E-002
  0.681120000000000       1.663022988218115E-002
  0.681200000000000       1.663240610218646E-002
  0.681280000000000       1.663458219067054E-002
  0.681360000000000       1.663675814708692E-002
  0.681440000000000       1.663893397191923E-002
  0.681520000000000       1.664110966472270E-002
  0.681600000000000       1.664328522575580E-002
  0.681680000000000       1.664546065462618E-002
  0.681760000000000       1.664763595186674E-002
  0.681840000000000       1.664981111684332E-002
  0.681920000000000       1.665198615006330E-002
  0.682000000000000       1.665416105133793E-002
  0.682080000000000       1.665633582032593E-002
  0.682160000000000       1.665851045748806E-002
  0.682240000000000       1.666068496259204E-002
  0.682320000000000       1.666285933550554E-002
  0.682400000000000       1.666503357644438E-002
  0.682480000000000       1.666720768511680E-002
  0.682560000000000       1.666938166167180E-002
  0.682640000000000       1.667155550611403E-002
  0.682720000000000       1.667372921833825E-002
  0.682800000000000       1.667590279828761E-002
  0.682880000000000       1.667807624607580E-002
  0.682960000000000       1.668024956156249E-002
  0.683040000000000       1.668242274487868E-002
  0.683120000000000       1.668459579566777E-002
  0.683200000000000       1.668676871439294E-002
  0.683280000000000       1.668894150067251E-002
  0.683360000000000       1.669111415460283E-002
  0.683440000000000       1.669328667603847E-002
  0.683520000000000       1.669545906525343E-002
  0.683600000000000       1.669763132196149E-002
  0.683680000000000       1.669980344628657E-002
  0.683760000000000       1.670197543799505E-002
  0.683840000000000       1.670414729720953E-002
  0.683920000000000       1.670631902396573E-002
  0.684000000000000       1.670849061832784E-002
  0.684080000000000       1.671066208015730E-002
  0.684160000000000       1.671283340920897E-002
  0.684240000000000       1.671500460572621E-002
  0.684320000000000       1.671717566964796E-002
  0.684400000000000       1.671934660089673E-002
  0.684480000000000       1.672151739959575E-002
  0.684560000000000       1.672368806552275E-002
  0.684640000000000       1.672585859862201E-002
  0.684720000000000       1.672802899911378E-002
  0.684800000000000       1.673019926683443E-002
  0.684880000000000       1.673236940189630E-002
  0.684960000000000       1.673453940402141E-002
  0.685040000000000       1.673670927338138E-002
  0.685120000000000       1.673887901006414E-002
  0.685200000000000       1.674104861364493E-002
  0.685280000000000       1.674321808449279E-002
  0.685360000000000       1.674538742231728E-002
  0.685440000000000       1.674755662745879E-002
  0.685520000000000       1.674972569944926E-002
  0.685600000000000       1.675189463855446E-002
  0.685680000000000       1.675406344475931E-002
  0.685760000000000       1.675623211787551E-002
  0.685840000000000       1.675840065803162E-002
  0.685920000000000       1.676056906496185E-002
  0.686000000000000       1.676273733916226E-002
  0.686080000000000       1.676490548001601E-002
  0.686160000000000       1.676707348779264E-002
  0.686240000000000       1.676924136245754E-002
  0.686320000000000       1.677140910398759E-002
  0.686400000000000       1.677357671238925E-002
  0.686480000000000       1.677574418753218E-002
  0.686560000000000       1.677791152943990E-002
  0.686640000000000       1.678007873816571E-002
  0.686720000000000       1.678224581355152E-002
  0.686800000000000       1.678441275570701E-002
  0.686880000000000       1.678657956461286E-002
  0.686960000000000       1.678874624011854E-002
  0.687040000000000       1.679091278239457E-002
  0.687120000000000       1.679307919118937E-002
  0.687200000000000       1.679524546674408E-002
  0.687280000000000       1.679741160869256E-002
  0.687360000000000       1.679957761730969E-002
  0.687440000000000       1.680174349255618E-002
  0.687520000000000       1.680390923432432E-002
  0.687600000000000       1.680607484248357E-002
  0.687680000000000       1.680824031721665E-002
  0.687760000000000       1.681040565830397E-002
  0.687840000000000       1.681257086583347E-002
  0.687920000000000       1.681473593999808E-002
  0.688000000000000       1.681690088041769E-002
  0.688080000000000       1.681906568719019E-002
  0.688160000000000       1.682123036041087E-002
  0.688240000000000       1.682339489996357E-002
  0.688320000000000       1.682555930570354E-002
  0.688400000000000       1.682772357796384E-002
  0.688480000000000       1.682988771628972E-002
  0.688560000000000       1.683205172105155E-002
  0.688640000000000       1.683421559180746E-002
  0.688720000000000       1.683637932906615E-002
  0.688800000000000       1.683854293237445E-002
  0.688880000000000       1.684070640184313E-002
  0.688960000000000       1.684286973745378E-002
  0.689040000000000       1.684503293920306E-002
  0.689120000000000       1.684719600698129E-002
  0.689200000000000       1.684935894098852E-002
  0.689280000000000       1.685152174104402E-002
  0.689360000000000       1.685368440700588E-002
  0.689440000000000       1.685584693916078E-002
  0.689520000000000       1.685800933732109E-002
  0.689600000000000       1.686017160130029E-002
  0.689680000000000       1.686233373141591E-002
  0.689760000000000       1.686449572726803E-002
  0.689840000000000       1.686665758908049E-002
  0.689920000000000       1.686881931679355E-002
  0.690000000000000       1.687098091032283E-002
  0.690080000000000       1.687314236990237E-002
  0.690160000000000       1.687530369518045E-002
  0.690240000000000       1.687746488636646E-002
  0.690320000000000       1.687962594320306E-002
  0.690400000000000       1.688178686601375E-002
  0.690480000000000       1.688394765447169E-002
  0.690560000000000       1.688610830857310E-002
  0.690640000000000       1.688826882840347E-002
  0.690720000000000       1.689042921400677E-002
  0.690800000000000       1.689258946513386E-002
  0.690880000000000       1.689474958195106E-002
  0.690960000000000       1.689690956441239E-002
  0.691040000000000       1.689906941256383E-002
  0.691120000000000       1.690122912606409E-002
  0.691200000000000       1.690338870532240E-002
  0.691280000000000       1.690554815007320E-002
  0.691360000000000       1.690770746022366E-002
  0.691440000000000       1.690986663594943E-002
  0.691520000000000       1.691202567721542E-002
  0.691600000000000       1.691418458386620E-002
  0.691680000000000       1.691634335607142E-002
  0.691760000000000       1.691850199355863E-002
  0.691840000000000       1.692066049636845E-002
  0.691920000000000       1.692281886466054E-002
  0.692000000000000       1.692497709823085E-002
  0.692080000000000       1.692713519711289E-002
  0.692160000000000       1.692929316144168E-002
  0.692240000000000       1.693145099091678E-002
  0.692320000000000       1.693360868558505E-002
  0.692400000000000       1.693576624562878E-002
  0.692480000000000       1.693792367094318E-002
  0.692560000000000       1.694008096132818E-002
  0.692640000000000       1.694223811699449E-002
  0.692720000000000       1.694439513756576E-002
  0.692800000000000       1.694655202354714E-002
  0.692880000000000       1.694870877458223E-002
  0.692960000000000       1.695086539062731E-002
  0.693040000000000       1.695302187190664E-002
  0.693120000000000       1.695517821809735E-002
  0.693200000000000       1.695733442928873E-002
  0.693280000000000       1.695949050564995E-002
  0.693360000000000       1.696164644684397E-002
  0.693440000000000       1.696380225296425E-002
  0.693520000000000       1.696595792425639E-002
  0.693600000000000       1.696811346036444E-002
  0.693680000000000       1.697026886128929E-002
  0.693760000000000       1.697242412732382E-002
  0.693840000000000       1.697457925796177E-002
  0.693920000000000       1.697673425351200E-002
  0.694000000000000       1.697888911378245E-002
  0.694080000000000       1.698104383903667E-002
  0.694160000000000       1.698319842899067E-002
  0.694240000000000       1.698535288380345E-002
  0.694320000000000       1.698750720322519E-002
  0.694400000000000       1.698966138748550E-002
  0.694480000000000       1.699181543638031E-002
  0.694560000000000       1.699396934983568E-002
  0.694640000000000       1.699612312811252E-002
  0.694720000000000       1.699827677086132E-002
  0.694800000000000       1.700043027832256E-002
  0.694880000000000       1.700258365032572E-002
  0.694960000000000       1.700473688692496E-002
  0.695040000000000       1.700688998805924E-002
  0.695120000000000       1.700904295367747E-002
  0.695200000000000       1.701119578391443E-002
  0.695280000000000       1.701334847856497E-002
  0.695360000000000       1.701550103771567E-002
  0.695440000000000       1.701765346122044E-002
  0.695520000000000       1.701980574923447E-002
  0.695600000000000       1.702195790154195E-002
  0.695680000000000       1.702410991824345E-002
  0.695760000000000       1.702626179934210E-002
  0.695840000000000       1.702841354489450E-002
  0.695920000000000       1.703056515465597E-002
  0.696000000000000       1.703271662883345E-002
  0.696080000000000       1.703486796704281E-002
  0.696160000000000       1.703701916962776E-002
  0.696240000000000       1.703917023642200E-002
  0.696320000000000       1.704132116748882E-002
  0.696400000000000       1.704347196271251E-002
  0.696480000000000       1.704562262213418E-002
  0.696560000000000       1.704777314565077E-002
  0.696640000000000       1.704992353336444E-002
  0.696720000000000       1.705207378507846E-002
  0.696800000000000       1.705422390096602E-002
  0.696880000000000       1.705637388096783E-002
  0.696960000000000       1.705852372484808E-002
  0.697040000000000       1.706067343280350E-002
  0.697120000000000       1.706282300479790E-002
  0.697200000000000       1.706497244081574E-002
  0.697280000000000       1.706712174066428E-002
  0.697360000000000       1.706927090455114E-002
  0.697440000000000       1.707141993241569E-002
  0.697520000000000       1.707356882413581E-002
  0.697600000000000       1.707571757972683E-002
  0.697680000000000       1.707786619912123E-002
  0.697760000000000       1.708001468234656E-002
  0.697840000000000       1.708216302949452E-002
  0.697920000000000       1.708431124014854E-002
  0.698000000000000       1.708645931486243E-002
  0.698080000000000       1.708860725319518E-002
  0.698160000000000       1.709075505533976E-002
  0.698240000000000       1.709290272131016E-002
  0.698320000000000       1.709505025086346E-002
  0.698400000000000       1.709719764403518E-002
  0.698480000000000       1.709934490076893E-002
  0.698560000000000       1.710149202121349E-002
  0.698640000000000       1.710363900526536E-002
  0.698720000000000       1.710578585296009E-002
  0.698800000000000       1.710793256422706E-002
  0.698880000000000       1.711007913894481E-002
  0.698960000000000       1.711222557722681E-002
  0.699040000000000       1.711437187906374E-002
  0.699120000000000       1.711651804428417E-002
  0.699200000000000       1.711866407299402E-002
  0.699280000000000       1.712080996507849E-002
  0.699360000000000       1.712295572069234E-002
  0.699440000000000       1.712510133965507E-002
  0.699520000000000       1.712724682203660E-002
  0.699600000000000       1.712939216759070E-002
  0.699680000000000       1.713153737684115E-002
  0.699760000000000       1.713368244911474E-002
  0.699840000000000       1.713582738484888E-002
  0.699920000000000       1.713797218382597E-002
  0.700000000000000       1.714011684590057E-002
  0.700080000000000       1.714226137132447E-002
  0.700160000000000       1.714440576002042E-002
  0.700240000000000       1.714655001170729E-002
  0.700320000000000       1.714869412660581E-002
  0.700400000000000       1.715083810482300E-002
  0.700480000000000       1.715298194604421E-002
  0.700560000000000       1.715512565036715E-002
  0.700640000000000       1.715726921781780E-002
  0.700720000000000       1.715941264823207E-002
  0.700800000000000       1.716155594183778E-002
  0.700880000000000       1.716369909843352E-002
  0.700960000000000       1.716584211786632E-002
  0.701040000000000       1.716798500054318E-002
  0.701120000000000       1.717012774603822E-002
  0.701200000000000       1.717227035449820E-002
  0.701280000000000       1.717441282574329E-002
  0.701360000000000       1.717655516008543E-002
  0.701440000000000       1.717869735722511E-002
  0.701520000000000       1.718083941728577E-002
  0.701600000000000       1.718298134005426E-002
  0.701680000000000       1.718512312569110E-002
  0.701760000000000       1.718726477412836E-002
  0.701840000000000       1.718940628528898E-002
  0.701920000000000       1.719154765927467E-002
  0.702000000000000       1.719368889601037E-002
  0.702080000000000       1.719582999540037E-002
  0.702160000000000       1.719797095742293E-002
  0.702240000000000       1.720011178225878E-002
  0.702320000000000       1.720225246963192E-002
  0.702400000000000       1.720439301977040E-002
  0.702480000000000       1.720653343245682E-002
  0.702560000000000       1.720867370762924E-002
  0.702640000000000       1.721081384551926E-002
  0.702720000000000       1.721295384585309E-002
  0.702800000000000       1.721509370872421E-002
  0.702880000000000       1.721723343407955E-002
  0.702960000000000       1.721937302206656E-002
  0.703040000000000       1.722151247232751E-002
  0.703120000000000       1.722365178502450E-002
  0.703200000000000       1.722579096034849E-002
  0.703280000000000       1.722792999788670E-002
  0.703360000000000       1.723006889776879E-002
  0.703440000000000       1.723220766012779E-002
  0.703520000000000       1.723434628481024E-002
  0.703600000000000       1.723648477185724E-002
  0.703680000000000       1.723862312114888E-002
  0.703760000000000       1.724076133257524E-002
  0.703840000000000       1.724289940646162E-002
  0.703920000000000       1.724503734250471E-002
  0.704000000000000       1.724717514080176E-002
  0.704080000000000       1.724931280124353E-002
  0.704160000000000       1.725145032388953E-002
  0.704240000000000       1.725358770874708E-002
  0.704320000000000       1.725572495565475E-002
  0.704400000000000       1.725786206471447E-002
  0.704480000000000       1.725999903575193E-002
  0.704560000000000       1.726213586891567E-002
  0.704640000000000       1.726427256427232E-002
  0.704720000000000       1.726640912144506E-002
  0.704800000000000       1.726854554081669E-002
  0.704880000000000       1.727068182204927E-002
  0.704960000000000       1.727281796524915E-002
  0.705040000000000       1.727495397034662E-002
  0.705120000000000       1.727708983750020E-002
  0.705200000000000       1.727922556656425E-002
  0.705280000000000       1.728136115738355E-002
  0.705360000000000       1.728349661015127E-002
  0.705440000000000       1.728563192481170E-002
  0.705520000000000       1.728776710112878E-002
  0.705600000000000       1.728990213937787E-002
  0.705680000000000       1.729203703939286E-002
  0.705760000000000       1.729417180112691E-002
  0.705840000000000       1.729630642469371E-002
  0.705920000000000       1.729844090987187E-002
  0.706000000000000       1.730057525673712E-002
  0.706080000000000       1.730270946545953E-002
  0.706160000000000       1.730484353569628E-002
  0.706240000000000       1.730697746762921E-002
  0.706320000000000       1.730911126106893E-002
  0.706400000000000       1.731124491614177E-002
  0.706480000000000       1.731337843292102E-002
  0.706560000000000       1.731551181108559E-002
  0.706640000000000       1.731764505092303E-002
  0.706720000000000       1.731977815205454E-002
  0.706800000000000       1.732191111501812E-002
  0.706880000000000       1.732404393921160E-002
  0.706960000000000       1.732617662489832E-002
  0.707040000000000       1.732830917205918E-002
  0.707120000000000       1.733044158057628E-002
  0.707200000000000       1.733257385049113E-002
  0.707280000000000       1.733470598181019E-002
  0.707360000000000       1.733683797441842E-002
  0.707440000000000       1.733896982834914E-002
  0.707520000000000       1.734110154375356E-002
  0.707600000000000       1.734323312023933E-002
  0.707680000000000       1.734536455813306E-002
  0.707760000000000       1.734749585717343E-002
  0.707840000000000       1.734962701748476E-002
  0.707920000000000       1.735175803894650E-002
  0.708000000000000       1.735388892175892E-002
  0.708080000000000       1.735601966561272E-002
  0.708160000000000       1.735815027062203E-002
  0.708240000000000       1.736028073678397E-002
  0.708320000000000       1.736241106398661E-002
  0.708400000000000       1.736454125230835E-002
  0.708480000000000       1.736667130150137E-002
  0.708560000000000       1.736880121205308E-002
  0.708640000000000       1.737093098346298E-002
  0.708720000000000       1.737306061599263E-002
  0.708800000000000       1.737519010934251E-002
  0.708880000000000       1.737731946379683E-002
  0.708960000000000       1.737944867912977E-002
  0.709040000000000       1.738157775523429E-002
  0.709120000000000       1.738370669244504E-002
  0.709200000000000       1.738583549045469E-002
  0.709280000000000       1.738796414927368E-002
  0.709360000000000       1.739009266900126E-002
  0.709440000000000       1.739222104945025E-002
  0.709520000000000       1.739434929084670E-002
  0.709600000000000       1.739647739300408E-002
  0.709680000000000       1.739860535584735E-002
  0.709760000000000       1.740073317925105E-002
  0.709840000000000       1.740286086370811E-002
  0.709920000000000       1.740498840869208E-002
  0.710000000000000       1.740711581434483E-002
  0.710080000000000       1.740924308052848E-002
  0.710160000000000       1.741137020748705E-002
  0.710240000000000       1.741349719507778E-002
  0.710320000000000       1.741562404312279E-002
  0.710400000000000       1.741775075187279E-002
  0.710480000000000       1.741987732121918E-002
  0.710560000000000       1.742200375099255E-002
  0.710640000000000       1.742413004134257E-002
  0.710720000000000       1.742625619200898E-002
  0.710800000000000       1.742838220319408E-002
  0.710880000000000       1.743050807507017E-002
  0.710960000000000       1.743263380711478E-002
  0.711040000000000       1.743475939958770E-002
  0.711120000000000       1.743688485261373E-002
  0.711200000000000       1.743901016585357E-002
  0.711280000000000       1.744113533941981E-002
  0.711360000000000       1.744326037345055E-002
  0.711440000000000       1.744538526767890E-002
  0.711520000000000       1.744751002220633E-002
  0.711600000000000       1.744963463702019E-002
  0.711680000000000       1.745175911204076E-002
  0.711760000000000       1.745388344745367E-002
  0.711840000000000       1.745600764278064E-002
  0.711920000000000       1.745813169854014E-002
  0.712000000000000       1.746025561426433E-002
  0.712080000000000       1.746237939026561E-002
  0.712160000000000       1.746450302636836E-002
  0.712240000000000       1.746662652244134E-002
  0.712320000000000       1.746874987877588E-002
  0.712400000000000       1.747087309507865E-002
  0.712480000000000       1.747299617145980E-002
  0.712560000000000       1.747511910780540E-002
  0.712640000000000       1.747724190416521E-002
  0.712720000000000       1.747936456045283E-002
  0.712800000000000       1.748148707690077E-002
  0.712880000000000       1.748360945303138E-002
  0.712960000000000       1.748573168914245E-002
  0.713040000000000       1.748785378542493E-002
  0.713120000000000       1.748997574120868E-002
  0.713200000000000       1.749209755707680E-002
  0.713280000000000       1.749421923275528E-002
  0.713360000000000       1.749634076820237E-002
  0.713440000000000       1.749846216348137E-002
  0.713520000000000       1.750058341845682E-002
  0.713600000000000       1.750270453322643E-002
  0.713680000000000       1.750482550765651E-002
  0.713760000000000       1.750694634187720E-002
  0.713840000000000       1.750906703585029E-002
  0.713920000000000       1.751118758947588E-002
  0.714000000000000       1.751330800259253E-002
  0.714080000000000       1.751542827556927E-002
  0.714160000000000       1.751754840801798E-002
  0.714240000000000       1.751966840010586E-002
  0.714320000000000       1.752178825180071E-002
  0.714400000000000       1.752390796302992E-002
  0.714480000000000       1.752602753366204E-002
  0.714560000000000       1.752814696391067E-002
  0.714640000000000       1.753026625371765E-002
  0.714720000000000       1.753238540277367E-002
  0.714800000000000       1.753450441149394E-002
  0.714880000000000       1.753662327961401E-002
  0.714960000000000       1.753874200704084E-002
  0.715040000000000       1.754086059389923E-002
  0.715120000000000       1.754297904013300E-002
  0.715200000000000       1.754509734573504E-002
  0.715280000000000       1.754721551073444E-002
  0.715360000000000       1.754933353503083E-002
  0.715440000000000       1.755145141845813E-002
  0.715520000000000       1.755356916134918E-002
  0.715600000000000       1.755568676315820E-002
  0.715680000000000       1.755780422452222E-002
  0.715760000000000       1.755992154506889E-002
  0.715840000000000       1.756203872479776E-002
  0.715920000000000       1.756415576351942E-002
  0.716000000000000       1.756627266147701E-002
  0.716080000000000       1.756838941846470E-002
  0.716160000000000       1.757050603479469E-002
  0.716240000000000       1.757262250988609E-002
  0.716320000000000       1.757473884424252E-002
  0.716400000000000       1.757685503762594E-002
  0.716480000000000       1.757897109011428E-002
  0.716560000000000       1.758108700153991E-002
  0.716640000000000       1.758320277184020E-002
  0.716720000000000       1.758531840140440E-002
  0.716800000000000       1.758743388967785E-002
  0.716880000000000       1.758954923694675E-002
  0.716960000000000       1.759166444301794E-002
  0.717040000000000       1.759377950806082E-002
  0.717120000000000       1.759589443178542E-002
  0.717200000000000       1.759800921456298E-002
  0.717280000000000       1.760012385612839E-002
  0.717360000000000       1.760223835653249E-002
  0.717440000000000       1.760435271569869E-002
  0.717520000000000       1.760646693349530E-002
  0.717600000000000       1.760858101018567E-002
  0.717680000000000       1.761069494549914E-002
  0.717760000000000       1.761280873958357E-002
  0.717840000000000       1.761492239223892E-002
  0.717920000000000       1.761703590355643E-002
  0.718000000000000       1.761914927371641E-002
  0.718080000000000       1.762126250234384E-002
  0.718160000000000       1.762337558958435E-002
  0.718240000000000       1.762548853536758E-002
  0.718320000000000       1.762760133978034E-002
  0.718400000000000       1.762971400283461E-002
  0.718480000000000       1.763182652418735E-002
  0.718560000000000       1.763393890416540E-002
  0.718640000000000       1.763605114262998E-002
  0.718720000000000       1.763816323957443E-002
  0.718800000000000       1.764027519480046E-002
  0.718880000000000       1.764238700849505E-002
  0.718960000000000       1.764449868076964E-002
  0.719040000000000       1.764661021125499E-002
  0.719120000000000       1.764872160013140E-002
  0.719200000000000       1.765083284739241E-002
  0.719280000000000       1.765294395292324E-002
  0.719360000000000       1.765505491669991E-002
  0.719440000000000       1.765716573876638E-002
  0.719520000000000       1.765927641918727E-002
  0.719600000000000       1.766138695781047E-002
  0.719680000000000       1.766349735467107E-002
  0.719760000000000       1.766560760975197E-002
  0.719840000000000       1.766771772294282E-002
  0.719920000000000       1.766982769424161E-002
  0.720000000000000       1.767193752375848E-002
  0.720080000000000       1.767404721136021E-002
  0.720160000000000       1.767615675692110E-002
  0.720240000000000       1.767826616080245E-002
  0.720320000000000       1.768037542260056E-002
  0.720400000000000       1.768248454255436E-002
  0.720480000000000       1.768459352044202E-002
  0.720560000000000       1.768670235627553E-002
  0.720640000000000       1.768881105013106E-002
  0.720720000000000       1.769091960195976E-002
  0.720800000000000       1.769302801168612E-002
  0.720880000000000       1.769513627938809E-002
  0.720960000000000       1.769724440492268E-002
  0.721040000000000       1.769935238842043E-002
  0.721120000000000       1.770146022968530E-002
  0.721200000000000       1.770356792889602E-002
  0.721280000000000       1.770567548577037E-002
  0.721360000000000       1.770778290055993E-002
  0.721440000000000       1.770989017312638E-002
  0.721520000000000       1.771199730340397E-002
  0.721600000000000       1.771410429148176E-002
  0.721680000000000       1.771621113718233E-002
  0.721760000000000       1.771831784046637E-002
  0.721840000000000       1.772042440161456E-002
  0.721920000000000       1.772253082035909E-002
  0.722000000000000       1.772463709679547E-002
  0.722080000000000       1.772674323073361E-002
  0.722160000000000       1.772884922235137E-002
  0.722240000000000       1.773095507155705E-002
  0.722320000000000       1.773306077823341E-002
  0.722400000000000       1.773516634258295E-002
  0.722480000000000       1.773727176435255E-002
  0.722560000000000       1.773937704356928E-002
  0.722640000000000       1.774148218030621E-002
  0.722720000000000       1.774358717448118E-002
  0.722800000000000       1.774569202618078E-002
  0.722880000000000       1.774779673514900E-002
  0.722960000000000       1.774990130167272E-002
  0.723040000000000       1.775200572552501E-002
  0.723120000000000       1.775411000675250E-002
  0.723200000000000       1.775621414521685E-002
  0.723280000000000       1.775831814102532E-002
  0.723360000000000       1.776042199411728E-002
  0.723440000000000       1.776252570450206E-002
  0.723520000000000       1.776462927204222E-002
  0.723600000000000       1.776673269708281E-002
  0.723680000000000       1.776883597917064E-002
  0.723760000000000       1.777093911842894E-002
  0.723840000000000       1.777304211491922E-002
  0.723920000000000       1.777514496850715E-002
  0.724000000000000       1.777724767927021E-002
  0.724080000000000       1.777935024709894E-002
  0.724160000000000       1.778145267224448E-002
  0.724240000000000       1.778355495416702E-002
  0.724320000000000       1.778565709328358E-002
  0.724400000000000       1.778775908936366E-002
  0.724480000000000       1.778986094264175E-002
  0.724560000000000       1.779196265277279E-002
  0.724640000000000       1.779406421978521E-002
  0.724720000000000       1.779616564389326E-002
  0.724800000000000       1.779826692491800E-002
  0.724880000000000       1.780036806290316E-002
  0.724960000000000       1.780246905770818E-002
  0.725040000000000       1.780456990942299E-002
  0.725120000000000       1.780667061787485E-002
  0.725200000000000       1.780877118327647E-002
  0.725280000000000       1.781087160556124E-002
  0.725360000000000       1.781297188445915E-002
  0.725440000000000       1.781507202028972E-002
  0.725520000000000       1.781717201277629E-002
  0.725600000000000       1.781927186197948E-002
  0.725680000000000       1.782137156797543E-002
  0.725760000000000       1.782347113081546E-002
  0.725840000000000       1.782557055021845E-002
  0.725920000000000       1.782766982604740E-002
  0.726000000000000       1.782976895883633E-002
  0.726080000000000       1.783186794803278E-002
  0.726160000000000       1.783396679390965E-002
  0.726240000000000       1.783606549648560E-002
  0.726320000000000       1.783816405542756E-002
  0.726400000000000       1.784026247091426E-002
  0.726480000000000       1.784236074292884E-002
  0.726560000000000       1.784445887153992E-002
  0.726640000000000       1.784655685648724E-002
  0.726720000000000       1.784865469796622E-002
  0.726800000000000       1.785075239594598E-002
  0.726880000000000       1.785284995032417E-002
  0.726960000000000       1.785494736110811E-002
  0.727040000000000       1.785704462825739E-002
  0.727120000000000       1.785914175169186E-002
  0.727200000000000       1.786123873155450E-002
  0.727280000000000       1.786333556765569E-002
  0.727360000000000       1.786543226009381E-002
  0.727440000000000       1.786752880878735E-002
  0.727520000000000       1.786962521370301E-002
  0.727600000000000       1.787172147508261E-002
  0.727680000000000       1.787381759232150E-002
  0.727760000000000       1.787591356604608E-002
  0.727840000000000       1.787800939586244E-002
  0.727920000000000       1.788010508192135E-002
  0.728000000000000       1.788220062398123E-002
  0.728080000000000       1.788429602222103E-002
  0.728160000000000       1.788639127661147E-002
  0.728240000000000       1.788848638705283E-002
  0.728320000000000       1.789058135328243E-002
  0.728400000000000       1.789267617594910E-002
  0.728480000000000       1.789477085460407E-002
  0.728560000000000       1.789686538893871E-002
  0.728640000000000       1.789895977945262E-002
  0.728720000000000       1.790105402615045E-002
  0.728800000000000       1.790314812847400E-002
  0.728880000000000       1.790524208680939E-002
  0.728960000000000       1.790733590107270E-002
  0.729040000000000       1.790942957115844E-002
  0.729120000000000       1.791152309726380E-002
  0.729200000000000       1.791361647916829E-002
  0.729280000000000       1.791570971671648E-002
  0.729360000000000       1.791780281025097E-002
  0.729440000000000       1.791989575941806E-002
  0.729520000000000       1.792198856452371E-002
  0.729600000000000       1.792408122531215E-002
  0.729680000000000       1.792617374180800E-002
  0.729760000000000       1.792826611406013E-002
  0.729840000000000       1.793035834195440E-002
  0.729920000000000       1.793245042545861E-002
  0.730000000000000       1.793454236451637E-002
  0.730080000000000       1.793663415939368E-002
  0.730160000000000       1.793872580971529E-002
  0.730240000000000       1.794081731592973E-002
  0.730320000000000       1.794290867738686E-002
  0.730400000000000       1.794499989454074E-002
  0.730480000000000       1.794709096713915E-002
  0.730560000000000       1.794918189532264E-002
  0.730640000000000       1.795127267892267E-002
  0.730720000000000       1.795336331807357E-002
  0.730800000000000       1.795545381263681E-002
  0.730880000000000       1.795754416263613E-002
  0.730960000000000       1.795963436804533E-002
  0.731040000000000       1.796172442882755E-002
  0.731120000000000       1.796381434504319E-002
  0.731200000000000       1.796590411657523E-002
  0.731280000000000       1.796799374331066E-002
  0.731360000000000       1.797008322555544E-002
  0.731440000000000       1.797217256292766E-002
  0.731520000000000       1.797426175551903E-002
  0.731600000000000       1.797635080369171E-002
  0.731680000000000       1.797843970684038E-002
  0.731760000000000       1.798052846511694E-002
  0.731840000000000       1.798261707879540E-002
  0.731920000000000       1.798470554765081E-002
  0.732000000000000       1.798679387146868E-002
  0.732080000000000       1.798888205057498E-002
  0.732160000000000       1.799097008480494E-002
  0.732240000000000       1.799305797397672E-002
  0.732320000000000       1.799514571821576E-002
  0.732400000000000       1.799723331768105E-002
  0.732480000000000       1.799932077222339E-002
  0.732560000000000       1.800140808165157E-002
  0.732640000000000       1.800349524600137E-002
  0.732720000000000       1.800558226549149E-002
  0.732800000000000       1.800766913977531E-002
  0.732880000000000       1.800975586912973E-002
  0.732960000000000       1.801184245337534E-002
  0.733040000000000       1.801392889239068E-002
  0.733120000000000       1.801601518634116E-002
  0.733200000000000       1.801810133534760E-002
  0.733280000000000       1.802018733902938E-002
  0.733360000000000       1.802227319748934E-002
  0.733440000000000       1.802435891083448E-002
  0.733520000000000       1.802644447887009E-002
  0.733600000000000       1.802852990178089E-002
  0.733680000000000       1.803061517924492E-002
  0.733760000000000       1.803270031156351E-002
  0.733840000000000       1.803478529853147E-002
  0.733920000000000       1.803687014046235E-002
  0.734000000000000       1.803895483671664E-002
  0.734080000000000       1.804103938770668E-002
  0.734160000000000       1.804312379335854E-002
  0.734240000000000       1.804520805355408E-002
  0.734320000000000       1.804729216835149E-002
  0.734400000000000       1.804937613780605E-002
  0.734480000000000       1.805145996172614E-002
  0.734560000000000       1.805354363997363E-002
  0.734640000000000       1.805562717299108E-002
  0.734720000000000       1.805771056047895E-002
  0.734800000000000       1.805979380225248E-002
  0.734880000000000       1.806187689879796E-002
  0.734960000000000       1.806395984960646E-002
  0.735040000000000       1.806604265455719E-002
  0.735120000000000       1.806812531423213E-002
  0.735200000000000       1.807020782818253E-002
  0.735280000000000       1.807229019649609E-002
  0.735360000000000       1.807437241900162E-002
  0.735440000000000       1.807645449602263E-002
  0.735520000000000       1.807853642713592E-002
  0.735600000000000       1.808061821252333E-002
  0.735680000000000       1.808269985239136E-002
  0.735760000000000       1.808478134627839E-002
  0.735840000000000       1.808686269445575E-002
  0.735920000000000       1.808894389694765E-002
  0.736000000000000       1.809102495336440E-002
  0.736080000000000       1.809310586397666E-002
  0.736160000000000       1.809518662885395E-002
  0.736240000000000       1.809726724779531E-002
  0.736320000000000       1.809934772095506E-002
  0.736400000000000       1.810142804798392E-002
  0.736480000000000       1.810350822925938E-002
  0.736560000000000       1.810558826434377E-002
  0.736640000000000       1.810766815361858E-002
  0.736720000000000       1.810974789674496E-002
  0.736800000000000       1.811182749389478E-002
  0.736880000000000       1.811390694503162E-002
  0.736960000000000       1.811598625022586E-002
  0.737040000000000       1.811806540934962E-002
  0.737120000000000       1.812014442215509E-002
  0.737200000000000       1.812222328884033E-002
  0.737280000000000       1.812430200955989E-002
  0.737360000000000       1.812638058402332E-002
  0.737440000000000       1.812845901234522E-002
  0.737520000000000       1.813053729451158E-002
  0.737600000000000       1.813261543033989E-002
  0.737680000000000       1.813469341992030E-002
  0.737760000000000       1.813677126330098E-002
  0.737840000000000       1.813884896041911E-002
  0.737920000000000       1.814092651123916E-002
  0.738000000000000       1.814300391574025E-002
  0.738080000000000       1.814508117404473E-002
  0.738160000000000       1.814715828570384E-002
  0.738240000000000       1.814923525131933E-002
  0.738320000000000       1.815131207038161E-002
  0.738400000000000       1.815338874295818E-002
  0.738480000000000       1.815546526911854E-002
  0.738560000000000       1.815754164900234E-002
  0.738640000000000       1.815961788229786E-002
  0.738720000000000       1.816169396908589E-002
  0.738800000000000       1.816376990930606E-002
  0.738880000000000       1.816584570302165E-002
  0.738960000000000       1.816792135032057E-002
  0.739040000000000       1.816999685103631E-002
  0.739120000000000       1.817207220502941E-002
  0.739200000000000       1.817414741263006E-002
  0.739280000000000       1.817622247340017E-002
  0.739360000000000       1.817829738757020E-002
  0.739440000000000       1.818037215500339E-002
  0.739520000000000       1.818244677585828E-002
  0.739600000000000       1.818452124995101E-002
  0.739680000000000       1.818659557736151E-002
  0.739760000000000       1.818866975798965E-002
  0.739840000000000       1.819074379196999E-002
  0.739920000000000       1.819281767903341E-002
