  0.660000000000000       0.285093127312661     
  0.660080000000000       0.285110006319525     
  0.660160000000000       0.285126885465428     
  0.660240000000000       0.285143764749702     
  0.660320000000000       0.285160644172305     
  0.660400000000000       0.285177523733023     
  0.660480000000000       0.285194403431615     
  0.660560000000000       0.285211283269146     
  0.660640000000000       0.285228163243926     
  0.660720000000000       0.285245043356011     
  0.660800000000000       0.285261923605742     
  0.660880000000000       0.285278803992452     
  0.660960000000000       0.285295684517050     
  0.661040000000000       0.285312565177901     
  0.661120000000000       0.285329445975873     
  0.661200000000000       0.285346326910070     
  0.661280000000000       0.285363207980834     
  0.661360000000000       0.285380089188547     
  0.661440000000000       0.285396970532358     
  0.661520000000000       0.285413852011627     
  0.661600000000000       0.285430733627121     
  0.661680000000000       0.285447615377987     
  0.661760000000000       0.285464497264383     
  0.661840000000000       0.285481379286009     
  0.661920000000000       0.285498261442893     
  0.662000000000000       0.285515143734909     
  0.662080000000000       0.285532026161886     
  0.662160000000000       0.285548908723624     
  0.662240000000000       0.285565791419953     
  0.662320000000000       0.285582674249849     
  0.662400000000000       0.285599557214778     
  0.662480000000000       0.285616440313672     
  0.662560000000000       0.285633323545807     
  0.662640000000000       0.285650206912206     
  0.662720000000000       0.285667090412486     
  0.662800000000000       0.285683974045509     
  0.662880000000000       0.285700857812384     
  0.662960000000000       0.285717741711719     
  0.663040000000000       0.285734625744365     
  0.663120000000000       0.285751509910082     
  0.663200000000000       0.285768394207705     
  0.663280000000000       0.285785278638056     
  0.663360000000000       0.285802163200739     
  0.663440000000000       0.285819047895498     
  0.663520000000000       0.285835932721736     
  0.663600000000000       0.285852817680802     
  0.663680000000000       0.285869702770992     
  0.663760000000000       0.285886587992391     
  0.663840000000000       0.285903473345169     
  0.663920000000000       0.285920358829228     
  0.664000000000000       0.285937244444253     
  0.664080000000000       0.285954130190274     
  0.664160000000000       0.285971016067092     
  0.664240000000000       0.285987902073882     
  0.664320000000000       0.286004788211199     
  0.664400000000000       0.286021674478531     
  0.664480000000000       0.286038560876148     
  0.664560000000000       0.286055447403894     
  0.664640000000000       0.286072334060958     
  0.664720000000000       0.286089220847342     
  0.664800000000000       0.286106107763555     
  0.664880000000000       0.286122994808818     
  0.664960000000000       0.286139881982504     
  0.665040000000000       0.286156769286092     
  0.665120000000000       0.286173656717591     
  0.665200000000000       0.286190544278153     
  0.665280000000000       0.286207431966628     
  0.665360000000000       0.286224319783838     
  0.665440000000000       0.286241207728648     
  0.665520000000000       0.286258095802052     
  0.665600000000000       0.286274984002614     
  0.665680000000000       0.286291872331458     
  0.665760000000000       0.286308760787233     
  0.665840000000000       0.286325649370096     
  0.665920000000000       0.286342538080373     
  0.666000000000000       0.286359426917113     
  0.666080000000000       0.286376315881651     
  0.666160000000000       0.286393204971572     
  0.666240000000000       0.286410094188963     
  0.666320000000000       0.286426983531723     
  0.666400000000000       0.286443873001528     
  0.666480000000000       0.286460762596602     
  0.666560000000000       0.286477652317996     
  0.666640000000000       0.286494542164701     
  0.666720000000000       0.286511432137016     
  0.666800000000000       0.286528322234614     
  0.666880000000000       0.286545212457480     
  0.666960000000000       0.286562102806127     
  0.667040000000000       0.286578993278579     
  0.667120000000000       0.286595883875759     
  0.667200000000000       0.286612774597725     
  0.667280000000000       0.286629665444278     
  0.667360000000000       0.286646556414422     
  0.667440000000000       0.286663447508869     
  0.667520000000000       0.286680338727476     
  0.667600000000000       0.286697230069518     
  0.667680000000000       0.286714121534911     
  0.667760000000000       0.286731013124151     
  0.667840000000000       0.286747904836301     
  0.667920000000000       0.286764796671332     
  0.668000000000000       0.286781688630040     
  0.668080000000000       0.286798580710749     
  0.668160000000000       0.286815472914097     
  0.668240000000000       0.286832365240426     
  0.668320000000000       0.286849257688286     
  0.668400000000000       0.286866150258970     
  0.668480000000000       0.286883042950959     
  0.668560000000000       0.286899935764919     
  0.668640000000000       0.286916828700922     
  0.668720000000000       0.286933721757959     
  0.668800000000000       0.286950614936157     
  0.668880000000000       0.286967508235347     
  0.668960000000000       0.286984401656565     
  0.669040000000000       0.287001295197297     
  0.669120000000000       0.287018188859744     
  0.669200000000000       0.287035082641975     
  0.669280000000000       0.287051976545041     
  0.669360000000000       0.287068870567222     
  0.669440000000000       0.287085764710508     
  0.669520000000000       0.287102658972839     
  0.669600000000000       0.287119553355549     
  0.669680000000000       0.287136447857333     
  0.669760000000000       0.287153342478558     
  0.669840000000000       0.287170237219027     
  0.669920000000000       0.287187132078739     
  0.670000000000000       0.287204027056743     
  0.670080000000000       0.287220922153605     
  0.670160000000000       0.287237817369470     
  0.670240000000000       0.287254712703398     
  0.670320000000000       0.287271608155305     
  0.670400000000000       0.287288503725773     
  0.670480000000000       0.287305399413452     
  0.670560000000000       0.287322295219536     
  0.670640000000000       0.287339191142618     
  0.670720000000000       0.287356087183466     
  0.670800000000000       0.287372983341737     
  0.670880000000000       0.287389879616978     
  0.670960000000000       0.287406776009374     
  0.671040000000000       0.287423672517659     
  0.671120000000000       0.287440569143396     
  0.671200000000000       0.287457465885208     
  0.671280000000000       0.287474362743294     
  0.671360000000000       0.287491259717254     
  0.671440000000000       0.287508156808056     
  0.671520000000000       0.287525054013540     
  0.671600000000000       0.287541951335325     
  0.671680000000000       0.287558848772616     
  0.671760000000000       0.287575746324944     
  0.671840000000000       0.287592643992295     
  0.671920000000000       0.287609541774981     
  0.672000000000000       0.287626439672448     
  0.672080000000000       0.287643337684455     
  0.672160000000000       0.287660235810603     
  0.672240000000000       0.287677134051788     
  0.672320000000000       0.287694032407001     
  0.672400000000000       0.287710930875701     
  0.672480000000000       0.287727829458856     
  0.672560000000000       0.287744728155101     
  0.672640000000000       0.287761626965147     
  0.672720000000000       0.287778525888894     
  0.672800000000000       0.287795424925389     
  0.672880000000000       0.287812324075145     
  0.672960000000000       0.287829223337437     
  0.673040000000000       0.287846122713202     
  0.673120000000000       0.287863022201177     
  0.673200000000000       0.287879921801246     
  0.673280000000000       0.287896821513780     
  0.673360000000000       0.287913721338509     
  0.673440000000000       0.287930621274751     
  0.673520000000000       0.287947521322874     
  0.673600000000000       0.287964421482667     
  0.673680000000000       0.287981321754214     
  0.673760000000000       0.287998222136832     
  0.673840000000000       0.288015122629841     
  0.673920000000000       0.288032023235073     
  0.674000000000000       0.288048923950154     
  0.674080000000000       0.288065824776280     
  0.674160000000000       0.288082725712397     
  0.674240000000000       0.288099626759046     
  0.674320000000000       0.288116527915929     
  0.674400000000000       0.288133429182904     
  0.674480000000000       0.288150330559415     
  0.674560000000000       0.288167232045663     
  0.674640000000000       0.288184133640780     
  0.674720000000000       0.288201035346017     
  0.674800000000000       0.288217937160337     
  0.674880000000000       0.288234839083867     
  0.674960000000000       0.288251741115471     
  0.675040000000000       0.288268643256498     
  0.675120000000000       0.288285545505926     
  0.675200000000000       0.288302447862901     
  0.675280000000000       0.288319350328817     
  0.675360000000000       0.288336252902550     
  0.675440000000000       0.288353155584031     
  0.675520000000000       0.288370058373570     
  0.675600000000000       0.288386961270686     
  0.675680000000000       0.288403864274994     
  0.675760000000000       0.288420767386438     
  0.675840000000000       0.288437670605131     
  0.675920000000000       0.288454573930576     
  0.676000000000000       0.288471477362631     
  0.676080000000000       0.288488380901353     
  0.676160000000000       0.288505284546784     
  0.676240000000000       0.288522188298086     
  0.676320000000000       0.288539092155202     
  0.676400000000000       0.288555996118629     
  0.676480000000000       0.288572900188282     
  0.676560000000000       0.288589804362883     
  0.676640000000000       0.288606708642985     
  0.676720000000000       0.288623613028645     
  0.676800000000000       0.288640517519139     
  0.676880000000000       0.288657422114693     
  0.676960000000000       0.288674326814982     
  0.677040000000000       0.288691231620061     
  0.677120000000000       0.288708136529306     
  0.677200000000000       0.288725041543029     
  0.677280000000000       0.288741946661301     
  0.677360000000000       0.288758851882943     
  0.677440000000000       0.288775757208595     
  0.677520000000000       0.288792662638014     
  0.677600000000000       0.288809568170646     
  0.677680000000000       0.288826473807245     
  0.677760000000000       0.288843379546162     
  0.677840000000000       0.288860285388662     
  0.677920000000000       0.288877191333879     
  0.678000000000000       0.288894097381797     
  0.678080000000000       0.288911003531990     
  0.678160000000000       0.288927909785312     
  0.678240000000000       0.288944816140185     
  0.678320000000000       0.288961722596892     
  0.678400000000000       0.288978629156017     
  0.678480000000000       0.288995535816949     
  0.678560000000000       0.289012442579076     
  0.678640000000000       0.289029349442726     
  0.678720000000000       0.289046256407002     
  0.678800000000000       0.289063163472872     
  0.678880000000000       0.289080070640037     
  0.678960000000000       0.289096977907161     
  0.679040000000000       0.289113885275864     
  0.679120000000000       0.289130792743646     
  0.679200000000000       0.289147700313077     
  0.679280000000000       0.289164607981587     
  0.679360000000000       0.289181515750667     
  0.679440000000000       0.289198423619138     
  0.679520000000000       0.289215331587084     
  0.679600000000000       0.289232239654990     
  0.679680000000000       0.289249147821960     
  0.679760000000000       0.289266056088107     
  0.679840000000000       0.289282964452664     
  0.679920000000000       0.289299872916669     
  0.680000000000000       0.289316781478900     
  0.680080000000000       0.289333690140023     
  0.680160000000000       0.289350598899173     
  0.680240000000000       0.289367507756691     
  0.680320000000000       0.289384416711823     
  0.680400000000000       0.289401325765422     
  0.680480000000000       0.289418234916124     
  0.680560000000000       0.289435144164796     
  0.680640000000000       0.289452053510868     
  0.680720000000000       0.289468962953262     
  0.680800000000000       0.289485872493228     
  0.680880000000000       0.289502782129884     
  0.680960000000000       0.289519691863700     
  0.681040000000000       0.289536601693666     
  0.681120000000000       0.289553511620309     
  0.681200000000000       0.289570421642705     
  0.681280000000000       0.289587331761109     
  0.681360000000000       0.289604241976161     
  0.681440000000000       0.289621152285773     
  0.681520000000000       0.289638062692103     
  0.681600000000000       0.289654973193476     
  0.681680000000000       0.289671883790075     
  0.681760000000000       0.289688794481148     
  0.681840000000000       0.289705705267463     
  0.681920000000000       0.289722616149331     
  0.682000000000000       0.289739527125090     
  0.682080000000000       0.289756438194812     
  0.682160000000000       0.289773349359803     
  0.682240000000000       0.289790260618599     
  0.682320000000000       0.289807171970520     
  0.682400000000000       0.289824083417256     
  0.682480000000000       0.289840994957385     
  0.682560000000000       0.289857906590709     
  0.682640000000000       0.289874818317583     
  0.682720000000000       0.289891730137225     
  0.682800000000000       0.289908642050375     
  0.682880000000000       0.289925554055981     
  0.682960000000000       0.289942466153914     
  0.683040000000000       0.289959378344943     
  0.683120000000000       0.289976290628215     
  0.683200000000000       0.289993203003274     
  0.683280000000000       0.290010115470463     
  0.683360000000000       0.290027028029553     
  0.683440000000000       0.290043940680090     
  0.683520000000000       0.290060853422600     
  0.683600000000000       0.290077766256300     
  0.683680000000000       0.290094679181448     
  0.683760000000000       0.290111592197332     
  0.683840000000000       0.290128505303682     
  0.683920000000000       0.290145418501280     
  0.684000000000000       0.290162331789642     
  0.684080000000000       0.290179245167803     
  0.684160000000000       0.290196158636132     
  0.684240000000000       0.290213072194700     
  0.684320000000000       0.290229985843592     
  0.684400000000000       0.290246899581757     
  0.684480000000000       0.290263813409422     
  0.684560000000000       0.290280727326729     
  0.684640000000000       0.290297641333294     
  0.684720000000000       0.290314555429075     
  0.684800000000000       0.290331469612849     
  0.684880000000000       0.290348383886223     
  0.684960000000000       0.290365298248742     
  0.685040000000000       0.290382212698586     
  0.685120000000000       0.290399127237447     
  0.685200000000000       0.290416041864160     
  0.685280000000000       0.290432956578738     
  0.685360000000000       0.290449871381196     
  0.685440000000000       0.290466786270710     
  0.685520000000000       0.290483701248644     
  0.685600000000000       0.290500616313818     
  0.685680000000000       0.290517531465480     
  0.685760000000000       0.290534446704083     
  0.685840000000000       0.290551362029828     
  0.685920000000000       0.290568277442472     
  0.686000000000000       0.290585192940964     
  0.686080000000000       0.290602108526213     
  0.686160000000000       0.290619024198119     
  0.686240000000000       0.290635939955178     
  0.686320000000000       0.290652855798481     
  0.686400000000000       0.290669771727392     
  0.686480000000000       0.290686687741496     
  0.686560000000000       0.290703603841931     
  0.686640000000000       0.290720520026750     
  0.686720000000000       0.290737436296919     
  0.686800000000000       0.290754352651672     
  0.686880000000000       0.290771269091405     
  0.686960000000000       0.290788185615566     
  0.687040000000000       0.290805102224294     
  0.687120000000000       0.290822018916683     
  0.687200000000000       0.290838935693981     
  0.687280000000000       0.290855852554725     
  0.687360000000000       0.290872769498532     
  0.687440000000000       0.290889686526992     
  0.687520000000000       0.290906603638459     
  0.687600000000000       0.290923520833158     
  0.687680000000000       0.290940438110962     
  0.687760000000000       0.290957355471772     
  0.687840000000000       0.290974272914878     
  0.687920000000000       0.290991190441258     
  0.688000000000000       0.291008108049806     
  0.688080000000000       0.291025025741061     
  0.688160000000000       0.291041943513446     
  0.688240000000000       0.291058861368396     
  0.688320000000000       0.291075779305001     
  0.688400000000000       0.291092697323887     
  0.688480000000000       0.291109615423264     
  0.688560000000000       0.291126533604324     
  0.688640000000000       0.291143451866387     
  0.688720000000000       0.291160370210091     
  0.688800000000000       0.291177288633574     
  0.688880000000000       0.291194207138216     
  0.688960000000000       0.291211125723731     
  0.689040000000000       0.291228044389069     
  0.689120000000000       0.291244963135083     
  0.689200000000000       0.291261881960577     
  0.689280000000000       0.291278800866419     
  0.689360000000000       0.291295719851388     
  0.689440000000000       0.291312638916520     
  0.689520000000000       0.291329558060707     
  0.689600000000000       0.291346477284006     
  0.689680000000000       0.291363396586090     
  0.689760000000000       0.291380315967498     
  0.689840000000000       0.291397235426953     
  0.689920000000000       0.291414154966259     
  0.690000000000000       0.291431074582829     
  0.690080000000000       0.291447994277672     
  0.690160000000000       0.291464914051315     
  0.690240000000000       0.291481833902122     
  0.690320000000000       0.291498753831147     
  0.690400000000000       0.291515673837520     
  0.690480000000000       0.291532593921130     
  0.690560000000000       0.291549514082587     
  0.690640000000000       0.291566434320427     
  0.690720000000000       0.291583354635930     
  0.690800000000000       0.291600275027489     
  0.690880000000000       0.291617195496355     
  0.690960000000000       0.291634116040936     
  0.691040000000000       0.291651036662753     
  0.691120000000000       0.291667957359675     
  0.691200000000000       0.291684878133151     
  0.691280000000000       0.291701798982072     
  0.691360000000000       0.291718719907078     
  0.691440000000000       0.291735640907515     
  0.691520000000000       0.291752561982489     
  0.691600000000000       0.291769483133177     
  0.691680000000000       0.291786404359027     
  0.691760000000000       0.291803325659157     
  0.691840000000000       0.291820247034306     
  0.691920000000000       0.291837168483863     
  0.692000000000000       0.291854090008127     
  0.692080000000000       0.291871011605917     
  0.692160000000000       0.291887933278315     
  0.692240000000000       0.291904855024566     
  0.692320000000000       0.291921776844188     
  0.692400000000000       0.291938698737494     
  0.692480000000000       0.291955620703672     
  0.692560000000000       0.291972542743221     
  0.692640000000000       0.291989464856539     
  0.692720000000000       0.292006387041977     
  0.692800000000000       0.292023309300558     
  0.692880000000000       0.292040231631572     
  0.692960000000000       0.292057154035132     
  0.693040000000000       0.292074076510158     
  0.693120000000000       0.292090999058257     
  0.693200000000000       0.292107921677794     
  0.693280000000000       0.292124844368897     
  0.693360000000000       0.292141767131963     
  0.693440000000000       0.292158689966269     
  0.693520000000000       0.292175612871472     
  0.693600000000000       0.292192535848525     
  0.693680000000000       0.292209458896079     
  0.693760000000000       0.292226382014232     
  0.693840000000000       0.292243305203226     
  0.693920000000000       0.292260228462607     
  0.694000000000000       0.292277151792359     
  0.694080000000000       0.292294075192541     
  0.694160000000000       0.292310998662029     
  0.694240000000000       0.292327922201704     
  0.694320000000000       0.292344845810700     
  0.694400000000000       0.292361769489557     
  0.694480000000000       0.292378693237038     
  0.694560000000000       0.292395617054265     
  0.694640000000000       0.292412540940984     
  0.694720000000000       0.292429464895886     
  0.694800000000000       0.292446388919214     
  0.694880000000000       0.292463313011479     
  0.694960000000000       0.292480237171785     
  0.695040000000000       0.292497161400360     
  0.695120000000000       0.292514085697275     
  0.695200000000000       0.292531010061720     
  0.695280000000000       0.292547934493595     
  0.695360000000000       0.292564858993356     
  0.695440000000000       0.292581783560718     
  0.695520000000000       0.292598708194700     
  0.695600000000000       0.292615632895900     
  0.695680000000000       0.292632557664260     
  0.695760000000000       0.292649482499326     
  0.695840000000000       0.292666407400571     
  0.695920000000000       0.292683332368324     
  0.696000000000000       0.292700257402598     
  0.696080000000000       0.292717182502824     
  0.696160000000000       0.292734107669060     
  0.696240000000000       0.292751032900679     
  0.696320000000000       0.292767958198081     
  0.696400000000000       0.292784883560597     
  0.696480000000000       0.292801808988426     
  0.696560000000000       0.292818734481810     
  0.696640000000000       0.292835660040123     
  0.696720000000000       0.292852585662342     
  0.696800000000000       0.292869511350116     
  0.696880000000000       0.292886437102109     
  0.696960000000000       0.292903362918278     
  0.697040000000000       0.292920288798609     
  0.697120000000000       0.292937214742406     
  0.697200000000000       0.292954140750848     
  0.697280000000000       0.292971066822571     
  0.697360000000000       0.292987992957689     
  0.697440000000000       0.293004919156059     
  0.697520000000000       0.293021845417752     
  0.697600000000000       0.293038771742116     
  0.697680000000000       0.293055698129433     
  0.697760000000000       0.293072624579875     
  0.697840000000000       0.293089551092405     
  0.697920000000000       0.293106477666879     
  0.698000000000000       0.293123404304336     
  0.698080000000000       0.293140331003212     
  0.698160000000000       0.293157257764418     
  0.698240000000000       0.293174184586829     
  0.698320000000000       0.293191111471228     
  0.698400000000000       0.293208038416378     
  0.698480000000000       0.293224965423673     
  0.698560000000000       0.293241892491093     
  0.698640000000000       0.293258819619678     
  0.698720000000000       0.293275746809241     
  0.698800000000000       0.293292674058873     
  0.698880000000000       0.293309601369739     
  0.698960000000000       0.293326528739951     
  0.699040000000000       0.293343456170558     
  0.699120000000000       0.293360383660752     
  0.699200000000000       0.293377311210958     
  0.699280000000000       0.293394238820963     
  0.699360000000000       0.293411166490483     
  0.699440000000000       0.293428094218680     
  0.699520000000000       0.293445022006037     
  0.699600000000000       0.293461949852895     
  0.699680000000000       0.293478877758017     
  0.699760000000000       0.293495805721787     
  0.699840000000000       0.293512733743779     
  0.699920000000000       0.293529661824704     
  0.700000000000000       0.293546589963580     
  0.700080000000000       0.293563518160266     
  0.700160000000000       0.293580446415032     
  0.700240000000000       0.293597374726784     
  0.700320000000000       0.293614303096047     
  0.700400000000000       0.293631231523148     
  0.700480000000000       0.293648160007476     
  0.700560000000000       0.293665088548249     
  0.700640000000000       0.293682017145895     
  0.700720000000000       0.293698945800426     
  0.700800000000000       0.293715874511503     
  0.700880000000000       0.293732803278812     
  0.700960000000000       0.293749732102296     
  0.701040000000000       0.293766660981601     
  0.701120000000000       0.293783589917166     
  0.701200000000000       0.293800518908168     
  0.701280000000000       0.293817447954677     
  0.701360000000000       0.293834377056410     
  0.701440000000000       0.293851306213779     
  0.701520000000000       0.293868235425958     
  0.701600000000000       0.293885164692622     
  0.701680000000000       0.293902094014467     
  0.701760000000000       0.293919023390782     
  0.701840000000000       0.293935952821227     
  0.701920000000000       0.293952882306297     
  0.702000000000000       0.293969811845014     
  0.702080000000000       0.293986741437988     
  0.702160000000000       0.294003671084707     
  0.702240000000000       0.294020600784987     
  0.702320000000000       0.294037530538500     
  0.702400000000000       0.294054460345078     
  0.702480000000000       0.294071390204974     
  0.702560000000000       0.294088320118161     
  0.702640000000000       0.294105250083928     
  0.702720000000000       0.294122180102204     
  0.702800000000000       0.294139110172861     
  0.702880000000000       0.294156040295516     
  0.702960000000000       0.294172970470780     
  0.703040000000000       0.294189900697458     
  0.703120000000000       0.294206830976305     
  0.703200000000000       0.294223761306608     
  0.703280000000000       0.294240691688327     
  0.703360000000000       0.294257622121475     
  0.703440000000000       0.294274552605896     
  0.703520000000000       0.294291483141390     
  0.703600000000000       0.294308413727291     
  0.703680000000000       0.294325344363981     
  0.703760000000000       0.294342275051162     
  0.703840000000000       0.294359205788564     
  0.703920000000000       0.294376136576912     
  0.704000000000000       0.294393067414359     
  0.704080000000000       0.294409998302055     
  0.704160000000000       0.294426929238949     
  0.704240000000000       0.294443860225965     
  0.704320000000000       0.294460791261895     
  0.704400000000000       0.294477722347335     
  0.704480000000000       0.294494653482045     
  0.704560000000000       0.294511584664886     
  0.704640000000000       0.294528515897366     
  0.704720000000000       0.294545447177652     
  0.704800000000000       0.294562378506254     
  0.704880000000000       0.294579309883443     
  0.704960000000000       0.294596241308793     
  0.705040000000000       0.294613172781862     
  0.705120000000000       0.294630104302794     
  0.705200000000000       0.294647035870978     
  0.705280000000000       0.294663967486895     
  0.705360000000000       0.294680899149950     
  0.705440000000000       0.294697830859786     
  0.705520000000000       0.294714762616761     
  0.705600000000000       0.294731694420418     
  0.705680000000000       0.294748626271013     
  0.705760000000000       0.294765558167921     
  0.705840000000000       0.294782490111257     
  0.705920000000000       0.294799422099968     
  0.706000000000000       0.294816354135418     
  0.706080000000000       0.294833286216158     
  0.706160000000000       0.294850218342714     
  0.706240000000000       0.294867150514403     
  0.706320000000000       0.294884082731809     
  0.706400000000000       0.294901014994747     
  0.706480000000000       0.294917947302037     
  0.706560000000000       0.294934879654446     
  0.706640000000000       0.294951812050908     
  0.706720000000000       0.294968744492334     
  0.706800000000000       0.294985676977643     
  0.706880000000000       0.295002609507816     
  0.706960000000000       0.295019542081872     
  0.707040000000000       0.295036474699455     
  0.707120000000000       0.295053407360865     
  0.707200000000000       0.295070340065220     
  0.707280000000000       0.295087272814183     
  0.707360000000000       0.295104205604997     
  0.707440000000000       0.295121138440035     
  0.707520000000000       0.295138071316882     
  0.707600000000000       0.295155004237086     
  0.707680000000000       0.295171937199794     
  0.707760000000000       0.295188870204225     
  0.707840000000000       0.295205803251687     
  0.707920000000000       0.295222736340858     
  0.708000000000000       0.295239669471809     
  0.708080000000000       0.295256602644440     
  0.708160000000000       0.295273535859477     
  0.708240000000000       0.295290469114772     
  0.708320000000000       0.295307402411891     
  0.708400000000000       0.295324335749638     
  0.708480000000000       0.295341269128923     
  0.708560000000000       0.295358202548439     
  0.708640000000000       0.295375136009054     
  0.708720000000000       0.295392069509899     
  0.708800000000000       0.295409003051074     
  0.708880000000000       0.295425936631884     
  0.708960000000000       0.295442870253024     
  0.709040000000000       0.295459803914096     
  0.709120000000000       0.295476737614405     
  0.709200000000000       0.295493671354134     
  0.709280000000000       0.295510605133740     
  0.709360000000000       0.295527538951970     
  0.709440000000000       0.295544472809266     
  0.709520000000000       0.295561406705386     
  0.709600000000000       0.295578340640529     
  0.709680000000000       0.295595274613515     
  0.709760000000000       0.295612208625298     
  0.709840000000000       0.295629142674724     
  0.709920000000000       0.295646076762407     
  0.710000000000000       0.295663010888487     
  0.710080000000000       0.295679945051415     
  0.710160000000000       0.295696879252273     
  0.710240000000000       0.295713813490903     
  0.710320000000000       0.295730747765430     
  0.710400000000000       0.295747682077402     
  0.710480000000000       0.295764616426990     
  0.710560000000000       0.295781550812873     
  0.710640000000000       0.295798485235363     
  0.710720000000000       0.295815419693864     
  0.710800000000000       0.295832354189440     
  0.710880000000000       0.295849288719521     
  0.710960000000000       0.295866223286720     
  0.711040000000000       0.295883157889034     
  0.711120000000000       0.295900092527572     
  0.711200000000000       0.295917027200869     
  0.711280000000000       0.295933961909651     
  0.711360000000000       0.295950896653363     
  0.711440000000000       0.295967831432233     
  0.711520000000000       0.295984766246019     
  0.711600000000000       0.296001701094025     
  0.711680000000000       0.296018635976265     
  0.711760000000000       0.296035570892937     
  0.711840000000000       0.296052505843957     
  0.711920000000000       0.296069440828785     
  0.712000000000000       0.296086375847619     
  0.712080000000000       0.296103310899522     
  0.712160000000000       0.296120245984977     
  0.712240000000000       0.296137181103856     
  0.712320000000000       0.296154116256074     
  0.712400000000000       0.296171051441417     
  0.712480000000000       0.296187986659516     
  0.712560000000000       0.296204921909404     
  0.712640000000000       0.296221857192703     
  0.712720000000000       0.296238792507649     
  0.712800000000000       0.296255727854867     
  0.712880000000000       0.296272663234458     
  0.712960000000000       0.296289598645697     
  0.713040000000000       0.296306534088512     
  0.713120000000000       0.296323469562165     
  0.713200000000000       0.296340405068176     
  0.713280000000000       0.296357340605138     
  0.713360000000000       0.296374276173052     
  0.713440000000000       0.296391211771561     
  0.713520000000000       0.296408147401036     
  0.713600000000000       0.296425083061249     
  0.713680000000000       0.296442018751446     
  0.713760000000000       0.296458954472141     
  0.713840000000000       0.296475890222266     
  0.713920000000000       0.296492826002361     
  0.714000000000000       0.296509761813010     
  0.714080000000000       0.296526697652237     
  0.714160000000000       0.296543633521236     
  0.714240000000000       0.296560569420291     
  0.714320000000000       0.296577505347511     
  0.714400000000000       0.296594441303566     
  0.714480000000000       0.296611377288411     
  0.714560000000000       0.296628313301963     
  0.714640000000000       0.296645249343681     
  0.714720000000000       0.296662185414175     
  0.714800000000000       0.296679121512523     
  0.714880000000000       0.296696057638596     
  0.714960000000000       0.296712993792664     
  0.715040000000000       0.296729929974600     
  0.715120000000000       0.296746866183167     
  0.715200000000000       0.296763802419531     
  0.715280000000000       0.296780738683094     
  0.715360000000000       0.296797674973871     
  0.715440000000000       0.296814611290725     
  0.715520000000000       0.296831547634082     
  0.715600000000000       0.296848484004696     
  0.715680000000000       0.296865420401187     
  0.715760000000000       0.296882356824153     
  0.715840000000000       0.296899293272813     
  0.715920000000000       0.296916229747478     
  0.716000000000000       0.296933166247411     
  0.716080000000000       0.296950102772837     
  0.716160000000000       0.296967039323914     
  0.716240000000000       0.296983975900287     
  0.716320000000000       0.297000912501557     
  0.716400000000000       0.297017849127212     
  0.716480000000000       0.297034785778007     
  0.716560000000000       0.297051722452974     
  0.716640000000000       0.297068659152456     
  0.716720000000000       0.297085595876280     
  0.716800000000000       0.297102532624291     
  0.716880000000000       0.297119469395992     
  0.716960000000000       0.297136406191112     
  0.717040000000000       0.297153343009609     
  0.717120000000000       0.297170279852662     
  0.717200000000000       0.297187216718041     
  0.717280000000000       0.297204153606583     
  0.717360000000000       0.297221090517735     
  0.717440000000000       0.297238027451738     
  0.717520000000000       0.297254964408890     
  0.717600000000000       0.297271901387899     
  0.717680000000000       0.297288838389105     
  0.717760000000000       0.297305775412735     
  0.717840000000000       0.297322712457768     
  0.717920000000000       0.297339649524898     
  0.718000000000000       0.297356586613756     
  0.718080000000000       0.297373523723704     
  0.718160000000000       0.297390460855323     
  0.718240000000000       0.297407398007604     
  0.718320000000000       0.297424335181202     
  0.718400000000000       0.297441272375406     
  0.718480000000000       0.297458209590116     
  0.718560000000000       0.297475146825715     
  0.718640000000000       0.297492084081367     
  0.718720000000000       0.297509021357155     
  0.718800000000000       0.297525958652909     
  0.718880000000000       0.297542895968417     
  0.718960000000000       0.297559833303620     
  0.719040000000000       0.297576770657952     
  0.719120000000000       0.297593708032335     
  0.719200000000000       0.297610645425135     
  0.719280000000000       0.297627582837305     
  0.719360000000000       0.297644520268233     
  0.719440000000000       0.297661457718189     
  0.719520000000000       0.297678395186151     
  0.719600000000000       0.297695332672601     
  0.719680000000000       0.297712270177141     
  0.719760000000000       0.297729207700084     
  0.719840000000000       0.297746145240620     
  0.719920000000000       0.297763082798579     
  0.720000000000000       0.297780020373904     
  0.720080000000000       0.297796957967645     
  0.720160000000000       0.297813895577758     
  0.720240000000000       0.297830833205194     
  0.720320000000000       0.297847770849711     
  0.720400000000000       0.297864708510727     
  0.720480000000000       0.297881646188014     
  0.720560000000000       0.297898583882440     
  0.720640000000000       0.297915521592285     
  0.720720000000000       0.297932459318273     
  0.720800000000000       0.297949397060859     
  0.720880000000000       0.297966334818707     
  0.720960000000000       0.297983272592074     
  0.721040000000000       0.298000210381187     
  0.721120000000000       0.298017148184994     
  0.721200000000000       0.298034086004745     
  0.721280000000000       0.298051023838963     
  0.721360000000000       0.298067961687491     
  0.721440000000000       0.298084899550912     
  0.721520000000000       0.298101837429269     
  0.721600000000000       0.298118775321311     
  0.721680000000000       0.298135713227762     
  0.721760000000000       0.298152651148737     
  0.721840000000000       0.298169589082417     
  0.721920000000000       0.298186527030578     
  0.722000000000000       0.298203464991855     
  0.722080000000000       0.298220402966419     
  0.722160000000000       0.298237340954043     
  0.722240000000000       0.298254278954869     
  0.722320000000000       0.298271216968584     
  0.722400000000000       0.298288154994876     
  0.722480000000000       0.298305093033773     
  0.722560000000000       0.298322031084308     
  0.722640000000000       0.298338969147847     
  0.722720000000000       0.298355907222995     
  0.722800000000000       0.298372845310109     
  0.722880000000000       0.298389783408635     
  0.722960000000000       0.298406721519183     
  0.723040000000000       0.298423659640517     
  0.723120000000000       0.298440597773731     
  0.723200000000000       0.298457535917731     
  0.723280000000000       0.298474474072148     
  0.723360000000000       0.298491412237991     
  0.723440000000000       0.298508350413553     
  0.723520000000000       0.298525288599916     
  0.723600000000000       0.298542226796568     
  0.723680000000000       0.298559165003636     
  0.723760000000000       0.298576103220353     
  0.723840000000000       0.298593041446492     
  0.723920000000000       0.298609979682578     
  0.724000000000000       0.298626917927788     
  0.724080000000000       0.298643856182235     
  0.724160000000000       0.298660794445976     
  0.724240000000000       0.298677732718542     
  0.724320000000000       0.298694671000430     
  0.724400000000000       0.298711609289751     
  0.724480000000000       0.298728547588394     
  0.724560000000000       0.298745485895137     
  0.724640000000000       0.298762424210094     
  0.724720000000000       0.298779362532554     
  0.724800000000000       0.298796300863199     
  0.724880000000000       0.298813239201235     
  0.724960000000000       0.298830177546859     
  0.725040000000000       0.298847115899758     
  0.725120000000000       0.298864054260119     
  0.725200000000000       0.298880992626661     
  0.725280000000000       0.298897931000735     
  0.725360000000000       0.298914869381090     
  0.725440000000000       0.298931807768210     
  0.725520000000000       0.298948746161511     
  0.725600000000000       0.298965684560582     
  0.725680000000000       0.298982622966517     
  0.725760000000000       0.298999561377838     
  0.725840000000000       0.299016499794644     
  0.725920000000000       0.299033438217148     
  0.726000000000000       0.299050376644684     
  0.726080000000000       0.299067315077676     
  0.726160000000000       0.299084253516082     
  0.726240000000000       0.299101191959107     
  0.726320000000000       0.299118130406467     
  0.726400000000000       0.299135068858601     
  0.726480000000000       0.299152007315325     
  0.726560000000000       0.299168945776199     
  0.726640000000000       0.299185884240853     
  0.726720000000000       0.299202822709316     
  0.726800000000000       0.299219761181971     
  0.726880000000000       0.299236699658121     
  0.726960000000000       0.299253638137398     
  0.727040000000000       0.299270576620043     
  0.727120000000000       0.299287515105885     
  0.727200000000000       0.299304453594456     
  0.727280000000000       0.299321392085358     
  0.727360000000000       0.299338330579712     
  0.727440000000000       0.299355269076156     
  0.727520000000000       0.299372207574533     
  0.727600000000000       0.299389146075566     
  0.727680000000000       0.299406084578092     
  0.727760000000000       0.299423023082338     
  0.727840000000000       0.299439961588942     
  0.727920000000000       0.299456900095859     
  0.728000000000000       0.299473838604922     
  0.728080000000000       0.299490777114625     
  0.728160000000000       0.299507715625776     
  0.728240000000000       0.299524654136900     
  0.728320000000000       0.299541592649558     
  0.728400000000000       0.299558531162671     
  0.728480000000000       0.299575469675884     
  0.728560000000000       0.299592408189224     
  0.728640000000000       0.299609346702607     
  0.728720000000000       0.299626285215393     
  0.728800000000000       0.299643223728378     
  0.728880000000000       0.299660162241221     
  0.728960000000000       0.299677100752260     
  0.729040000000000       0.299694039262971     
  0.729120000000000       0.299710977773100     
  0.729200000000000       0.299727916281850     
  0.729280000000000       0.299744854788909     
  0.729360000000000       0.299761793294533     
  0.729440000000000       0.299778731799404     
  0.729520000000000       0.299795670301887     
  0.729600000000000       0.299812608802424     
  0.729680000000000       0.299829547300374     
  0.729760000000000       0.299846485796732     
  0.729840000000000       0.299863424290447     
  0.729920000000000       0.299880362781022     
  0.730000000000000       0.299897301269763     
  0.730080000000000       0.299914239754710     
  0.730160000000000       0.299931178237185     
  0.730240000000000       0.299948116716206     
  0.730320000000000       0.299965055191404     
  0.730400000000000       0.299981993664031     
  0.730480000000000       0.299998932132394     
  0.730560000000000       0.300015870596295     
  0.730640000000000       0.300032809056771     
  0.730720000000000       0.300049747512458     
  0.730800000000000       0.300066685964364     
  0.730880000000000       0.300083624411582     
  0.730960000000000       0.300100562853726     
  0.731040000000000       0.300117501291265     
  0.731120000000000       0.300134439723945     
  0.731200000000000       0.300151378150855     
  0.731280000000000       0.300168316572749     
  0.731360000000000       0.300185254989455     
  0.731440000000000       0.300202193400079     
  0.731520000000000       0.300219131804622     
  0.731600000000000       0.300236070203508     
  0.731680000000000       0.300253008595601     
  0.731760000000000       0.300269946982280     
  0.731840000000000       0.300286885361925     
  0.731920000000000       0.300303823734933     
  0.732000000000000       0.300320762100765     
  0.732080000000000       0.300337700459875     
  0.732160000000000       0.300354638812235     
  0.732240000000000       0.300371577156835     
  0.732320000000000       0.300388515494359     
  0.732400000000000       0.300405453823896     
  0.732480000000000       0.300422392145788     
  0.732560000000000       0.300439330459466     
  0.732640000000000       0.300456268765328     
  0.732720000000000       0.300473207062493     
  0.732800000000000       0.300490145351898     
  0.732880000000000       0.300507083632294     
  0.732960000000000       0.300524021903780     
  0.733040000000000       0.300540960166100     
  0.733120000000000       0.300557898419751     
  0.733200000000000       0.300574836663910     
  0.733280000000000       0.300591774898916     
  0.733360000000000       0.300608713124203     
  0.733440000000000       0.300625651339598     
  0.733520000000000       0.300642589545004     
  0.733600000000000       0.300659527740660     
  0.733680000000000       0.300676465925702     
  0.733760000000000       0.300693404100483     
  0.733840000000000       0.300710342264904     
  0.733920000000000       0.300727280418468     
  0.734000000000000       0.300744218560863     
  0.734080000000000       0.300761156692599     
  0.734160000000000       0.300778094812938     
  0.734240000000000       0.300795032921838     
  0.734320000000000       0.300811971019397     
  0.734400000000000       0.300828909105005     
  0.734480000000000       0.300845847178789     
  0.734560000000000       0.300862785240594     
  0.734640000000000       0.300879723290532     
  0.734720000000000       0.300896661327681     
  0.734800000000000       0.300913599351898     
  0.734880000000000       0.300930537364420     
  0.734960000000000       0.300947475363881     
  0.735040000000000       0.300964413349800     
  0.735120000000000       0.300981351323227     
  0.735200000000000       0.300998289282529     
  0.735280000000000       0.301015227228714     
  0.735360000000000       0.301032165161399     
  0.735440000000000       0.301049103080328     
  0.735520000000000       0.301066040984918     
  0.735600000000000       0.301082978875894     
  0.735680000000000       0.301099916752062     
  0.735760000000000       0.301116854614190     
  0.735840000000000       0.301133792461539     
  0.735920000000000       0.301150730293483     
  0.736000000000000       0.301167668110762     
  0.736080000000000       0.301184605913005     
  0.736160000000000       0.301201543700455     
  0.736240000000000       0.301218481472245     
  0.736320000000000       0.301235419228189     
  0.736400000000000       0.301252356968615     
  0.736480000000000       0.301269294692671     
  0.736560000000000       0.301286232401677     
  0.736640000000000       0.301303170093161     
  0.736720000000000       0.301320107769141     
  0.736800000000000       0.301337045428053     
  0.736880000000000       0.301353983070098     
  0.736960000000000       0.301370920695445     
  0.737040000000000       0.301387858303923     
  0.737120000000000       0.301404795895036     
  0.737200000000000       0.301421733468911     
  0.737280000000000       0.301438671024553     
  0.737360000000000       0.301455608563228     
  0.737440000000000       0.301472546083741     
  0.737520000000000       0.301489483586022     
  0.737600000000000       0.301506421070241     
  0.737680000000000       0.301523358536667     
  0.737760000000000       0.301540295984279     
  0.737840000000000       0.301557233412848     
  0.737920000000000       0.301574170822687     
  0.738000000000000       0.301591108213626     
  0.738080000000000       0.301608045585010     
  0.738160000000000       0.301624982937423     
  0.738240000000000       0.301641920270552     
  0.738320000000000       0.301658857583288     
  0.738400000000000       0.301675794876840     
  0.738480000000000       0.301692732150610     
  0.738560000000000       0.301709669403391     
  0.738640000000000       0.301726606636177     
  0.738720000000000       0.301743543848571     
  0.738800000000000       0.301760481040387     
  0.738880000000000       0.301777418211867     
  0.738960000000000       0.301794355361449     
  0.739040000000000       0.301811292490780     
  0.739120000000000       0.301828229597587     
  0.739200000000000       0.301845166684427     
  0.739280000000000       0.301862103748900     
  0.739360000000000       0.301879040791189     
  0.739440000000000       0.301895977812291     
  0.739520000000000       0.301912914811138     
  0.739600000000000       0.301929851787261     
  0.739680000000000       0.301946788741145     
  0.739760000000000       0.301963725673201     
  0.739840000000000       0.301980662581468     
  0.739920000000000       0.301997599467310     
