  0.660000000000000       6.175311145655994E-003
  0.660080000000000       6.175365288472446E-003
  0.660160000000000       6.175419436106378E-003
  0.660240000000000       6.175473589282544E-003
  0.660320000000000       6.175527746821442E-003
  0.660400000000000       6.175581910485218E-003
  0.660480000000000       6.175636078852787E-003
  0.660560000000000       6.175690252293631E-003
  0.660640000000000       6.175744430125630E-003
  0.660720000000000       6.175798615034634E-003
  0.660800000000000       6.175852803979521E-003
  0.660880000000000       6.175906997386616E-003
  0.660960000000000       6.175961197145963E-003
  0.661040000000000       6.176015400699609E-003
  0.661120000000000       6.176069610065494E-003
  0.661200000000000       6.176123824163594E-003
  0.661280000000000       6.176178043747083E-003
  0.661360000000000       6.176232268602800E-003
  0.661440000000000       6.176286498332840E-003
  0.661520000000000       6.176340733534059E-003
  0.661600000000000       6.176394973922240E-003
  0.661680000000000       6.176449219099479E-003
  0.661760000000000       6.176503469136830E-003
  0.661840000000000       6.176557724474830E-003
  0.661920000000000       6.176611985951919E-003
  0.662000000000000       6.176666251322783E-003
  0.662080000000000       6.176720522392199E-003
  0.662160000000000       6.176774798051721E-003
  0.662240000000000       6.176829078969260E-003
  0.662320000000000       6.176883365912201E-003
  0.662400000000000       6.176937656507332E-003
  0.662480000000000       6.176991953525768E-003
  0.662560000000000       6.177046255205366E-003
  0.662640000000000       6.177100561404015E-003
  0.662720000000000       6.177154873827018E-003
  0.662800000000000       6.177209191280664E-003
  0.662880000000000       6.177263513054410E-003
  0.662960000000000       6.177317839972486E-003
  0.663040000000000       6.177372173100704E-003
  0.663120000000000       6.177426510989559E-003
  0.663200000000000       6.177480853383256E-003
  0.663280000000000       6.177535201262341E-003
  0.663360000000000       6.177589554200492E-003
  0.663440000000000       6.177643911927700E-003
  0.663520000000000       6.177698275055033E-003
  0.663600000000000       6.177752643753021E-003
  0.663680000000000       6.177807016955850E-003
  0.663760000000000       6.177861395459328E-003
  0.663840000000000       6.177915779220822E-003
  0.663920000000000       6.177970168240333E-003
  0.664000000000000       6.178024562304697E-003
  0.664080000000000       6.178078961214962E-003
  0.664160000000000       6.178133365738515E-003
  0.664240000000000       6.178187774951650E-003
  0.664320000000000       6.178242189991235E-003
  0.664400000000000       6.178296609706192E-003
  0.664480000000000       6.178351034437580E-003
  0.664560000000000       6.178405464796467E-003
  0.664640000000000       6.178459899148604E-003
  0.664720000000000       6.178514340762487E-003
  0.664800000000000       6.178568784934325E-003
  0.664880000000000       6.178623235600523E-003
  0.664960000000000       6.178677690970514E-003
  0.665040000000000       6.178732152607492E-003
  0.665120000000000       6.178786617456123E-003
  0.665200000000000       6.178841089438603E-003
  0.665280000000000       6.178895565726972E-003
  0.665360000000000       6.178950046875454E-003
  0.665440000000000       6.179004533040367E-003
  0.665520000000000       6.179059024733303E-003
  0.665600000000000       6.179113521414249E-003
  0.665680000000000       6.179168022756355E-003
  0.665760000000000       6.179222530265972E-003
  0.665840000000000       6.179277041882526E-003
  0.665920000000000       6.179331559552904E-003
  0.666000000000000       6.179386081912864E-003
  0.666080000000000       6.179440609928744E-003
  0.666160000000000       6.179495141881031E-003
  0.666240000000000       6.179549680000829E-003
  0.666320000000000       6.179604222668101E-003
  0.666400000000000       6.179658770735497E-003
  0.666480000000000       6.179713323918801E-003
  0.666560000000000       6.179767882729604E-003
  0.666640000000000       6.179822446102091E-003
  0.666720000000000       6.179877015301028E-003
  0.666800000000000       6.179931588962174E-003
  0.666880000000000       6.179986168577668E-003
  0.666960000000000       6.180040751234284E-003
  0.667040000000000       6.180095340413683E-003
  0.667120000000000       6.180149935106894E-003
  0.667200000000000       6.180204534816536E-003
  0.667280000000000       6.180259138718381E-003
  0.667360000000000       6.180313748602995E-003
  0.667440000000000       6.180368363788259E-003
  0.667520000000000       6.180422983535206E-003
  0.667600000000000       6.180477609179658E-003
  0.667680000000000       6.180532239044734E-003
  0.667760000000000       6.180586875205219E-003
  0.667840000000000       6.180641515245267E-003
  0.667920000000000       6.180696160472277E-003
  0.668000000000000       6.180750811952063E-003
  0.668080000000000       6.180805467425100E-003
  0.668160000000000       6.180860129321442E-003
  0.668240000000000       6.180914794685233E-003
  0.668320000000000       6.180969466685494E-003
  0.668400000000000       6.181024142266889E-003
  0.668480000000000       6.181078824669495E-003
  0.668560000000000       6.181133512116955E-003
  0.668640000000000       6.181188204126099E-003
  0.668720000000000       6.181242900611662E-003
  0.668800000000000       6.181297602525771E-003
  0.668880000000000       6.181352310721078E-003
  0.668960000000000       6.181407022611208E-003
  0.669040000000000       6.181461740469896E-003
  0.669120000000000       6.181516463430282E-003
  0.669200000000000       6.181571191947111E-003
  0.669280000000000       6.181625924329293E-003
  0.669360000000000       6.181680661997913E-003
  0.669440000000000       6.181735406857226E-003
  0.669520000000000       6.181790154757661E-003
  0.669600000000000       6.181844908385071E-003
  0.669680000000000       6.181899667071545E-003
  0.669760000000000       6.181954432096060E-003
  0.669840000000000       6.182009200261174E-003
  0.669920000000000       6.182063975048547E-003
  0.670000000000000       6.182118754397604E-003
  0.670080000000000       6.182173539089942E-003
  0.670160000000000       6.182228328358175E-003
  0.670240000000000       6.182283123694444E-003
  0.670320000000000       6.182337922782378E-003
  0.670400000000000       6.182392728393094E-003
  0.670480000000000       6.182447538622338E-003
  0.670560000000000       6.182502353697484E-003
  0.670640000000000       6.182557174314863E-003
  0.670720000000000       6.182612000374999E-003
  0.670800000000000       6.182666831551043E-003
  0.670880000000000       6.182721666706126E-003
  0.670960000000000       6.182776508426625E-003
  0.671040000000000       6.182831354637753E-003
  0.671120000000000       6.182886205708994E-003
  0.671200000000000       6.182941062663528E-003
  0.671280000000000       6.182995924677127E-003
  0.671360000000000       6.183050791337675E-003
  0.671440000000000       6.183105663440980E-003
  0.671520000000000       6.183160539978073E-003
  0.671600000000000       6.183215422028977E-003
  0.671680000000000       6.183270310545819E-003
  0.671760000000000       6.183325202146418E-003
  0.671840000000000       6.183380100056635E-003
  0.671920000000000       6.183435002812755E-003
  0.672000000000000       6.183489911196372E-003
  0.672080000000000       6.183544824482735E-003
  0.672160000000000       6.183599742686053E-003
  0.672240000000000       6.183654665394212E-003
  0.672320000000000       6.183709594340937E-003
  0.672400000000000       6.183764528304093E-003
  0.672480000000000       6.183819467539476E-003
  0.672560000000000       6.183874412075508E-003
  0.672640000000000       6.183929360064778E-003
  0.672720000000000       6.183984314761571E-003
  0.672800000000000       6.184039274503218E-003
  0.672880000000000       6.184094238806549E-003
  0.672960000000000       6.184149208623691E-003
  0.673040000000000       6.184204183556741E-003
  0.673120000000000       6.184259164188344E-003
  0.673200000000000       6.184314149267945E-003
  0.673280000000000       6.184369139335556E-003
  0.673360000000000       6.184424134675393E-003
  0.673440000000000       6.184479136552224E-003
  0.673520000000000       6.184534141683341E-003
  0.673600000000000       6.184589152925125E-003
  0.673680000000000       6.184644169027021E-003
  0.673760000000000       6.184699190173771E-003
  0.673840000000000       6.184754217004863E-003
  0.673920000000000       6.184809247445511E-003
  0.674000000000000       6.184864285417913E-003
  0.674080000000000       6.184919326857764E-003
  0.674160000000000       6.184974374053010E-003
  0.674240000000000       6.185029426136791E-003
  0.674320000000000       6.185084483137527E-003
  0.674400000000000       6.185139546490515E-003
  0.674480000000000       6.185194613879386E-003
  0.674560000000000       6.185249686313111E-003
  0.674640000000000       6.185304764473810E-003
  0.674720000000000       6.185359848091477E-003
  0.674800000000000       6.185414935418177E-003
  0.674880000000000       6.185470028784491E-003
  0.674960000000000       6.185525128076731E-003
  0.675040000000000       6.185580231333799E-003
  0.675120000000000       6.185635340445739E-003
  0.675200000000000       6.185690454545690E-003
  0.675280000000000       6.185745573264168E-003
  0.675360000000000       6.185800697070132E-003
  0.675440000000000       6.185855827469933E-003
  0.675520000000000       6.185910962303521E-003
  0.675600000000000       6.185966102224594E-003
  0.675680000000000       6.186021246380503E-003
  0.675760000000000       6.186076396448126E-003
  0.675840000000000       6.186131551603236E-003
  0.675920000000000       6.186186711561615E-003
  0.676000000000000       6.186241878099619E-003
  0.676080000000000       6.186297048815615E-003
  0.676160000000000       6.186352224462777E-003
  0.676240000000000       6.186407406121131E-003
  0.676320000000000       6.186462592000109E-003
  0.676400000000000       6.186517782952362E-003
  0.676480000000000       6.186572979617378E-003
  0.676560000000000       6.186628181128296E-003
  0.676640000000000       6.186683388067760E-003
  0.676720000000000       6.186738600791043E-003
  0.676800000000000       6.186793817223358E-003
  0.676880000000000       6.186849039425280E-003
  0.676960000000000       6.186904266501526E-003
  0.677040000000000       6.186959499247902E-003
  0.677120000000000       6.187014736555963E-003
  0.677200000000000       6.187069979875216E-003
  0.677280000000000       6.187125228196689E-003
  0.677360000000000       6.187180481577226E-003
  0.677440000000000       6.187235739817876E-003
  0.677520000000000       6.187291003018115E-003
  0.677600000000000       6.187346271973749E-003
  0.677680000000000       6.187401545150007E-003
  0.677760000000000       6.187456824579041E-003
  0.677840000000000       6.187512108797134E-003
  0.677920000000000       6.187567398273242E-003
  0.678000000000000       6.187622692225770E-003
  0.678080000000000       6.187677991947905E-003
  0.678160000000000       6.187733296757526E-003
  0.678240000000000       6.187788607407808E-003
  0.678320000000000       6.187843921482906E-003
  0.678400000000000       6.187899242691853E-003
  0.678480000000000       6.187954567453514E-003
  0.678560000000000       6.188009898340053E-003
  0.678640000000000       6.188065234086704E-003
  0.678720000000000       6.188120574267143E-003
  0.678800000000000       6.188175920444561E-003
  0.678880000000000       6.188231271169454E-003
  0.678960000000000       6.188286628104490E-003
  0.679040000000000       6.188341989999114E-003
  0.679120000000000       6.188397356384368E-003
  0.679200000000000       6.188452728510808E-003
  0.679280000000000       6.188508106065794E-003
  0.679360000000000       6.188563487855615E-003
  0.679440000000000       6.188618874818187E-003
  0.679520000000000       6.188674267166672E-003
  0.679600000000000       6.188729665014759E-003
  0.679680000000000       6.188785067296632E-003
  0.679760000000000       6.188840475419167E-003
  0.679840000000000       6.188895888671820E-003
  0.679920000000000       6.188951306926694E-003
  0.680000000000000       6.189006730368530E-003
  0.680080000000000       6.189062158741532E-003
  0.680160000000000       6.189117593225203E-003
  0.680240000000000       6.189173031602647E-003
  0.680320000000000       6.189228475508114E-003
  0.680400000000000       6.189283925922152E-003
  0.680480000000000       6.189339378936776E-003
  0.680560000000000       6.189394839269991E-003
  0.680640000000000       6.189450304335421E-003
  0.680720000000000       6.189505773749372E-003
  0.680800000000000       6.189561248819243E-003
  0.680880000000000       6.189616728877124E-003
  0.680960000000000       6.189672214548293E-003
  0.681040000000000       6.189727705022730E-003
  0.681120000000000       6.189783200229382E-003
  0.681200000000000       6.189838701816709E-003
  0.681280000000000       6.189894207496761E-003
  0.681360000000000       6.189949718349564E-003
  0.681440000000000       6.190005235185137E-003
  0.681520000000000       6.190060756383443E-003
  0.681600000000000       6.190116283635572E-003
  0.681680000000000       6.190171815690971E-003
  0.681760000000000       6.190227352649114E-003
  0.681840000000000       6.190282894396316E-003
  0.681920000000000       6.190338441017840E-003
  0.682000000000000       6.190393994730582E-003
  0.682080000000000       6.190449551740241E-003
  0.682160000000000       6.190505114618983E-003
  0.682240000000000       6.190560682585212E-003
  0.682320000000000       6.190616255781035E-003
  0.682400000000000       6.190671834575934E-003
  0.682480000000000       6.190727418046205E-003
  0.682560000000000       6.190783006973444E-003
  0.682640000000000       6.190838600192362E-003
  0.682720000000000       6.190894199465103E-003
  0.682800000000000       6.190949804152180E-003
  0.682880000000000       6.191005412832507E-003
  0.682960000000000       6.191061026969803E-003
  0.683040000000000       6.191116647047235E-003
  0.683120000000000       6.191172272595847E-003
  0.683200000000000       6.191227901853492E-003
  0.683280000000000       6.191283537434967E-003
  0.683360000000000       6.191339177322331E-003
  0.683440000000000       6.191394822965091E-003
  0.683520000000000       6.191450473851657E-003
  0.683600000000000       6.191506129754654E-003
  0.683680000000000       6.191561790730927E-003
  0.683760000000000       6.191617456951005E-003
  0.683840000000000       6.191673129025955E-003
  0.683920000000000       6.191728805008890E-003
  0.684000000000000       6.191784487145125E-003
  0.684080000000000       6.191840173658304E-003
  0.684160000000000       6.191895865770559E-003
  0.684240000000000       6.191951563240306E-003
  0.684320000000000       6.192007265257527E-003
  0.684400000000000       6.192062972831192E-003
  0.684480000000000       6.192118685563398E-003
  0.684560000000000       6.192174403525198E-003
  0.684640000000000       6.192230125792886E-003
  0.684720000000000       6.192285854725466E-003
  0.684800000000000       6.192341588006568E-003
  0.684880000000000       6.192397326247257E-003
  0.684960000000000       6.192453070470717E-003
  0.685040000000000       6.192508818857956E-003
  0.685120000000000       6.192564573426918E-003
  0.685200000000000       6.192620332159660E-003
  0.685280000000000       6.192676097230444E-003
  0.685360000000000       6.192731866109736E-003
  0.685440000000000       6.192787640787057E-003
  0.685520000000000       6.192843420978190E-003
  0.685600000000000       6.192899206271019E-003
  0.685680000000000       6.192954997035028E-003
  0.685760000000000       6.193010792019660E-003
  0.685840000000000       6.193066592859165E-003
  0.685920000000000       6.193122399198270E-003
  0.686000000000000       6.193178209260620E-003
  0.686080000000000       6.193234025632589E-003
  0.686160000000000       6.193289846736772E-003
  0.686240000000000       6.193345673070550E-003
  0.686320000000000       6.193401505088670E-003
  0.686400000000000       6.193457341881637E-003
  0.686480000000000       6.193513183946831E-003
  0.686560000000000       6.193569030388969E-003
  0.686640000000000       6.193624883183358E-003
  0.686720000000000       6.193680740724173E-003
  0.686800000000000       6.193736603352474E-003
  0.686880000000000       6.193792471636695E-003
  0.686960000000000       6.193848344425757E-003
  0.687040000000000       6.193904222202829E-003
  0.687120000000000       6.193960106374786E-003
  0.687200000000000       6.194015994412095E-003
  0.687280000000000       6.194071888176379E-003
  0.687360000000000       6.194127786445503E-003
  0.687440000000000       6.194183691336886E-003
  0.687520000000000       6.194239600619423E-003
  0.687600000000000       6.194295515216820E-003
  0.687680000000000       6.194351434233792E-003
  0.687760000000000       6.194407359276167E-003
  0.687840000000000       6.194463289320763E-003
  0.687920000000000       6.194519224594953E-003
  0.688000000000000       6.194575165226635E-003
  0.688080000000000       6.194631110235261E-003
  0.688160000000000       6.194687060814542E-003
  0.688240000000000       6.194743016850791E-003
  0.688320000000000       6.194798978244532E-003
  0.688400000000000       6.194854944199957E-003
  0.688480000000000       6.194910915129182E-003
  0.688560000000000       6.194966892197496E-003
  0.688640000000000       6.195022874054868E-003
  0.688720000000000       6.195078860388659E-003
  0.688800000000000       6.195134853188389E-003
  0.688880000000000       6.195190850606647E-003
  0.688960000000000       6.195246852543957E-003
  0.689040000000000       6.195302860464037E-003
  0.689120000000000       6.195358872704216E-003
  0.689200000000000       6.195414891097695E-003
  0.689280000000000       6.195470914550239E-003
  0.689360000000000       6.195526942678154E-003
  0.689440000000000       6.195582975950398E-003
  0.689520000000000       6.195639014651189E-003
  0.689600000000000       6.195695058382623E-003
  0.689680000000000       6.195751107613657E-003
  0.689760000000000       6.195807161591117E-003
  0.689840000000000       6.195863222148202E-003
  0.689920000000000       6.195919285646934E-003
  0.690000000000000       6.195975355341599E-003
  0.690080000000000       6.196031429853744E-003
  0.690160000000000       6.196087510377080E-003
  0.690240000000000       6.196143595689475E-003
  0.690320000000000       6.196199686544102E-003
  0.690400000000000       6.196255782329897E-003
  0.690480000000000       6.196311882890538E-003
  0.690560000000000       6.196367989107100E-003
  0.690640000000000       6.196424100396936E-003
  0.690720000000000       6.196480217115320E-003
  0.690800000000000       6.196536338537496E-003
  0.690880000000000       6.196592464961893E-003
  0.690960000000000       6.196648596885890E-003
  0.691040000000000       6.196704734281067E-003
  0.691120000000000       6.196760876209507E-003
  0.691200000000000       6.196817023850710E-003
  0.691280000000000       6.196873176906249E-003
  0.691360000000000       6.196929334509261E-003
  0.691440000000000       6.196985497000807E-003
  0.691520000000000       6.197041665617232E-003
  0.691600000000000       6.197097838653232E-003
  0.691680000000000       6.197154017757268E-003
  0.691760000000000       6.197210202218795E-003
  0.691840000000000       6.197266390602519E-003
  0.691920000000000       6.197322584656374E-003
  0.692000000000000       6.197378783499286E-003
  0.692080000000000       6.197434988495499E-003
  0.692160000000000       6.197491198010763E-003
  0.692240000000000       6.197547412897731E-003
  0.692320000000000       6.197603633483251E-003
  0.692400000000000       6.197659858431504E-003
  0.692480000000000       6.197716088993045E-003
  0.692560000000000       6.197772324485751E-003
  0.692640000000000       6.197828565108577E-003
  0.692720000000000       6.197884810790467E-003
  0.692800000000000       6.197941061915114E-003
  0.692880000000000       6.197997319107796E-003
  0.692960000000000       6.198053579867403E-003
  0.693040000000000       6.198109846893996E-003
  0.693120000000000       6.198166118581750E-003
  0.693200000000000       6.198222396522280E-003
  0.693280000000000       6.198278677788150E-003
  0.693360000000000       6.198334965789965E-003
  0.693440000000000       6.198391258481362E-003
  0.693520000000000       6.198447556132348E-003
  0.693600000000000       6.198503859808736E-003
  0.693680000000000       6.198560167862067E-003
  0.693760000000000       6.198616481301312E-003
  0.693840000000000       6.198672799373296E-003
  0.693920000000000       6.198729123229097E-003
  0.694000000000000       6.198785452328704E-003
  0.694080000000000       6.198841786885279E-003
  0.694160000000000       6.198898126486708E-003
  0.694240000000000       6.198954470067176E-003
  0.694320000000000       6.199010820412010E-003
  0.694400000000000       6.199067174863782E-003
  0.694480000000000       6.199123535554119E-003
  0.694560000000000       6.199179900678243E-003
  0.694640000000000       6.199236271387232E-003
  0.694720000000000       6.199292646856858E-003
  0.694800000000000       6.199349027186597E-003
  0.694880000000000       6.199405413129622E-003
  0.694960000000000       6.199461805382268E-003
  0.695040000000000       6.199518202026067E-003
  0.695120000000000       6.199574603160497E-003
  0.695200000000000       6.199631009567153E-003
  0.695280000000000       6.199687421530254E-003
  0.695360000000000       6.199743838722949E-003
  0.695440000000000       6.199800261230504E-003
  0.695520000000000       6.199856689379769E-003
  0.695600000000000       6.199913121337542E-003
  0.695680000000000       6.199969559306507E-003
  0.695760000000000       6.200026002263482E-003
  0.695840000000000       6.200082451160594E-003
  0.695920000000000       6.200138904704656E-003
  0.696000000000000       6.200195363364625E-003
  0.696080000000000       6.200251827041026E-003
  0.696160000000000       6.200308296614932E-003
  0.696240000000000       6.200364770963685E-003
  0.696320000000000       6.200421250257816E-003
  0.696400000000000       6.200477734738908E-003
  0.696480000000000       6.200534224264854E-003
  0.696560000000000       6.200590720157263E-003
  0.696640000000000       6.200647220142397E-003
  0.696720000000000       6.200703725627133E-003
  0.696800000000000       6.200760235957770E-003
  0.696880000000000       6.200816751390104E-003
  0.696960000000000       6.200873272663100E-003
  0.697040000000000       6.200929798980948E-003
  0.697120000000000       6.200986330528391E-003
  0.697200000000000       6.201042867092266E-003
  0.697280000000000       6.201099408899947E-003
  0.697360000000000       6.201155955738270E-003
  0.697440000000000       6.201212507863030E-003
  0.697520000000000       6.201269065373705E-003
  0.697600000000000       6.201325627872390E-003
  0.697680000000000       6.201382195529615E-003
  0.697760000000000       6.201438768800128E-003
  0.697840000000000       6.201495346717590E-003
  0.697920000000000       6.201551930092020E-003
  0.698000000000000       6.201608518283930E-003
  0.698080000000000       6.201665112359134E-003
  0.698160000000000       6.201721711521824E-003
  0.698240000000000       6.201778315615681E-003
  0.698320000000000       6.201834924953343E-003
  0.698400000000000       6.201891539577443E-003
  0.698480000000000       6.201948159402716E-003
  0.698560000000000       6.202004784130733E-003
  0.698640000000000       6.202061414727834E-003
  0.698720000000000       6.202118049133443E-003
  0.698800000000000       6.202174690587637E-003
  0.698880000000000       6.202231335452436E-003
  0.698960000000000       6.202287986939493E-003
  0.699040000000000       6.202344643116132E-003
  0.699120000000000       6.202401304692896E-003
  0.699200000000000       6.202457970646603E-003
  0.699280000000000       6.202514641815694E-003
  0.699360000000000       6.202571319493356E-003
  0.699440000000000       6.202628001945865E-003
  0.699520000000000       6.202684688761107E-003
  0.699600000000000       6.202741381175426E-003
  0.699680000000000       6.202798078663019E-003
  0.699760000000000       6.202854782176016E-003
  0.699840000000000       6.202911489682262E-003
  0.699920000000000       6.202968202986537E-003
  0.700000000000000       6.203024921136713E-003
  0.700080000000000       6.203081645454401E-003
  0.700160000000000       6.203138373637441E-003
  0.700240000000000       6.203195108627480E-003
  0.700320000000000       6.203251848008674E-003
  0.700400000000000       6.203308591979973E-003
  0.700480000000000       6.203365342601953E-003
  0.700560000000000       6.203422096449796E-003
  0.700640000000000       6.203478856806211E-003
  0.700720000000000       6.203535622150636E-003
  0.700800000000000       6.203592392625180E-003
  0.700880000000000       6.203649168130366E-003
  0.700960000000000       6.203705949177785E-003
  0.701040000000000       6.203762735397956E-003
  0.701120000000000       6.203819526449817E-003
  0.701200000000000       6.203876323157598E-003
  0.701280000000000       6.203933124910233E-003
  0.701360000000000       6.203989931721932E-003
  0.701440000000000       6.204046743322689E-003
  0.701520000000000       6.204103561673602E-003
  0.701600000000000       6.204160384188296E-003
  0.701680000000000       6.204217211264674E-003
  0.701760000000000       6.204274043911707E-003
  0.701840000000000       6.204330882442034E-003
  0.701920000000000       6.204387726088268E-003
  0.702000000000000       6.204444574253554E-003
  0.702080000000000       6.204501427747911E-003
  0.702160000000000       6.204558286812923E-003
  0.702240000000000       6.204615150652782E-003
  0.702320000000000       6.204672020304881E-003
  0.702400000000000       6.204728895570267E-003
  0.702480000000000       6.204785774502054E-003
  0.702560000000000       6.204842659175026E-003
  0.702640000000000       6.204899550342358E-003
  0.702720000000000       6.204956445147670E-003
  0.702800000000000       6.205013346362077E-003
  0.702880000000000       6.205070251825529E-003
  0.702960000000000       6.205127162475944E-003
  0.703040000000000       6.205184078739646E-003
  0.703120000000000       6.205241000474527E-003
  0.703200000000000       6.205297927055309E-003
  0.703280000000000       6.205354858752000E-003
  0.703360000000000       6.205411796033556E-003
  0.703440000000000       6.205468738175225E-003
  0.703520000000000       6.205525685177005E-003
  0.703600000000000       6.205582638346297E-003
  0.703680000000000       6.205639595920954E-003
  0.703760000000000       6.205696558895735E-003
  0.703840000000000       6.205753526929581E-003
  0.703920000000000       6.205810500150389E-003
  0.704000000000000       6.205867479297123E-003
  0.704080000000000       6.205924462778168E-003
  0.704160000000000       6.205981452185139E-003
  0.704240000000000       6.206038446793283E-003
  0.704320000000000       6.206095446247329E-003
  0.704400000000000       6.206152450433589E-003
  0.704480000000000       6.206209460929469E-003
  0.704560000000000       6.206266476242828E-003
  0.704640000000000       6.206323495975764E-003
  0.704720000000000       6.206380521577782E-003
  0.704800000000000       6.206437552267286E-003
  0.704880000000000       6.206494587930590E-003
  0.704960000000000       6.206551629377711E-003
  0.705040000000000       6.206608676054427E-003
  0.705120000000000       6.206665727676520E-003
  0.705200000000000       6.206722784371888E-003
  0.705280000000000       6.206779846083688E-003
  0.705360000000000       6.206836913309300E-003
  0.705440000000000       6.206893985693452E-003
  0.705520000000000       6.206951063747735E-003
  0.705600000000000       6.207008146534233E-003
  0.705680000000000       6.207065234379795E-003
  0.705760000000000       6.207122327682325E-003
  0.705840000000000       6.207179426058130E-003
  0.705920000000000       6.207236530033012E-003
  0.706000000000000       6.207293638313783E-003
  0.706080000000000       6.207350753174180E-003
  0.706160000000000       6.207407872255200E-003
  0.706240000000000       6.207464996352653E-003
  0.706320000000000       6.207522126916044E-003
  0.706400000000000       6.207579261472685E-003
  0.706480000000000       6.207636401500505E-003
  0.706560000000000       6.207693547212668E-003
  0.706640000000000       6.207750697841786E-003
  0.706720000000000       6.207807853544179E-003
  0.706800000000000       6.207865015243553E-003
  0.706880000000000       6.207922181035653E-003
  0.706960000000000       6.207979352071558E-003
  0.707040000000000       6.208036529076023E-003
  0.707120000000000       6.208093710500063E-003
  0.707200000000000       6.208150897636867E-003
  0.707280000000000       6.208208090088530E-003
  0.707360000000000       6.208265287755577E-003
  0.707440000000000       6.208322490296948E-003
  0.707520000000000       6.208379698579503E-003
  0.707600000000000       6.208436911565852E-003
  0.707680000000000       6.208494129682319E-003
  0.707760000000000       6.208551353341019E-003
  0.707840000000000       6.208608582371423E-003
  0.707920000000000       6.208665816304571E-003
  0.708000000000000       6.208723055538368E-003
  0.708080000000000       6.208780299717543E-003
  0.708160000000000       6.208837549112101E-003
  0.708240000000000       6.208894804503640E-003
  0.708320000000000       6.208952065067930E-003
  0.708400000000000       6.209009330023375E-003
  0.708480000000000       6.209066600009461E-003
  0.708560000000000       6.209123876518331E-003
  0.708640000000000       6.209181157460986E-003
  0.708720000000000       6.209238443718502E-003
  0.708800000000000       6.209295735432985E-003
  0.708880000000000       6.209353031254406E-003
  0.708960000000000       6.209410333527555E-003
  0.709040000000000       6.209467640476075E-003
  0.709120000000000       6.209524952554713E-003
  0.709200000000000       6.209582270530856E-003
  0.709280000000000       6.209639593196582E-003
  0.709360000000000       6.209696920935582E-003
  0.709440000000000       6.209754253861544E-003
  0.709520000000000       6.209811592201842E-003
  0.709600000000000       6.209868935899632E-003
  0.709680000000000       6.209926284628065E-003
  0.709760000000000       6.209983638586093E-003
  0.709840000000000       6.210040997830558E-003
  0.709920000000000       6.210098362944106E-003
  0.710000000000000       6.210155732306700E-003
  0.710080000000000       6.210213107211527E-003
  0.710160000000000       6.210270487175418E-003
  0.710240000000000       6.210327873249977E-003
  0.710320000000000       6.210385263474106E-003
  0.710400000000000       6.210442658728877E-003
  0.710480000000000       6.210500059582725E-003
  0.710560000000000       6.210557466177758E-003
  0.710640000000000       6.210614877817645E-003
  0.710720000000000       6.210672294402909E-003
  0.710800000000000       6.210729716217767E-003
  0.710880000000000       6.210787143617492E-003
  0.710960000000000       6.210844575593111E-003
  0.711040000000000       6.210902013281495E-003
  0.711120000000000       6.210959456114207E-003
  0.711200000000000       6.211016903821243E-003
  0.711280000000000       6.211074357226832E-003
  0.711360000000000       6.211131815606220E-003
  0.711440000000000       6.211189279328889E-003
  0.711520000000000       6.211246748153255E-003
  0.711600000000000       6.211304221937209E-003
  0.711680000000000       6.211361701362873E-003
  0.711760000000000       6.211419186444456E-003
  0.711840000000000       6.211476675604555E-003
  0.711920000000000       6.211534171301648E-003
  0.712000000000000       6.211591671247785E-003
  0.712080000000000       6.211649177077217E-003
  0.712160000000000       6.211706687496755E-003
  0.712240000000000       6.211764202918513E-003
  0.712320000000000       6.211821724152512E-003
  0.712400000000000       6.211879250942954E-003
  0.712480000000000       6.211936782167183E-003
  0.712560000000000       6.211994319701031E-003
  0.712640000000000       6.212051861043389E-003
  0.712720000000000       6.212109408169565E-003
  0.712800000000000       6.212166960994293E-003
  0.712880000000000       6.212224518210175E-003
  0.712960000000000       6.212282081153032E-003
  0.713040000000000       6.212339649723387E-003
  0.713120000000000       6.212397222954903E-003
  0.713200000000000       6.212454801387591E-003
  0.713280000000000       6.212512385263037E-003
  0.713360000000000       6.212569974808613E-003
  0.713440000000000       6.212627569171670E-003
  0.713520000000000       6.212685168025357E-003
  0.713600000000000       6.212742772833391E-003
  0.713680000000000       6.212800382444695E-003
  0.713760000000000       6.212857998521937E-003
  0.713840000000000       6.212915618492954E-003
  0.713920000000000       6.212973244404108E-003
  0.714000000000000       6.213030875104320E-003
  0.714080000000000       6.213088511233079E-003
  0.714160000000000       6.213146152364058E-003
  0.714240000000000       6.213203799150958E-003
  0.714320000000000       6.213261450670072E-003
  0.714400000000000       6.213319107702998E-003
  0.714480000000000       6.213376769468138E-003
  0.714560000000000       6.213434437315524E-003
  0.714640000000000       6.213492110406716E-003
  0.714720000000000       6.213549788485918E-003
  0.714800000000000       6.213607471126804E-003
  0.714880000000000       6.213665159324134E-003
  0.714960000000000       6.213722852367366E-003
  0.715040000000000       6.213780551947590E-003
  0.715120000000000       6.213838255990024E-003
  0.715200000000000       6.213895965702588E-003
  0.715280000000000       6.213953679621565E-003
  0.715360000000000       6.214011399978060E-003
  0.715440000000000       6.214069124555178E-003
  0.715520000000000       6.214126855370861E-003
  0.715600000000000       6.214184590591910E-003
  0.715680000000000       6.214242331085185E-003
  0.715760000000000       6.214300077220170E-003
  0.715840000000000       6.214357828499485E-003
  0.715920000000000       6.214415584894706E-003
  0.716000000000000       6.214473346533734E-003
  0.716080000000000       6.214531112706024E-003
  0.716160000000000       6.214588885514783E-003
  0.716240000000000       6.214646662615220E-003
  0.716320000000000       6.214704444462083E-003
  0.716400000000000       6.214762232476457E-003
  0.716480000000000       6.214820026317281E-003
  0.716560000000000       6.214877823995036E-003
  0.716640000000000       6.214935627499241E-003
  0.716720000000000       6.214993435849348E-003
  0.716800000000000       6.215051249983273E-003
  0.716880000000000       6.215109069631009E-003
  0.716960000000000       6.215166894195701E-003
  0.717040000000000       6.215224723449975E-003
  0.717120000000000       6.215282558104374E-003
  0.717200000000000       6.215340398471537E-003
  0.717280000000000       6.215398243940396E-003
  0.717360000000000       6.215456094752537E-003
  0.717440000000000       6.215513949714247E-003
  0.717520000000000       6.215571811454535E-003
  0.717600000000000       6.215629677699664E-003
  0.717680000000000       6.215687548591742E-003
  0.717760000000000       6.215745425750808E-003
  0.717840000000000       6.215803308565793E-003
  0.717920000000000       6.215861195118234E-003
  0.718000000000000       6.215919088321354E-003
  0.718080000000000       6.215976985375616E-003
  0.718160000000000       6.216034887389466E-003
  0.718240000000000       6.216092796395057E-003
  0.718320000000000       6.216150709720748E-003
  0.718400000000000       6.216208628048659E-003
  0.718480000000000       6.216266552444605E-003
  0.718560000000000       6.216324481132230E-003
  0.718640000000000       6.216382415958944E-003
  0.718720000000000       6.216440355404185E-003
  0.718800000000000       6.216498300420082E-003
  0.718880000000000       6.216556250765049E-003
  0.718960000000000       6.216614205657490E-003
  0.719040000000000       6.216672166404803E-003
  0.719120000000000       6.216730132509608E-003
  0.719200000000000       6.216788102891880E-003
  0.719280000000000       6.216846078972705E-003
  0.719360000000000       6.216904060453655E-003
  0.719440000000000       6.216962047860531E-003
  0.719520000000000       6.217020039416977E-003
  0.719600000000000       6.217078037027247E-003
  0.719680000000000       6.217136038929195E-003
  0.719760000000000       6.217194046273900E-003
  0.719840000000000       6.217252060198231E-003
  0.719920000000000       6.217310078499506E-003
  0.720000000000000       6.217368101064037E-003
  0.720080000000000       6.217426129909765E-003
  0.720160000000000       6.217484164382992E-003
  0.720240000000000       6.217542203844229E-003
  0.720320000000000       6.217600247398192E-003
  0.720400000000000       6.217658297801788E-003
  0.720480000000000       6.217716351701253E-003
  0.720560000000000       6.217774412308242E-003
  0.720640000000000       6.217832477519548E-003
  0.720720000000000       6.217890548230454E-003
  0.720800000000000       6.217948624170955E-003
  0.720880000000000       6.218006704758406E-003
  0.720960000000000       6.218064791754952E-003
  0.721040000000000       6.218122883256339E-003
  0.721120000000000       6.218180980029953E-003
  0.721200000000000       6.218239081336830E-003
  0.721280000000000       6.218297189692291E-003
  0.721360000000000       6.218355301188350E-003
  0.721440000000000       6.218413419391933E-003
  0.721520000000000       6.218471542356153E-003
  0.721600000000000       6.218529670876816E-003
  0.721680000000000       6.218587804570231E-003
  0.721760000000000       6.218645943137969E-003
  0.721840000000000       6.218704087063199E-003
  0.721920000000000       6.218762236232234E-003
  0.722000000000000       6.218820391284564E-003
  0.722080000000000       6.218878551125951E-003
  0.722160000000000       6.218936715784818E-003
  0.722240000000000       6.218994886326979E-003
  0.722320000000000       6.219053061658198E-003
  0.722400000000000       6.219111242545861E-003
  0.722480000000000       6.219169428080474E-003
  0.722560000000000       6.219227619086266E-003
  0.722640000000000       6.219285815776399E-003
  0.722720000000000       6.219344017298224E-003
  0.722800000000000       6.219402224674920E-003
  0.722880000000000       6.219460435916969E-003
  0.722960000000000       6.219518653426005E-003
  0.723040000000000       6.219576876690436E-003
  0.723120000000000       6.219635104616029E-003
  0.723200000000000       6.219693337629107E-003
  0.723280000000000       6.219751575999678E-003
  0.723360000000000       6.219809820210909E-003
  0.723440000000000       6.219868068585922E-003
  0.723520000000000       6.219926323284764E-003
  0.723600000000000       6.219984582516869E-003
  0.723680000000000       6.220042847092256E-003
  0.723760000000000       6.220101116826183E-003
  0.723840000000000       6.220159392130765E-003
  0.723920000000000       6.220217671869133E-003
  0.724000000000000       6.220275958073441E-003
  0.724080000000000       6.220334248811011E-003
  0.724160000000000       6.220392545332399E-003
  0.724240000000000       6.220450846841797E-003
  0.724320000000000       6.220509152813403E-003
  0.724400000000000       6.220567464909888E-003
  0.724480000000000       6.220625782633871E-003
  0.724560000000000       6.220684105104280E-003
  0.724640000000000       6.220742431695837E-003
  0.724720000000000       6.220800764682278E-003
  0.724800000000000       6.220859103765176E-003
  0.724880000000000       6.220917447281860E-003
  0.724960000000000       6.220975795331807E-003
  0.725040000000000       6.221034149137151E-003
  0.725120000000000       6.221092508996318E-003
  0.725200000000000       6.221150872919790E-003
  0.725280000000000       6.221209242655502E-003
  0.725360000000000       6.221267617990290E-003
  0.725440000000000       6.221325997957817E-003
  0.725520000000000       6.221384383154938E-003
  0.725600000000000       6.221442773965347E-003
  0.725680000000000       6.221501169948507E-003
  0.725760000000000       6.221559570692304E-003
  0.725840000000000       6.221617977390449E-003
  0.725920000000000       6.221676388891862E-003
  0.726000000000000       6.221734806674473E-003
  0.726080000000000       6.221793228890871E-003
  0.726160000000000       6.221851656052647E-003
  0.726240000000000       6.221910088273486E-003
  0.726320000000000       6.221968526093403E-003
  0.726400000000000       6.222026969952933E-003
  0.726480000000000       6.222085418118351E-003
  0.726560000000000       6.222143872223907E-003
  0.726640000000000       6.222202331502214E-003
  0.726720000000000       6.222260795853796E-003
  0.726800000000000       6.222319264809695E-003
  0.726880000000000       6.222377739421515E-003
  0.726960000000000       6.222436220115580E-003
  0.727040000000000       6.222494705172377E-003
  0.727120000000000       6.222553195089287E-003
  0.727200000000000       6.222611690591063E-003
  0.727280000000000       6.222670191734548E-003
  0.727360000000000       6.222728698889225E-003
  0.727440000000000       6.222787209525561E-003
  0.727520000000000       6.222845725903082E-003
  0.727600000000000       6.222904248220740E-003
  0.727680000000000       6.222962775668518E-003
  0.727760000000000       6.223021307962196E-003
  0.727840000000000       6.223079846679181E-003
  0.727920000000000       6.223138388963090E-003
  0.728000000000000       6.223196937585041E-003
  0.728080000000000       6.223255491223424E-003
  0.728160000000000       6.223314049579810E-003
  0.728240000000000       6.223372614316870E-003
  0.728320000000000       6.223431183203499E-003
  0.728400000000000       6.223489757774470E-003
  0.728480000000000       6.223548337276608E-003
  0.728560000000000       6.223606923074155E-003
  0.728640000000000       6.223665513433386E-003
  0.728720000000000       6.223724109164320E-003
  0.728800000000000       6.223782709954318E-003
  0.728880000000000       6.223841315888646E-003
  0.728960000000000       6.223899927876798E-003
  0.729040000000000       6.223958543659248E-003
  0.729120000000000       6.224017166419227E-003
  0.729200000000000       6.224075792831397E-003
  0.729280000000000       6.224134426420048E-003
  0.729360000000000       6.224193063092454E-003
  0.729440000000000       6.224251706358697E-003
  0.729520000000000       6.224310354257679E-003
  0.729600000000000       6.224369008565756E-003
  0.729680000000000       6.224427667193933E-003
  0.729760000000000       6.224486331335922E-003
  0.729840000000000       6.224545000735927E-003
  0.729920000000000       6.224603674924990E-003
  0.730000000000000       6.224662354187328E-003
  0.730080000000000       6.224721039901394E-003
  0.730160000000000       6.224779730219777E-003
  0.730240000000000       6.224838425924074E-003
  0.730320000000000       6.224897126886387E-003
  0.730400000000000       6.224955832623547E-003
  0.730480000000000       6.225014543959784E-003
  0.730560000000000       6.225073260824044E-003
  0.730640000000000       6.225131982960531E-003
  0.730720000000000       6.225190710113449E-003
  0.730800000000000       6.225249442126480E-003
  0.730880000000000       6.225308180591239E-003
  0.730960000000000       6.225366923276621E-003
  0.731040000000000       6.225425670893171E-003
  0.731120000000000       6.225484424634598E-003
  0.731200000000000       6.225543183975103E-003
  0.731280000000000       6.225601947720972E-003
  0.731360000000000       6.225660716440640E-003
  0.731440000000000       6.225719491626248E-003
  0.731520000000000       6.225778271544070E-003
  0.731600000000000       6.225837056378847E-003
  0.731680000000000       6.225895846812702E-003
  0.731760000000000       6.225954642504573E-003
  0.731840000000000       6.226013443184453E-003
  0.731920000000000       6.226072249392357E-003
  0.732000000000000       6.226131061384078E-003
  0.732080000000000       6.226189877184308E-003
  0.732160000000000       6.226248699805748E-003
  0.732240000000000       6.226307527202036E-003
  0.732320000000000       6.226366359302116E-003
  0.732400000000000       6.226425196958641E-003
  0.732480000000000       6.226484040029501E-003
  0.732560000000000       6.226542887846787E-003
  0.732640000000000       6.226601741376837E-003
  0.732720000000000       6.226660600832813E-003
  0.732800000000000       6.226719464523623E-003
  0.732880000000000       6.226778333941408E-003
  0.732960000000000       6.226837208048775E-003
  0.733040000000000       6.226896088238388E-003
  0.733120000000000       6.226954973700228E-003
  0.733200000000000       6.227013864249554E-003
  0.733280000000000       6.227072759730046E-003
  0.733360000000000       6.227131660525399E-003
  0.733440000000000       6.227190566706665E-003
  0.733520000000000       6.227249478543851E-003
  0.733600000000000       6.227308395084830E-003
  0.733680000000000       6.227367317551736E-003
  0.733760000000000       6.227426244210844E-003
  0.733840000000000       6.227485176397974E-003
  0.733920000000000       6.227544114610507E-003
  0.734000000000000       6.227603058422116E-003
  0.734080000000000       6.227662006340662E-003
  0.734160000000000       6.227720960014605E-003
  0.734240000000000       6.227779918761823E-003
  0.734320000000000       6.227838883207593E-003
  0.734400000000000       6.227897852755061E-003
  0.734480000000000       6.227956826906845E-003
  0.734560000000000       6.228015807396670E-003
  0.734640000000000       6.228074793201355E-003
  0.734720000000000       6.228133783823520E-003
  0.734800000000000       6.228192779661069E-003
  0.734880000000000       6.228251780628736E-003
  0.734960000000000       6.228310786413883E-003
  0.735040000000000       6.228369798934975E-003
  0.735120000000000       6.228428815079835E-003
  0.735200000000000       6.228487837576947E-003
  0.735280000000000       6.228546864948382E-003
  0.735360000000000       6.228605897492568E-003
  0.735440000000000       6.228664935891626E-003
  0.735520000000000       6.228723980173979E-003
  0.735600000000000       6.228783027994834E-003
  0.735680000000000       6.228842080789488E-003
  0.735760000000000       6.228901140774835E-003
  0.735840000000000       6.228960204980805E-003
  0.735920000000000       6.229019274899539E-003
  0.736000000000000       6.229078349820494E-003
  0.736080000000000       6.229137429857357E-003
  0.736160000000000       6.229196515436453E-003
  0.736240000000000       6.229255606756735E-003
  0.736320000000000       6.229314702681333E-003
  0.736400000000000       6.229373803807104E-003
  0.736480000000000       6.229432910844591E-003
  0.736560000000000       6.229492021989014E-003
  0.736640000000000       6.229551138803569E-003
  0.736720000000000       6.229610261913533E-003
  0.736800000000000       6.229669389627813E-003
  0.736880000000000       6.229728522699585E-003
  0.736960000000000       6.229787660958320E-003
  0.737040000000000       6.229846803849793E-003
  0.737120000000000       6.229905953278259E-003
  0.737200000000000       6.229965107353675E-003
  0.737280000000000       6.230024267056589E-003
  0.737360000000000       6.230083430582223E-003
  0.737440000000000       6.230142601000122E-003
  0.737520000000000       6.230201776150236E-003
  0.737600000000000       6.230260956785739E-003
  0.737680000000000       6.230320142736102E-003
  0.737760000000000       6.230379334072379E-003
  0.737840000000000       6.230438530155081E-003
  0.737920000000000       6.230497731495799E-003
  0.738000000000000       6.230556938591914E-003
  0.738080000000000       6.230616150150237E-003
  0.738160000000000       6.230675368501349E-003
  0.738240000000000       6.230734590589915E-003
  0.738320000000000       6.230793818703884E-003
  0.738400000000000       6.230853051905339E-003
  0.738480000000000       6.230912290535340E-003
  0.738560000000000       6.230971534224406E-003
  0.738640000000000       6.231030783413073E-003
  0.738720000000000       6.231090037689225E-003
  0.738800000000000       6.231149298104467E-003
  0.738880000000000       6.231208562697699E-003
  0.738960000000000       6.231267832577370E-003
  0.739040000000000       6.231327108553498E-003
  0.739120000000000       6.231386389176575E-003
  0.739200000000000       6.231445675256620E-003
  0.739280000000000       6.231504966992586E-003
  0.739360000000000       6.231564263034440E-003
  0.739440000000000       6.231623565329070E-003
  0.739520000000000       6.231682872299072E-003
  0.739600000000000       6.231742185294476E-003
  0.739680000000000       6.231801502325763E-003
  0.739760000000000       6.231860825822989E-003
  0.739840000000000       6.231920153825055E-003
  0.739920000000000       6.231979488307272E-003
