  0.660000000000000       0.125902348422684     
  0.660080000000000       0.125903596170800     
  0.660160000000000       0.125904844007805     
  0.660240000000000       0.125906091933827     
  0.660320000000000       0.125907339948781     
  0.660400000000000       0.125908588052425     
  0.660480000000000       0.125909836244929     
  0.660560000000000       0.125911084526563     
  0.660640000000000       0.125912332896831     
  0.660720000000000       0.125913581356328     
  0.660800000000000       0.125914829904175     
  0.660880000000000       0.125916078541180     
  0.660960000000000       0.125917327266705     
  0.661040000000000       0.125918576081545     
  0.661120000000000       0.125919824984549     
  0.661200000000000       0.125921073976769     
  0.661280000000000       0.125922323057707     
  0.661360000000000       0.125923572227122     
  0.661440000000000       0.125924821485397     
  0.661520000000000       0.125926070832647     
  0.661600000000000       0.125927320268217     
  0.661680000000000       0.125928569792818     
  0.661760000000000       0.125929819405783     
  0.661840000000000       0.125931069107678     
  0.661920000000000       0.125932318898349     
  0.662000000000000       0.125933568777469     
  0.662080000000000       0.125934818745150     
  0.662160000000000       0.125936068801777     
  0.662240000000000       0.125937318946725     
  0.662320000000000       0.125938569180462     
  0.662400000000000       0.125939819502718     
  0.662480000000000       0.125941069913906     
  0.662560000000000       0.125942320413471     
  0.662640000000000       0.125943571001286     
  0.662720000000000       0.125944821678160     
  0.662800000000000       0.125946072443184     
  0.662880000000000       0.125947323297125     
  0.662960000000000       0.125948574239017     
  0.663040000000000       0.125949825269884     
  0.663120000000000       0.125951076389156     
  0.663200000000000       0.125952327596848     
  0.663280000000000       0.125953578893387     
  0.663360000000000       0.125954830277862     
  0.663440000000000       0.125956081751169     
  0.663520000000000       0.125957333312598     
  0.663600000000000       0.125958584962247     
  0.663680000000000       0.125959836701013     
  0.663760000000000       0.125961088527901     
  0.663840000000000       0.125962340442995     
  0.663920000000000       0.125963592446921     
  0.664000000000000       0.125964844538827     
  0.664080000000000       0.125966096719096     
  0.664160000000000       0.125967348987770     
  0.664240000000000       0.125968601344808     
  0.664320000000000       0.125969853790337     
  0.664400000000000       0.125971106323845     
  0.664480000000000       0.125972358945986     
  0.664560000000000       0.125973611656121     
  0.664640000000000       0.125974864454846     
  0.664720000000000       0.125976117341678     
  0.664800000000000       0.125977370316931     
  0.664880000000000       0.125978623380106     
  0.664960000000000       0.125979876531914     
  0.665040000000000       0.125981129771531     
  0.665120000000000       0.125982383099809     
  0.665200000000000       0.125983636515939     
  0.665280000000000       0.125984890020290     
  0.665360000000000       0.125986143612862     
  0.665440000000000       0.125987397293698     
  0.665520000000000       0.125988651062555     
  0.665600000000000       0.125989904919790     
  0.665680000000000       0.125991158864934     
  0.665760000000000       0.125992412898198     
  0.665840000000000       0.125993667019826     
  0.665920000000000       0.125994921229220     
  0.666000000000000       0.125996175526608     
  0.666080000000000       0.125997429912771     
  0.666160000000000       0.125998684386430     
  0.666240000000000       0.125999938948339     
  0.666320000000000       0.126001193597943     
  0.666400000000000       0.126002448335810     
  0.666480000000000       0.126003703161742     
  0.666560000000000       0.126004958075781     
  0.666640000000000       0.126006213077743     
  0.666720000000000       0.126007468167656     
  0.666800000000000       0.126008723345449     
  0.666880000000000       0.126009978611264     
  0.666960000000000       0.126011233965058     
  0.667040000000000       0.126012489406718     
  0.667120000000000       0.126013744936173     
  0.667200000000000       0.126015000553948     
  0.667280000000000       0.126016256259120     
  0.667360000000000       0.126017512052584     
  0.667440000000000       0.126018767933899     
  0.667520000000000       0.126020023902554     
  0.667600000000000       0.126021279959814     
  0.667680000000000       0.126022536104357     
  0.667760000000000       0.126023792337164     
  0.667840000000000       0.126025048657637     
  0.667920000000000       0.126026305065707     
  0.668000000000000       0.126027561561855     
  0.668080000000000       0.126028818145541     
  0.668160000000000       0.126030074816966     
  0.668240000000000       0.126031331576640     
  0.668320000000000       0.126032588423839     
  0.668400000000000       0.126033845358207     
  0.668480000000000       0.126035102380938     
  0.668560000000000       0.126036359491407     
  0.668640000000000       0.126037616689415     
  0.668720000000000       0.126038873974891     
  0.668800000000000       0.126040131348233     
  0.668880000000000       0.126041388809440     
  0.668960000000000       0.126042646358072     
  0.669040000000000       0.126043903994371     
  0.669120000000000       0.126045161718195     
  0.669200000000000       0.126046419529828     
  0.669280000000000       0.126047677429042     
  0.669360000000000       0.126048935415809     
  0.669440000000000       0.126050193490385     
  0.669520000000000       0.126051451652287     
  0.669600000000000       0.126052709901940     
  0.669680000000000       0.126053968239048     
  0.669760000000000       0.126055226663481     
  0.669840000000000       0.126056485175695     
  0.669920000000000       0.126057743775305     
  0.670000000000000       0.126059002462525     
  0.670080000000000       0.126060261237199     
  0.670160000000000       0.126061520099312     
  0.670240000000000       0.126062779048893     
  0.670320000000000       0.126064038086184     
  0.670400000000000       0.126065297210530     
  0.670480000000000       0.126066556422514     
  0.670560000000000       0.126067815722165     
  0.670640000000000       0.126069075108830     
  0.670720000000000       0.126070334583118     
  0.670800000000000       0.126071594144420     
  0.670880000000000       0.126072853793700     
  0.670960000000000       0.126074113529980     
  0.671040000000000       0.126075373353699     
  0.671120000000000       0.126076633264375     
  0.671200000000000       0.126077893262958     
  0.671280000000000       0.126079153348711     
  0.671360000000000       0.126080413521662     
  0.671440000000000       0.126081673781868     
  0.671520000000000       0.126082934129371     
  0.671600000000000       0.126084194564341     
  0.671680000000000       0.126085455086623     
  0.671760000000000       0.126086715695705     
  0.671840000000000       0.126087976392582     
  0.671920000000000       0.126089237176131     
  0.672000000000000       0.126090498047019     
  0.672080000000000       0.126091759005390     
  0.672160000000000       0.126093020051015     
  0.672240000000000       0.126094281183824     
  0.672320000000000       0.126095542403603     
  0.672400000000000       0.126096803710438     
  0.672480000000000       0.126098065104286     
  0.672560000000000       0.126099326585474     
  0.672640000000000       0.126100588153846     
  0.672720000000000       0.126101849809358     
  0.672800000000000       0.126103111552054     
  0.672880000000000       0.126104373381494     
  0.672960000000000       0.126105635298088     
  0.673040000000000       0.126106897302036     
  0.673120000000000       0.126108159392628     
  0.673200000000000       0.126109421570688     
  0.673280000000000       0.126110683835505     
  0.673360000000000       0.126111946187364     
  0.673440000000000       0.126113208626307     
  0.673520000000000       0.126114471152106     
  0.673600000000000       0.126115733764990     
  0.673680000000000       0.126116996464801     
  0.673760000000000       0.126118259251441     
  0.673840000000000       0.126119522125335     
  0.673920000000000       0.126120785086115     
  0.674000000000000       0.126122048133595     
  0.674080000000000       0.126123311268002     
  0.674160000000000       0.126124574489722     
  0.674240000000000       0.126125837797758     
  0.674320000000000       0.126127101193048     
  0.674400000000000       0.126128364674897     
  0.674480000000000       0.126129628243844     
  0.674560000000000       0.126130891899464     
  0.674640000000000       0.126132155641996     
  0.674720000000000       0.126133419471429     
  0.674800000000000       0.126134683387675     
  0.674880000000000       0.126135947390579     
  0.674960000000000       0.126137211480383     
  0.675040000000000       0.126138475656844     
  0.675120000000000       0.126139739920006     
  0.675200000000000       0.126141004270081     
  0.675280000000000       0.126142268707056     
  0.675360000000000       0.126143533230077     
  0.675440000000000       0.126144797840495     
  0.675520000000000       0.126146062537230     
  0.675600000000000       0.126147327320907     
  0.675680000000000       0.126148592191114     
  0.675760000000000       0.126149857147822     
  0.675840000000000       0.126151122191202     
  0.675920000000000       0.126152387321581     
  0.676000000000000       0.126153652538164     
  0.676080000000000       0.126154917841858     
  0.676160000000000       0.126156183231742     
  0.676240000000000       0.126157448708383     
  0.676320000000000       0.126158714271496     
  0.676400000000000       0.126159979921268     
  0.676480000000000       0.126161245657285     
  0.676560000000000       0.126162511480302     
  0.676640000000000       0.126163777389748     
  0.676720000000000       0.126165043385654     
  0.676800000000000       0.126166309468203     
  0.676880000000000       0.126167575637083     
  0.676960000000000       0.126168841892535     
  0.677040000000000       0.126170108234262     
  0.677120000000000       0.126171374662689     
  0.677200000000000       0.126172641177475     
  0.677280000000000       0.126173907778422     
  0.677360000000000       0.126175174466311     
  0.677440000000000       0.126176441240260     
  0.677520000000000       0.126177708100967     
  0.677600000000000       0.126178975047906     
  0.677680000000000       0.126180242080962     
  0.677760000000000       0.126181509200548     
  0.677840000000000       0.126182776406565     
  0.677920000000000       0.126184043698543     
  0.678000000000000       0.126185311077264     
  0.678080000000000       0.126186578542458     
  0.678160000000000       0.126187846093770     
  0.678240000000000       0.126189113731328     
  0.678320000000000       0.126190381454889     
  0.678400000000000       0.126191649264981     
  0.678480000000000       0.126192917161247     
  0.678560000000000       0.126194185143887     
  0.678640000000000       0.126195453212772     
  0.678720000000000       0.126196721367747     
  0.678800000000000       0.126197989609096     
  0.678880000000000       0.126199257936476     
  0.678960000000000       0.126200526350032     
  0.679040000000000       0.126201794850089     
  0.679120000000000       0.126203063436008     
  0.679200000000000       0.126204332108173     
  0.679280000000000       0.126205600866384     
  0.679360000000000       0.126206869711282     
  0.679440000000000       0.126208138641785     
  0.679520000000000       0.126209407658279     
  0.679600000000000       0.126210676760990     
  0.679680000000000       0.126211945949875     
  0.679760000000000       0.126213215224751     
  0.679840000000000       0.126214484585773     
  0.679920000000000       0.126215754032756     
  0.680000000000000       0.126217023565714     
  0.680080000000000       0.126218293184834     
  0.680160000000000       0.126219562889957     
  0.680240000000000       0.126220832681027     
  0.680320000000000       0.126222102557931     
  0.680400000000000       0.126223372521166     
  0.680480000000000       0.126224642570121     
  0.680560000000000       0.126225912705066     
  0.680640000000000       0.126227182926015     
  0.680720000000000       0.126228453232868     
  0.680800000000000       0.126229723625726     
  0.680880000000000       0.126230994104161     
  0.680960000000000       0.126232264668530     
  0.681040000000000       0.126233535319059     
  0.681120000000000       0.126234806055492     
  0.681200000000000       0.126236076877489     
  0.681280000000000       0.126237347785248     
  0.681360000000000       0.126238618779325     
  0.681440000000000       0.126239889858581     
  0.681520000000000       0.126241161024367     
  0.681600000000000       0.126242432275531     
  0.681680000000000       0.126243703612672     
  0.681760000000000       0.126244975035447     
  0.681840000000000       0.126246246544027     
  0.681920000000000       0.126247518138029     
  0.682000000000000       0.126248789818305     
  0.682080000000000       0.126250061583789     
  0.682160000000000       0.126251333435291     
  0.682240000000000       0.126252605372627     
  0.682320000000000       0.126253877395370     
  0.682400000000000       0.126255149504089     
  0.682480000000000       0.126256421698229     
  0.682560000000000       0.126257693978231     
  0.682640000000000       0.126258966343499     
  0.682720000000000       0.126260238794486     
  0.682800000000000       0.126261511331236     
  0.682880000000000       0.126262783953819     
  0.682960000000000       0.126264056661866     
  0.683040000000000       0.126265329455250     
  0.683120000000000       0.126266602334211     
  0.683200000000000       0.126267875299248     
  0.683280000000000       0.126269148349151     
  0.683360000000000       0.126270421484960     
  0.683440000000000       0.126271694706019     
  0.683520000000000       0.126272968012471     
  0.683600000000000       0.126274241405041     
  0.683680000000000       0.126275514882820     
  0.683760000000000       0.126276788445849     
  0.683840000000000       0.126278062094897     
  0.683920000000000       0.126279335828598     
  0.684000000000000       0.126280609648489     
  0.684080000000000       0.126281883553232     
  0.684160000000000       0.126283157543838     
  0.684240000000000       0.126284431619594     
  0.684320000000000       0.126285705780872     
  0.684400000000000       0.126286980027302     
  0.684480000000000       0.126288254359024     
  0.684560000000000       0.126289528776439     
  0.684640000000000       0.126290803279047     
  0.684720000000000       0.126292077866849     
  0.684800000000000       0.126293352540073     
  0.684880000000000       0.126294627298775     
  0.684960000000000       0.126295902142558     
  0.685040000000000       0.126297177071662     
  0.685120000000000       0.126298452086060     
  0.685200000000000       0.126299727185837     
  0.685280000000000       0.126301002370723     
  0.685360000000000       0.126302277641030     
  0.685440000000000       0.126303552996361     
  0.685520000000000       0.126304828436815     
  0.685600000000000       0.126306103962405     
  0.685680000000000       0.126307379573460     
  0.685760000000000       0.126308655269710     
  0.685840000000000       0.126309931050940     
  0.685920000000000       0.126311206917193     
  0.686000000000000       0.126312482868811     
  0.686080000000000       0.126313758905552     
  0.686160000000000       0.126315035027317     
  0.686240000000000       0.126316311234247     
  0.686320000000000       0.126317587526443     
  0.686400000000000       0.126318863903335     
  0.686480000000000       0.126320140365265     
  0.686560000000000       0.126321416912531     
  0.686640000000000       0.126322693545034     
  0.686720000000000       0.126323970261963     
  0.686800000000000       0.126325247064556     
  0.686880000000000       0.126326523951689     
  0.686960000000000       0.126327800923945     
  0.687040000000000       0.126329077981096     
  0.687120000000000       0.126330355123542     
  0.687200000000000       0.126331632350541     
  0.687280000000000       0.126332909662579     
  0.687360000000000       0.126334187059711     
  0.687440000000000       0.126335464541824     
  0.687520000000000       0.126336742108605     
  0.687600000000000       0.126338019760353     
  0.687680000000000       0.126339297497267     
  0.687760000000000       0.126340575318564     
  0.687840000000000       0.126341853225070     
  0.687920000000000       0.126343131216244     
  0.688000000000000       0.126344409292314     
  0.688080000000000       0.126345687453166     
  0.688160000000000       0.126346965698757     
  0.688240000000000       0.126348244029301     
  0.688320000000000       0.126349522444442     
  0.688400000000000       0.126350800944734     
  0.688480000000000       0.126352079529467     
  0.688560000000000       0.126353358198826     
  0.688640000000000       0.126354636953223     
  0.688720000000000       0.126355915792543     
  0.688800000000000       0.126357194716163     
  0.688880000000000       0.126358473724493     
  0.688960000000000       0.126359752817591     
  0.689040000000000       0.126361031995457     
  0.689120000000000       0.126362311257991     
  0.689200000000000       0.126363590605052     
  0.689280000000000       0.126364870036979     
  0.689360000000000       0.126366149553120     
  0.689440000000000       0.126367429154441     
  0.689520000000000       0.126368708839904     
  0.689600000000000       0.126369988610107     
  0.689680000000000       0.126371268465134     
  0.689760000000000       0.126372548404404     
  0.689840000000000       0.126373828428156     
  0.689920000000000       0.126375108536890     
  0.690000000000000       0.126376388729766     
  0.690080000000000       0.126377669007140     
  0.690160000000000       0.126378949369296     
  0.690240000000000       0.126380229815708     
  0.690320000000000       0.126381510346575     
  0.690400000000000       0.126382790962025     
  0.690480000000000       0.126384071662101     
  0.690560000000000       0.126385352446703     
  0.690640000000000       0.126386633315163     
  0.690720000000000       0.126387914268491     
  0.690800000000000       0.126389195306230     
  0.690880000000000       0.126390476428582     
  0.690960000000000       0.126391757634720     
  0.691040000000000       0.126393038925612     
  0.691120000000000       0.126394320300817     
  0.691200000000000       0.126395601760193     
  0.691280000000000       0.126396883304138     
  0.691360000000000       0.126398164932211     
  0.691440000000000       0.126399446644853     
  0.691520000000000       0.126400728441580     
  0.691600000000000       0.126402010322621     
  0.691680000000000       0.126403292288145     
  0.691760000000000       0.126404574337641     
  0.691840000000000       0.126405856471350     
  0.691920000000000       0.126407138689600     
  0.692000000000000       0.126408420991992     
  0.692080000000000       0.126409703378641     
  0.692160000000000       0.126410985849346     
  0.692240000000000       0.126412268404038     
  0.692320000000000       0.126413551043327     
  0.692400000000000       0.126414833766545     
  0.692480000000000       0.126416116574006     
  0.692560000000000       0.126417399465480     
  0.692640000000000       0.126418682441496     
  0.692720000000000       0.126419965501483     
  0.692800000000000       0.126421248645101     
  0.692880000000000       0.126422531872946     
  0.692960000000000       0.126423815185404     
  0.693040000000000       0.126425098581520     
  0.693120000000000       0.126426382061751     
  0.693200000000000       0.126427665626024     
  0.693280000000000       0.126428949274241     
  0.693360000000000       0.126430233006743     
  0.693440000000000       0.126431516823060     
  0.693520000000000       0.126432800723293     
  0.693600000000000       0.126434084707895     
  0.693680000000000       0.126435368775957     
  0.693760000000000       0.126436652928446     
  0.693840000000000       0.126437937164538     
  0.693920000000000       0.126439221484531     
  0.694000000000000       0.126440505888637     
  0.694080000000000       0.126441790376574     
  0.694160000000000       0.126443074948568     
  0.694240000000000       0.126444359604533     
  0.694320000000000       0.126445644344059     
  0.694400000000000       0.126446929167428     
  0.694480000000000       0.126448214074670     
  0.694560000000000       0.126449499066111     
  0.694640000000000       0.126450784140885     
  0.694720000000000       0.126452069299915     
  0.694800000000000       0.126453354542405     
  0.694880000000000       0.126454639869137     
  0.694960000000000       0.126455925279230     
  0.695040000000000       0.126457210772940     
  0.695120000000000       0.126458496350820     
  0.695200000000000       0.126459782011920     
  0.695280000000000       0.126461067757389     
  0.695360000000000       0.126462353586034     
  0.695440000000000       0.126463639498893     
  0.695520000000000       0.126464925494971     
  0.695600000000000       0.126466211575006     
  0.695680000000000       0.126467497738559     
  0.695760000000000       0.126468783985856     
  0.695840000000000       0.126470070316642     
  0.695920000000000       0.126471356731286     
  0.696000000000000       0.126472643229334     
  0.696080000000000       0.126473929811197     
  0.696160000000000       0.126475216476592     
  0.696240000000000       0.126476503225390     
  0.696320000000000       0.126477790057890     
  0.696400000000000       0.126479076974007     
  0.696480000000000       0.126480363973783     
  0.696560000000000       0.126481651056536     
  0.696640000000000       0.126482938223204     
  0.696720000000000       0.126484225473546     
  0.696800000000000       0.126485512807164     
  0.696880000000000       0.126486800224156     
  0.696960000000000       0.126488087724765     
  0.697040000000000       0.126489375308764     
  0.697120000000000       0.126490662976294     
  0.697200000000000       0.126491950727227     
  0.697280000000000       0.126493238561465     
  0.697360000000000       0.126494526479205     
  0.697440000000000       0.126495814480392     
  0.697520000000000       0.126497102564883     
  0.697600000000000       0.126498390732862     
  0.697680000000000       0.126499678984202     
  0.697760000000000       0.126500967318747     
  0.697840000000000       0.126502255736582     
  0.697920000000000       0.126503544237934     
  0.698000000000000       0.126504832822490     
  0.698080000000000       0.126506121490208     
  0.698160000000000       0.126507410241159     
  0.698240000000000       0.126508699075500     
  0.698320000000000       0.126509987993415     
  0.698400000000000       0.126511276994150     
  0.698480000000000       0.126512566078360     
  0.698560000000000       0.126513855245647     
  0.698640000000000       0.126515144496394     
  0.698720000000000       0.126516433830005     
  0.698800000000000       0.126517723247132     
  0.698880000000000       0.126519012747393     
  0.698960000000000       0.126520302330362     
  0.699040000000000       0.126521591996819     
  0.699120000000000       0.126522881746367     
  0.699200000000000       0.126524171579049     
  0.699280000000000       0.126525461494892     
  0.699360000000000       0.126526751494125     
  0.699440000000000       0.126528041575752     
  0.699520000000000       0.126529331740811     
  0.699600000000000       0.126530621988805     
  0.699680000000000       0.126531912320117     
  0.699760000000000       0.126533202734179     
  0.699840000000000       0.126534493231730     
  0.699920000000000       0.126535783811874     
  0.700000000000000       0.126537074475023     
  0.700080000000000       0.126538365221520     
  0.700160000000000       0.126539656050496     
  0.700240000000000       0.126540946962762     
  0.700320000000000       0.126542237957749     
  0.700400000000000       0.126543529035884     
  0.700480000000000       0.126544820196727     
  0.700560000000000       0.126546111440844     
  0.700640000000000       0.126547402767797     
  0.700720000000000       0.126548694177173     
  0.700800000000000       0.126549985669867     
  0.700880000000000       0.126551277245112     
  0.700960000000000       0.126552568903306     
  0.701040000000000       0.126553860644690     
  0.701120000000000       0.126555152468568     
  0.701200000000000       0.126556444375239     
  0.701280000000000       0.126557736364602     
  0.701360000000000       0.126559028437213     
  0.701440000000000       0.126560320592005     
  0.701520000000000       0.126561612829959     
  0.701600000000000       0.126562905150720     
  0.701680000000000       0.126564197554145     
  0.701760000000000       0.126565490040192     
  0.701840000000000       0.126566782609003     
  0.701920000000000       0.126568075260535     
  0.702000000000000       0.126569367994903     
  0.702080000000000       0.126570660811409     
  0.702160000000000       0.126571953711149     
  0.702240000000000       0.126573246693297     
  0.702320000000000       0.126574539758223     
  0.702400000000000       0.126575832905501     
  0.702480000000000       0.126577126135586     
  0.702560000000000       0.126578419448449     
  0.702640000000000       0.126579712843536     
  0.702720000000000       0.126581006321543     
  0.702800000000000       0.126582299881803     
  0.702880000000000       0.126583593524798     
  0.702960000000000       0.126584887250146     
  0.703040000000000       0.126586181058356     
  0.703120000000000       0.126587474948862     
  0.703200000000000       0.126588768921962     
  0.703280000000000       0.126590062977299     
  0.703360000000000       0.126591357115358     
  0.703440000000000       0.126592651335982     
  0.703520000000000       0.126593945639001     
  0.703600000000000       0.126595240024144     
  0.703680000000000       0.126596534491923     
  0.703760000000000       0.126597829041969     
  0.703840000000000       0.126599123674637     
  0.703920000000000       0.126600418389770     
  0.704000000000000       0.126601713186942     
  0.704080000000000       0.126603008066936     
  0.704160000000000       0.126604303028912     
  0.704240000000000       0.126605598073311     
  0.704320000000000       0.126606893200289     
  0.704400000000000       0.126608188409462     
  0.704480000000000       0.126609483700974     
  0.704560000000000       0.126610779074269     
  0.704640000000000       0.126612074530455     
  0.704720000000000       0.126613370068625     
  0.704800000000000       0.126614665689117     
  0.704880000000000       0.126615961391607     
  0.704960000000000       0.126617257176846     
  0.705040000000000       0.126618553043811     
  0.705120000000000       0.126619848993186     
  0.705200000000000       0.126621145024557     
  0.705280000000000       0.126622441138593     
  0.705360000000000       0.126623737334682     
  0.705440000000000       0.126625033612469     
  0.705520000000000       0.126626329972608     
  0.705600000000000       0.126627626414929     
  0.705680000000000       0.126628922939403     
  0.705760000000000       0.126630219545972     
  0.705840000000000       0.126631516234226     
  0.705920000000000       0.126632813005286     
  0.706000000000000       0.126634109858073     
  0.706080000000000       0.126635406792786     
  0.706160000000000       0.126636703809708     
  0.706240000000000       0.126638000908797     
  0.706320000000000       0.126639298089457     
  0.706400000000000       0.126640595352284     
  0.706480000000000       0.126641892697164     
  0.706560000000000       0.126643190124127     
  0.706640000000000       0.126644487632929     
  0.706720000000000       0.126645785223729     
  0.706800000000000       0.126647082896809     
  0.706880000000000       0.126648380651346     
  0.706960000000000       0.126649678487921     
  0.707040000000000       0.126650976406451     
  0.707120000000000       0.126652274406651     
  0.707200000000000       0.126653572488947     
  0.707280000000000       0.126654870652970     
  0.707360000000000       0.126656168898975     
  0.707440000000000       0.126657467226777     
  0.707520000000000       0.126658765636235     
  0.707600000000000       0.126660064127790     
  0.707680000000000       0.126661362701071     
  0.707760000000000       0.126662661356035     
  0.707840000000000       0.126663960093096     
  0.707920000000000       0.126665258911685     
  0.708000000000000       0.126666557811773     
  0.708080000000000       0.126667856794128     
  0.708160000000000       0.126669155858109     
  0.708240000000000       0.126670455003406     
  0.708320000000000       0.126671754230585     
  0.708400000000000       0.126673053539434     
  0.708480000000000       0.126674352929839     
  0.708560000000000       0.126675652402297     
  0.708640000000000       0.126676951956028     
  0.708720000000000       0.126678251591669     
  0.708800000000000       0.126679551308882     
  0.708880000000000       0.126680851107635     
  0.708960000000000       0.126682150987803     
  0.709040000000000       0.126683450949613     
  0.709120000000000       0.126684750993632     
  0.709200000000000       0.126686051118411     
  0.709280000000000       0.126687351325201     
  0.709360000000000       0.126688651613264     
  0.709440000000000       0.126689951983180     
  0.709520000000000       0.126691252434127     
  0.709600000000000       0.126692552967085     
  0.709680000000000       0.126693853581229     
  0.709760000000000       0.126695154277015     
  0.709840000000000       0.126696455053931     
  0.709920000000000       0.126697755912800     
  0.710000000000000       0.126699056852799     
  0.710080000000000       0.126700357874341     
  0.710160000000000       0.126701658977068     
  0.710240000000000       0.126702960161381     
  0.710320000000000       0.126704261427263     
  0.710400000000000       0.126705562774091     
  0.710480000000000       0.126706864202560     
  0.710560000000000       0.126708165712358     
  0.710640000000000       0.126709467303484     
  0.710720000000000       0.126710768975740     
  0.710800000000000       0.126712070729382     
  0.710880000000000       0.126713372564466     
  0.710960000000000       0.126714674480808     
  0.711040000000000       0.126715976478422     
  0.711120000000000       0.126717278557364     
  0.711200000000000       0.126718580717394     
  0.711280000000000       0.126719882958439     
  0.711360000000000       0.126721185281055     
  0.711440000000000       0.126722487684986     
  0.711520000000000       0.126723790169748     
  0.711600000000000       0.126725092735923     
  0.711680000000000       0.126726395383343     
  0.711760000000000       0.126727698111735     
  0.711840000000000       0.126729000921144     
  0.711920000000000       0.126730303811853     
  0.712000000000000       0.126731606783920     
  0.712080000000000       0.126732909836618     
  0.712160000000000       0.126734212970816     
  0.712240000000000       0.126735516185931     
  0.712320000000000       0.126736819482175     
  0.712400000000000       0.126738122859449     
  0.712480000000000       0.126739426317811     
  0.712560000000000       0.126740729857160     
  0.712640000000000       0.126742033477711     
  0.712720000000000       0.126743337179021     
  0.712800000000000       0.126744640961220     
  0.712880000000000       0.126745944824733     
  0.712960000000000       0.126747248769006     
  0.713040000000000       0.126748552794125     
  0.713120000000000       0.126749856900360     
  0.713200000000000       0.126751161087696     
  0.713280000000000       0.126752465355849     
  0.713360000000000       0.126753769704748     
  0.713440000000000       0.126755074134521     
  0.713520000000000       0.126756378645609     
  0.713600000000000       0.126757683237044     
  0.713680000000000       0.126758987909397     
  0.713760000000000       0.126760292662708     
  0.713840000000000       0.126761597496738     
  0.713920000000000       0.126762902411882     
  0.714000000000000       0.126764207407532     
  0.714080000000000       0.126765512484012     
  0.714160000000000       0.126766817641594     
  0.714240000000000       0.126768122879581     
  0.714320000000000       0.126769428198357     
  0.714400000000000       0.126770733598206     
  0.714480000000000       0.126772039078474     
  0.714560000000000       0.126773344639545     
  0.714640000000000       0.126774650281262     
  0.714720000000000       0.126775956003725     
  0.714800000000000       0.126777261806750     
  0.714880000000000       0.126778567690450     
  0.714960000000000       0.126779873654910     
  0.715040000000000       0.126781179699974     
  0.715120000000000       0.126782485825600     
  0.715200000000000       0.126783792031715     
  0.715280000000000       0.126785098318847     
  0.715360000000000       0.126786404686114     
  0.715440000000000       0.126787711134354     
  0.715520000000000       0.126789017662943     
  0.715600000000000       0.126790324272164     
  0.715680000000000       0.126791630961789     
  0.715760000000000       0.126792937732161     
  0.715840000000000       0.126794244582697     
  0.715920000000000       0.126795551514092     
  0.716000000000000       0.126796858525835     
  0.716080000000000       0.126798165617799     
  0.716160000000000       0.126799472790679     
  0.716240000000000       0.126800780043822     
  0.716320000000000       0.126802087377455     
  0.716400000000000       0.126803394790982     
  0.716480000000000       0.126804702285525     
  0.716560000000000       0.126806009860530     
  0.716640000000000       0.126807317515655     
  0.716720000000000       0.126808625251072     
  0.716800000000000       0.126809933066965     
  0.716880000000000       0.126811240963121     
  0.716960000000000       0.126812548939809     
  0.717040000000000       0.126813856996704     
  0.717120000000000       0.126815165133663     
  0.717200000000000       0.126816473351339     
  0.717280000000000       0.126817781649179     
  0.717360000000000       0.126819090026969     
  0.717440000000000       0.126820398485221     
  0.717520000000000       0.126821707023878     
  0.717600000000000       0.126823015642528     
  0.717680000000000       0.126824324341697     
  0.717760000000000       0.126825633120745     
  0.717840000000000       0.126826941980112     
  0.717920000000000       0.126828250919586     
  0.718000000000000       0.126829559939181     
  0.718080000000000       0.126830869039238     
  0.718160000000000       0.126832178219430     
  0.718240000000000       0.126833487479330     
  0.718320000000000       0.126834796819693     
  0.718400000000000       0.126836106239892     
  0.718480000000000       0.126837415740439     
  0.718560000000000       0.126838725320822     
  0.718640000000000       0.126840034981696     
  0.718720000000000       0.126841344722251     
  0.718800000000000       0.126842654542755     
  0.718880000000000       0.126843964443352     
  0.718960000000000       0.126845274424183     
  0.719040000000000       0.126846584484865     
  0.719120000000000       0.126847894625697     
  0.719200000000000       0.126849204846308     
  0.719280000000000       0.126850515146940     
  0.719360000000000       0.126851825527552     
  0.719440000000000       0.126853135988170     
  0.719520000000000       0.126854446528539     
  0.719600000000000       0.126855757148859     
  0.719680000000000       0.126857067849072     
  0.719760000000000       0.126858378629193     
  0.719840000000000       0.126859689489350     
  0.719920000000000       0.126861000428945     
  0.720000000000000       0.126862311448732     
  0.720080000000000       0.126863622548171     
  0.720160000000000       0.126864933727503     
  0.720240000000000       0.126866244986657     
  0.720320000000000       0.126867556325776     
  0.720400000000000       0.126868867744434     
  0.720480000000000       0.126870179242586     
  0.720560000000000       0.126871490821571     
  0.720640000000000       0.126872802479382     
  0.720720000000000       0.126874114216931     
  0.720800000000000       0.126875426034274     
  0.720880000000000       0.126876737931638     
  0.720960000000000       0.126878049908483     
  0.721040000000000       0.126879361964668     
  0.721120000000000       0.126880674101058     
  0.721200000000000       0.126881986316774     
  0.721280000000000       0.126883298612554     
  0.721360000000000       0.126884610987502     
  0.721440000000000       0.126885923442045     
  0.721520000000000       0.126887235976382     
  0.721600000000000       0.126888548590343     
  0.721680000000000       0.126889861283799     
  0.721760000000000       0.126891174056907     
  0.721840000000000       0.126892486909383     
  0.721920000000000       0.126893799841724     
  0.722000000000000       0.126895112853375     
  0.722080000000000       0.126896425944437     
  0.722160000000000       0.126897739114937     
  0.722240000000000       0.126899052365245     
  0.722320000000000       0.126900365694950     
  0.722400000000000       0.126901679104051     
  0.722480000000000       0.126902992592576     
  0.722560000000000       0.126904306160539     
  0.722640000000000       0.126905619807743     
  0.722720000000000       0.126906933534584     
  0.722800000000000       0.126908247340693     
  0.722880000000000       0.126909561226127     
  0.722960000000000       0.126910875191370     
  0.723040000000000       0.126912189235639     
  0.723120000000000       0.126913503359119     
  0.723200000000000       0.126914817561882     
  0.723280000000000       0.126916131844523     
  0.723360000000000       0.126917446206192     
  0.723440000000000       0.126918760646844     
  0.723520000000000       0.126920075167106     
  0.723600000000000       0.126921389766166     
  0.723680000000000       0.126922704444950     
  0.723760000000000       0.126924019203130     
  0.723840000000000       0.126925334039995     
  0.723920000000000       0.126926648956455     
  0.724000000000000       0.126927963952112     
  0.724080000000000       0.126929279026824     
  0.724160000000000       0.126930594180819     
  0.724240000000000       0.126931909413783     
  0.724320000000000       0.126933224726115     
  0.724400000000000       0.126934540117417     
  0.724480000000000       0.126935855587717     
  0.724560000000000       0.126937171137242     
  0.724640000000000       0.126938486765993     
  0.724720000000000       0.126939802473799     
  0.724800000000000       0.126941118260617     
  0.724880000000000       0.126942434126760     
  0.724960000000000       0.126943750071347     
  0.725040000000000       0.126945066095884     
  0.725120000000000       0.126946382198425     
  0.725200000000000       0.126947698380632     
  0.725280000000000       0.126949014641482     
  0.725360000000000       0.126950330981159     
  0.725440000000000       0.126951647400246     
  0.725520000000000       0.126952963898360     
  0.725600000000000       0.126954280475174     
  0.725680000000000       0.126955597130901     
  0.725760000000000       0.126956913865626     
  0.725840000000000       0.126958230679079     
  0.725920000000000       0.126959547571757     
  0.726000000000000       0.126960864542979     
  0.726080000000000       0.126962181593370     
  0.726160000000000       0.126963498722389     
  0.726240000000000       0.126964815930065     
  0.726320000000000       0.126966133217009     
  0.726400000000000       0.126967450582568     
  0.726480000000000       0.126968768026798     
  0.726560000000000       0.126970085549998     
  0.726640000000000       0.126971403151699     
  0.726720000000000       0.126972720832412     
  0.726800000000000       0.126974038591881     
  0.726880000000000       0.126975356429795     
  0.726960000000000       0.126976674346877     
  0.727040000000000       0.126977992342574     
  0.727120000000000       0.126979310416586     
  0.727200000000000       0.126980628569640     
  0.727280000000000       0.126981946801194     
  0.727360000000000       0.126983265111490     
  0.727440000000000       0.126984583500302     
  0.727520000000000       0.126985901968069     
  0.727600000000000       0.126987220514038     
  0.727680000000000       0.126988539139076     
  0.727760000000000       0.126989857842090     
  0.727840000000000       0.126991176623988     
  0.727920000000000       0.126992495484486     
  0.728000000000000       0.126993814423670     
  0.728080000000000       0.126995133441198     
  0.728160000000000       0.126996452537227     
  0.728240000000000       0.126997771711586     
  0.728320000000000       0.126999090964914     
  0.728400000000000       0.127000410296687     
  0.728480000000000       0.127001729706563     
  0.728560000000000       0.127003049195010     
  0.728640000000000       0.127004368762143     
  0.728720000000000       0.127005688407777     
  0.728800000000000       0.127007008131428     
  0.728880000000000       0.127008327933822     
  0.728960000000000       0.127009647814290     
  0.729040000000000       0.127010967773315     
  0.729120000000000       0.127012287810685     
  0.729200000000000       0.127013607926386     
  0.729280000000000       0.127014928120487     
  0.729360000000000       0.127016248392962     
  0.729440000000000       0.127017568743624     
  0.729520000000000       0.127018889172645     
  0.729600000000000       0.127020209680111     
  0.729680000000000       0.127021530265650     
  0.729760000000000       0.127022850929520     
  0.729840000000000       0.127024171671777     
  0.729920000000000       0.127025492491995     
  0.730000000000000       0.127026813390415     
  0.730080000000000       0.127028134367421     
  0.730160000000000       0.127029455422188     
  0.730240000000000       0.127030776555542     
  0.730320000000000       0.127032097766956     
  0.730400000000000       0.127033419056374     
  0.730480000000000       0.127034740423937     
  0.730560000000000       0.127036061869801     
  0.730640000000000       0.127037383393641     
  0.730720000000000       0.127038704995811     
  0.730800000000000       0.127040026675842     
  0.730880000000000       0.127041348434132     
  0.730960000000000       0.127042670270455     
  0.731040000000000       0.127043992184595     
  0.731120000000000       0.127045314176825     
  0.731200000000000       0.127046636247157     
  0.731280000000000       0.127047958395422     
  0.731360000000000       0.127049280621946     
  0.731440000000000       0.127050602926786     
  0.731520000000000       0.127051925308563     
  0.731600000000000       0.127053247769154     
  0.731680000000000       0.127054570307592     
  0.731760000000000       0.127055892923564     
  0.731840000000000       0.127057215617781     
  0.731920000000000       0.127058538389732     
  0.732000000000000       0.127059861239657     
  0.732080000000000       0.127061184167643     
  0.732160000000000       0.127062507173235     
  0.732240000000000       0.127063830256673     
  0.732320000000000       0.127065153418285     
  0.732400000000000       0.127066476657332     
  0.732480000000000       0.127067799974397     
  0.732560000000000       0.127069123369551     
  0.732640000000000       0.127070446841770     
  0.732720000000000       0.127071770392489     
  0.732800000000000       0.127073094020758     
  0.732880000000000       0.127074417726560     
  0.732960000000000       0.127075741510338     
  0.733040000000000       0.127077065371807     
  0.733120000000000       0.127078389310838     
  0.733200000000000       0.127079713327816     
  0.733280000000000       0.127081037422157     
  0.733360000000000       0.127082361594261     
  0.733440000000000       0.127083685844169     
  0.733520000000000       0.127085010171768     
  0.733600000000000       0.127086334576588     
  0.733680000000000       0.127087659059625     
  0.733760000000000       0.127088983620069     
  0.733840000000000       0.127090308257748     
  0.733920000000000       0.127091632973502     
  0.734000000000000       0.127092957766393     
  0.734080000000000       0.127094282637287     
  0.734160000000000       0.127095607585274     
  0.734240000000000       0.127096932610981     
  0.734320000000000       0.127098257714450     
  0.734400000000000       0.127099582895055     
  0.734480000000000       0.127100908153380     
  0.734560000000000       0.127102233489139     
  0.734640000000000       0.127103558902063     
  0.734720000000000       0.127104884393119     
  0.734800000000000       0.127106209960799     
  0.734880000000000       0.127107535606526     
  0.734960000000000       0.127108861329176     
  0.735040000000000       0.127110187129644     
  0.735120000000000       0.127111513007349     
  0.735200000000000       0.127112838962161     
  0.735280000000000       0.127114164994707     
  0.735360000000000       0.127115491104390     
  0.735440000000000       0.127116817291365     
  0.735520000000000       0.127118143556216     
  0.735600000000000       0.127119469897592     
  0.735680000000000       0.127120796316532     
  0.735760000000000       0.127122122813005     
  0.735840000000000       0.127123449386388     
  0.735920000000000       0.127124776037305     
  0.736000000000000       0.127126102765501     
  0.736080000000000       0.127127429570449     
  0.736160000000000       0.127128756453131     
  0.736240000000000       0.127130083412680     
  0.736320000000000       0.127131410449635     
  0.736400000000000       0.127132737563783     
  0.736480000000000       0.127134064754741     
  0.736560000000000       0.127135392023376     
  0.736640000000000       0.127136719368791     
  0.736720000000000       0.127138046791244     
  0.736800000000000       0.127139374291104     
  0.736880000000000       0.127140701867673     
  0.736960000000000       0.127142029521678     
  0.737040000000000       0.127143357252563     
  0.737120000000000       0.127144685060272     
  0.737200000000000       0.127146012945658     
  0.737280000000000       0.127147340907498     
  0.737360000000000       0.127148668946489     
  0.737440000000000       0.127149997062957     
  0.737520000000000       0.127151325255652     
  0.737600000000000       0.127152653525939     
  0.737680000000000       0.127153981872964     
  0.737760000000000       0.127155310296785     
  0.737840000000000       0.127156638797614     
  0.737920000000000       0.127157967375339     
  0.738000000000000       0.127159296030100     
  0.738080000000000       0.127160624761557     
  0.738160000000000       0.127161953570449     
  0.738240000000000       0.127163282455569     
  0.738320000000000       0.127164611417725     
  0.738400000000000       0.127165940456890     
  0.738480000000000       0.127167269572680     
  0.738560000000000       0.127168598765350     
  0.738640000000000       0.127169928034845     
  0.738720000000000       0.127171257381064     
  0.738800000000000       0.127172586804107     
  0.738880000000000       0.127173916304186     
  0.738960000000000       0.127175245880593     
  0.739040000000000       0.127176575533880     
  0.739120000000000       0.127177905263777     
  0.739200000000000       0.127179235070542     
  0.739280000000000       0.127180564954343     
  0.739360000000000       0.127181894914329     
  0.739440000000000       0.127183224950982     
  0.739520000000000       0.127184555064146     
  0.739600000000000       0.127185885254433     
  0.739680000000000       0.127187215521274     
  0.739760000000000       0.127188545864597     
  0.739840000000000       0.127189876284461     
  0.739920000000000       0.127191206780977     
