  0.660000000000000       0.126585035074771     
  0.660080000000000       0.126586246097505     
  0.660160000000000       0.126587456935915     
  0.660240000000000       0.126588667589800     
  0.660320000000000       0.126589878059093     
  0.660400000000000       0.126591088343949     
  0.660480000000000       0.126592298444231     
  0.660560000000000       0.126593508360022     
  0.660640000000000       0.126594718091228     
  0.660720000000000       0.126595927637857     
  0.660800000000000       0.126597136999778     
  0.660880000000000       0.126598346177210     
  0.660960000000000       0.126599555170018     
  0.661040000000000       0.126600763978242     
  0.661120000000000       0.126601972601815     
  0.661200000000000       0.126603181040676     
  0.661280000000000       0.126604389295014     
  0.661360000000000       0.126605597364628     
  0.661440000000000       0.126606805249437     
  0.661520000000000       0.126608012949604     
  0.661600000000000       0.126609220465153     
  0.661680000000000       0.126610427795960     
  0.661760000000000       0.126611634941877     
  0.661840000000000       0.126612841903296     
  0.661920000000000       0.126614048679668     
  0.662000000000000       0.126615255271483     
  0.662080000000000       0.126616461678305     
  0.662160000000000       0.126617667900614     
  0.662240000000000       0.126618873937987     
  0.662320000000000       0.126620079790471     
  0.662400000000000       0.126621285458175     
  0.662480000000000       0.126622490941076     
  0.662560000000000       0.126623696239150     
  0.662640000000000       0.126624901352161     
  0.662720000000000       0.126626106280585     
  0.662800000000000       0.126627311023859     
  0.662880000000000       0.126628515582345     
  0.662960000000000       0.126629719955846     
  0.663040000000000       0.126630924144355     
  0.663120000000000       0.126632128148091     
  0.663200000000000       0.126633331966859     
  0.663280000000000       0.126634535600635     
  0.663360000000000       0.126635739049313     
  0.663440000000000       0.126636942313122     
  0.663520000000000       0.126638145391770     
  0.663600000000000       0.126639348285588     
  0.663680000000000       0.126640550994308     
  0.663760000000000       0.126641753517911     
  0.663840000000000       0.126642955856583     
  0.663920000000000       0.126644158010127     
  0.664000000000000       0.126645359978481     
  0.664080000000000       0.126646561761886     
  0.664160000000000       0.126647763360335     
  0.664240000000000       0.126648964773487     
  0.664320000000000       0.126650166001420     
  0.664400000000000       0.126651367044449     
  0.664480000000000       0.126652567902151     
  0.664560000000000       0.126653768574614     
  0.664640000000000       0.126654969062056     
  0.664720000000000       0.126656169364308     
  0.664800000000000       0.126657369481387     
  0.664880000000000       0.126658569413100     
  0.664960000000000       0.126659769159743     
  0.665040000000000       0.126660968721125     
  0.665120000000000       0.126662168097245     
  0.665200000000000       0.126663367288050     
  0.665280000000000       0.126664566293586     
  0.665360000000000       0.126665765113867     
  0.665440000000000       0.126666963748883     
  0.665520000000000       0.126668162198479     
  0.665600000000000       0.126669360462784     
  0.665680000000000       0.126670558541788     
  0.665760000000000       0.126671756435504     
  0.665840000000000       0.126672954143852     
  0.665920000000000       0.126674151666787     
  0.666000000000000       0.126675349004242     
  0.666080000000000       0.126676546156602     
  0.666160000000000       0.126677743123298     
  0.666240000000000       0.126678939904617     
  0.666320000000000       0.126680136500546     
  0.666400000000000       0.126681332911000     
  0.666480000000000       0.126682529135978     
  0.666560000000000       0.126683725175456     
  0.666640000000000       0.126684921029445     
  0.666720000000000       0.126686116698007     
  0.666800000000000       0.126687312181094     
  0.666880000000000       0.126688507478753     
  0.666960000000000       0.126689702590644     
  0.667040000000000       0.126690897517176     
  0.667120000000000       0.126692092258009     
  0.667200000000000       0.126693286813457     
  0.667280000000000       0.126694481183077     
  0.667360000000000       0.126695675367297     
  0.667440000000000       0.126696869365931     
  0.667520000000000       0.126698063178879     
  0.667600000000000       0.126699256806197     
  0.667680000000000       0.126700450247998     
  0.667760000000000       0.126701643503997     
  0.667840000000000       0.126702836574379     
  0.667920000000000       0.126704029459099     
  0.668000000000000       0.126705222158183     
  0.668080000000000       0.126706414671535     
  0.668160000000000       0.126707606999021     
  0.668240000000000       0.126708799141067     
  0.668320000000000       0.126709991097176     
  0.668400000000000       0.126711182867543     
  0.668480000000000       0.126712374452252     
  0.668560000000000       0.126713565851274     
  0.668640000000000       0.126714757064294     
  0.668720000000000       0.126715948091650     
  0.668800000000000       0.126717138933140     
  0.668880000000000       0.126718329588864     
  0.668960000000000       0.126719520058591     
  0.669040000000000       0.126720710342732     
  0.669120000000000       0.126721900440968     
  0.669200000000000       0.126723090353129     
  0.669280000000000       0.126724280079539     
  0.669360000000000       0.126725469620081     
  0.669440000000000       0.126726658974764     
  0.669520000000000       0.126727848143475     
  0.669600000000000       0.126729037126292     
  0.669680000000000       0.126730225923086     
  0.669760000000000       0.126731414534011     
  0.669840000000000       0.126732602958977     
  0.669920000000000       0.126733791197767     
  0.670000000000000       0.126734979250861     
  0.670080000000000       0.126736167117758     
  0.670160000000000       0.126737354798767     
  0.670240000000000       0.126738542293725     
  0.670320000000000       0.126739729602673     
  0.670400000000000       0.126740916725492     
  0.670480000000000       0.126742103662207     
  0.670560000000000       0.126743290412984     
  0.670640000000000       0.126744476977619     
  0.670720000000000       0.126745663356207     
  0.670800000000000       0.126746849548589     
  0.670880000000000       0.126748035554897     
  0.670960000000000       0.126749221375160     
  0.671040000000000       0.126750407009298     
  0.671120000000000       0.126751592457053     
  0.671200000000000       0.126752777718843     
  0.671280000000000       0.126753962794410     
  0.671360000000000       0.126755147683776     
  0.671440000000000       0.126756332386833     
  0.671520000000000       0.126757516903836     
  0.671600000000000       0.126758701234576     
  0.671680000000000       0.126759885379121     
  0.671760000000000       0.126761069337307     
  0.671840000000000       0.126762253109342     
  0.671920000000000       0.126763436694879     
  0.672000000000000       0.126764620094337     
  0.672080000000000       0.126765803307313     
  0.672160000000000       0.126766986334381     
  0.672240000000000       0.126768169174770     
  0.672320000000000       0.126769351828953     
  0.672400000000000       0.126770534296671     
  0.672480000000000       0.126771716578141     
  0.672560000000000       0.126772898673203     
  0.672640000000000       0.126774080581975     
  0.672720000000000       0.126775262304267     
  0.672800000000000       0.126776443840170     
  0.672880000000000       0.126777625189747     
  0.672960000000000       0.126778806352750     
  0.673040000000000       0.126779987329315     
  0.673120000000000       0.126781168119444     
  0.673200000000000       0.126782348723133     
  0.673280000000000       0.126783529140388     
  0.673360000000000       0.126784709371214     
  0.673440000000000       0.126785889415404     
  0.673520000000000       0.126787069273092     
  0.673600000000000       0.126788248944254     
  0.673680000000000       0.126789428429084     
  0.673760000000000       0.126790607727144     
  0.673840000000000       0.126791786838584     
  0.673920000000000       0.126792965763648     
  0.674000000000000       0.126794144502116     
  0.674080000000000       0.126795323053908     
  0.674160000000000       0.126796501418987     
  0.674240000000000       0.126797679597668     
  0.674320000000000       0.126798857589674     
  0.674400000000000       0.126800035394911     
  0.674480000000000       0.126801213013552     
  0.674560000000000       0.126802390445588     
  0.674640000000000       0.126803567690883     
  0.674720000000000       0.126804744749567     
  0.674800000000000       0.126805921621362     
  0.674880000000000       0.126807098306712     
  0.674960000000000       0.126808274805237     
  0.675040000000000       0.126809451117083     
  0.675120000000000       0.126810627242000     
  0.675200000000000       0.126811803180160     
  0.675280000000000       0.126812978931795     
  0.675360000000000       0.126814154496396     
  0.675440000000000       0.126815329874423     
  0.675520000000000       0.126816505065437     
  0.675600000000000       0.126817680069771     
  0.675680000000000       0.126818854887113     
  0.675760000000000       0.126820029517806     
  0.675840000000000       0.126821203961599     
  0.675920000000000       0.126822378218454     
  0.676000000000000       0.126823552288470     
  0.676080000000000       0.126824726171624     
  0.676160000000000       0.126825899867787     
  0.676240000000000       0.126827073377063     
  0.676320000000000       0.126828246699499     
  0.676400000000000       0.126829419834994     
  0.676480000000000       0.126830592783468     
  0.676560000000000       0.126831765545049     
  0.676640000000000       0.126832938119640     
  0.676720000000000       0.126834110507157     
  0.676800000000000       0.126835282707774     
  0.676880000000000       0.126836454721376     
  0.676960000000000       0.126837626547911     
  0.677040000000000       0.126838798187534     
  0.677120000000000       0.126839969640022     
  0.677200000000000       0.126841140905443     
  0.677280000000000       0.126842311983816     
  0.677360000000000       0.126843482875110     
  0.677440000000000       0.126844653579430     
  0.677520000000000       0.126845824096475     
  0.677600000000000       0.126846994426489     
  0.677680000000000       0.126848164569257     
  0.677760000000000       0.126849334525052     
  0.677840000000000       0.126850504293660     
  0.677920000000000       0.126851673875210     
  0.678000000000000       0.126852843269417     
  0.678080000000000       0.126854012476551     
  0.678160000000000       0.126855181496469     
  0.678240000000000       0.126856350329075     
  0.678320000000000       0.126857518974565     
  0.678400000000000       0.126858687432782     
  0.678480000000000       0.126859855703697     
  0.678560000000000       0.126861023787709     
  0.678640000000000       0.126862191684135     
  0.678720000000000       0.126863359393315     
  0.678800000000000       0.126864526915346     
  0.678880000000000       0.126865694249859     
  0.678960000000000       0.126866861397322     
  0.679040000000000       0.126868028357264     
  0.679120000000000       0.126869195129926     
  0.679200000000000       0.126870361715336     
  0.679280000000000       0.126871528113276     
  0.679360000000000       0.126872694323847     
  0.679440000000000       0.126873860347133     
  0.679520000000000       0.126875026182932     
  0.679600000000000       0.126876191831439     
  0.679680000000000       0.126877357292329     
  0.679760000000000       0.126878522565967     
  0.679840000000000       0.126879687652122     
  0.679920000000000       0.126880852550952     
  0.680000000000000       0.126882017262111     
  0.680080000000000       0.126883181785924     
  0.680160000000000       0.126884346122132     
  0.680240000000000       0.126885510270889     
  0.680320000000000       0.126886674232291     
  0.680400000000000       0.126887838005939     
  0.680480000000000       0.126889001592283     
  0.680560000000000       0.126890164990963     
  0.680640000000000       0.126891328202165     
  0.680720000000000       0.126892491225612     
  0.680800000000000       0.126893654061757     
  0.680880000000000       0.126894816710055     
  0.680960000000000       0.126895979171057     
  0.681040000000000       0.126897141444178     
  0.681120000000000       0.126898303529727     
  0.681200000000000       0.126899465427597     
  0.681280000000000       0.126900627138044     
  0.681360000000000       0.126901788660549     
  0.681440000000000       0.126902949995692     
  0.681520000000000       0.126904111142986     
  0.681600000000000       0.126905272102524     
  0.681680000000000       0.126906432874502     
  0.681760000000000       0.126907593458701     
  0.681840000000000       0.126908753855259     
  0.681920000000000       0.126909914063902     
  0.682000000000000       0.126911074084836     
  0.682080000000000       0.126912233918086     
  0.682160000000000       0.126913393563547     
  0.682240000000000       0.126914553021155     
  0.682320000000000       0.126915712291037     
  0.682400000000000       0.126916871373210     
  0.682480000000000       0.126918030267347     
  0.682560000000000       0.126919188973751     
  0.682640000000000       0.126920347492333     
  0.682720000000000       0.126921505823029     
  0.682800000000000       0.126922663965976     
  0.682880000000000       0.126923821920854     
  0.682960000000000       0.126924979688000     
  0.683040000000000       0.126926137267192     
  0.683120000000000       0.126927294658512     
  0.683200000000000       0.126928451861893     
  0.683280000000000       0.126929608877244     
  0.683360000000000       0.126930765704886     
  0.683440000000000       0.126931922344330     
  0.683520000000000       0.126933078795865     
  0.683600000000000       0.126934235059457     
  0.683680000000000       0.126935391135028     
  0.683760000000000       0.126936547022597     
  0.683840000000000       0.126937702722473     
  0.683920000000000       0.126938858233849     
  0.684000000000000       0.126940013557416     
  0.684080000000000       0.126941168692766     
  0.684160000000000       0.126942323640251     
  0.684240000000000       0.126943478399631     
  0.684320000000000       0.126944632970857     
  0.684400000000000       0.126945787354008     
  0.684480000000000       0.126946941549087     
  0.684560000000000       0.126948095556031     
  0.684640000000000       0.126949249374944     
  0.684720000000000       0.126950403005548     
  0.684800000000000       0.126951556448218     
  0.684880000000000       0.126952709702477     
  0.684960000000000       0.126953862768685     
  0.685040000000000       0.126955015646776     
  0.685120000000000       0.126956168336557     
  0.685200000000000       0.126957320838187     
  0.685280000000000       0.126958473151676     
  0.685360000000000       0.126959625276781     
  0.685440000000000       0.126960777213753     
  0.685520000000000       0.126961928962268     
  0.685600000000000       0.126963080522687     
  0.685680000000000       0.126964231895012     
  0.685760000000000       0.126965383078781     
  0.685840000000000       0.126966534074338     
  0.685920000000000       0.126967684881531     
  0.686000000000000       0.126968835500605     
  0.686080000000000       0.126969985931067     
  0.686160000000000       0.126971136173377     
  0.686240000000000       0.126972286227296     
  0.686320000000000       0.126973436092870     
  0.686400000000000       0.126974585770046     
  0.686480000000000       0.126975735258742     
  0.686560000000000       0.126976884559103     
  0.686640000000000       0.126978033671203     
  0.686720000000000       0.126979182594664     
  0.686800000000000       0.126980331329826     
  0.686880000000000       0.126981479876468     
  0.686960000000000       0.126982628234691     
  0.687040000000000       0.126983776404285     
  0.687120000000000       0.126984924385564     
  0.687200000000000       0.126986072178446     
  0.687280000000000       0.126987219782750     
  0.687360000000000       0.126988367198504     
  0.687440000000000       0.126989514425626     
  0.687520000000000       0.126990661464445     
  0.687600000000000       0.126991808314580     
  0.687680000000000       0.126992954976161     
  0.687760000000000       0.126994101449244     
  0.687840000000000       0.126995247733635     
  0.687920000000000       0.126996393829503     
  0.688000000000000       0.126997539736668     
  0.688080000000000       0.126998685455414     
  0.688160000000000       0.126999830985442     
  0.688240000000000       0.127000976326784     
  0.688320000000000       0.127002121479569     
  0.688400000000000       0.127003266443640     
  0.688480000000000       0.127004411219027     
  0.688560000000000       0.127005555805745     
  0.688640000000000       0.127006700203865     
  0.688720000000000       0.127007844413049     
  0.688800000000000       0.127008988433707     
  0.688880000000000       0.127010132265568     
  0.688960000000000       0.127011275908765     
  0.689040000000000       0.127012419363208     
  0.689120000000000       0.127013562628658     
  0.689200000000000       0.127014705705725     
  0.689280000000000       0.127015848593728     
  0.689360000000000       0.127016991293062     
  0.689440000000000       0.127018133803516     
  0.689520000000000       0.127019276125130     
  0.689600000000000       0.127020418258062     
  0.689680000000000       0.127021560201983     
  0.689760000000000       0.127022701957050     
  0.689840000000000       0.127023843523487     
  0.689920000000000       0.127024984900825     
  0.690000000000000       0.127026126089418     
  0.690080000000000       0.127027267089038     
  0.690160000000000       0.127028407899883     
  0.690240000000000       0.127029548521709     
  0.690320000000000       0.127030688954458     
  0.690400000000000       0.127031829198497     
  0.690480000000000       0.127032969253485     
  0.690560000000000       0.127034109119589     
  0.690640000000000       0.127035248796596     
  0.690720000000000       0.127036388284855     
  0.690800000000000       0.127037527583843     
  0.690880000000000       0.127038666693924     
  0.690960000000000       0.127039805615026     
  0.691040000000000       0.127040944347018     
  0.691120000000000       0.127042082890068     
  0.691200000000000       0.127043221244031     
  0.691280000000000       0.127044359408863     
  0.691360000000000       0.127045497384915     
  0.691440000000000       0.127046635171374     
  0.691520000000000       0.127047772769089     
  0.691600000000000       0.127048910177674     
  0.691680000000000       0.127050047397225     
  0.691760000000000       0.127051184427455     
  0.691840000000000       0.127052321268545     
  0.691920000000000       0.127053457920661     
  0.692000000000000       0.127054594383475     
  0.692080000000000       0.127055730657035     
  0.692160000000000       0.127056866741542     
  0.692240000000000       0.127058002636845     
  0.692320000000000       0.127059138342999     
  0.692400000000000       0.127060273859800     
  0.692480000000000       0.127061409187502     
  0.692560000000000       0.127062544325855     
  0.692640000000000       0.127063679275126     
  0.692720000000000       0.127064814035042     
  0.692800000000000       0.127065948605611     
  0.692880000000000       0.127067082986971     
  0.692960000000000       0.127068217178944     
  0.693040000000000       0.127069351181812     
  0.693120000000000       0.127070484995114     
  0.693200000000000       0.127071618619258     
  0.693280000000000       0.127072752054109     
  0.693360000000000       0.127073885299435     
  0.693440000000000       0.127075018355529     
  0.693520000000000       0.127076151222086     
  0.693600000000000       0.127077283899600     
  0.693680000000000       0.127078416387407     
  0.693760000000000       0.127079548685819     
  0.693840000000000       0.127080680794925     
  0.693920000000000       0.127081812714607     
  0.694000000000000       0.127082944444845     
  0.694080000000000       0.127084075985545     
  0.694160000000000       0.127085207337001     
  0.694240000000000       0.127086338498738     
  0.694320000000000       0.127087469471159     
  0.694400000000000       0.127088600254032     
  0.694480000000000       0.127089730847406     
  0.694560000000000       0.127090861251275     
  0.694640000000000       0.127091991465644     
  0.694720000000000       0.127093121490435     
  0.694800000000000       0.127094251325601     
  0.694880000000000       0.127095380971287     
  0.694960000000000       0.127096510427373     
  0.695040000000000       0.127097639693925     
  0.695120000000000       0.127098768770874     
  0.695200000000000       0.127099897658230     
  0.695280000000000       0.127101026355870     
  0.695360000000000       0.127102154864014     
  0.695440000000000       0.127103283182481     
  0.695520000000000       0.127104411311323     
  0.695600000000000       0.127105539250444     
  0.695680000000000       0.127106667000005     
  0.695760000000000       0.127107794559759     
  0.695840000000000       0.127108921929895     
  0.695920000000000       0.127110049110417     
  0.696000000000000       0.127111176101104     
  0.696080000000000       0.127112302902048     
  0.696160000000000       0.127113429513296     
  0.696240000000000       0.127114555934907     
  0.696320000000000       0.127115682166634     
  0.696400000000000       0.127116808208636     
  0.696480000000000       0.127117934060831     
  0.696560000000000       0.127119059723242     
  0.696640000000000       0.127120185195742     
  0.696720000000000       0.127121310478666     
  0.696800000000000       0.127122435571672     
  0.696880000000000       0.127123560474967     
  0.696960000000000       0.127124685188140     
  0.697040000000000       0.127125809711626     
  0.697120000000000       0.127126934045311     
  0.697200000000000       0.127128058189000     
  0.697280000000000       0.127129182142928     
  0.697360000000000       0.127130305906866     
  0.697440000000000       0.127131429480750     
  0.697520000000000       0.127132552864922     
  0.697600000000000       0.127133676059259     
  0.697680000000000       0.127134799063367     
  0.697760000000000       0.127135921877716     
  0.697840000000000       0.127137044502111     
  0.697920000000000       0.127138166936355     
  0.698000000000000       0.127139289180765     
  0.698080000000000       0.127140411235157     
  0.698160000000000       0.127141533099563     
  0.698240000000000       0.127142654774029     
  0.698320000000000       0.127143776258429     
  0.698400000000000       0.127144897552607     
  0.698480000000000       0.127146018656893     
  0.698560000000000       0.127147139571049     
  0.698640000000000       0.127148260295245     
  0.698720000000000       0.127149380829086     
  0.698800000000000       0.127150501173186     
  0.698880000000000       0.127151621327103     
  0.698960000000000       0.127152741290600     
  0.699040000000000       0.127153861064402     
  0.699120000000000       0.127154980647942     
  0.699200000000000       0.127156100041319     
  0.699280000000000       0.127157219244352     
  0.699360000000000       0.127158338257311     
  0.699440000000000       0.127159457080182     
  0.699520000000000       0.127160575712938     
  0.699600000000000       0.127161694155309     
  0.699680000000000       0.127162812407452     
  0.699760000000000       0.127163930469595     
  0.699840000000000       0.127165048341257     
  0.699920000000000       0.127166166022762     
  0.700000000000000       0.127167283514141     
  0.700080000000000       0.127168400815165     
  0.700160000000000       0.127169517925978     
  0.700240000000000       0.127170634846349     
  0.700320000000000       0.127171751576537     
  0.700400000000000       0.127172868116270     
  0.700480000000000       0.127173984465861     
  0.700560000000000       0.127175100624954     
  0.700640000000000       0.127176216593904     
  0.700720000000000       0.127177332372409     
  0.700800000000000       0.127178447960542     
  0.700880000000000       0.127179563358301     
  0.700960000000000       0.127180678565715     
  0.701040000000000       0.127181793582653     
  0.701120000000000       0.127182908409441     
  0.701200000000000       0.127184023045494     
  0.701280000000000       0.127185137491253     
  0.701360000000000       0.127186251746644     
  0.701440000000000       0.127187365811453     
  0.701520000000000       0.127188479685920     
  0.701600000000000       0.127189593369743     
  0.701680000000000       0.127190706863347     
  0.701760000000000       0.127191820166276     
  0.701840000000000       0.127192933278782     
  0.701920000000000       0.127194046200836     
  0.702000000000000       0.127195158932250     
  0.702080000000000       0.127196271472979     
  0.702160000000000       0.127197383823389     
  0.702240000000000       0.127198495983223     
  0.702320000000000       0.127199607952433     
  0.702400000000000       0.127200719731176     
  0.702480000000000       0.127201831319219     
  0.702560000000000       0.127202942716800     
  0.702640000000000       0.127204053923691     
  0.702720000000000       0.127205164939972     
  0.702800000000000       0.127206275765611     
  0.702880000000000       0.127207386400590     
  0.702960000000000       0.127208496844979     
  0.703040000000000       0.127209607098642     
  0.703120000000000       0.127210717161707     
  0.703200000000000       0.127211827033954     
  0.703280000000000       0.127212936715723     
  0.703360000000000       0.127214046206693     
  0.703440000000000       0.127215155506793     
  0.703520000000000       0.127216264616371     
  0.703600000000000       0.127217373535097     
  0.703680000000000       0.127218482263206     
  0.703760000000000       0.127219590800526     
  0.703840000000000       0.127220699146908     
  0.703920000000000       0.127221807302716     
  0.704000000000000       0.127222915267549     
  0.704080000000000       0.127224023041827     
  0.704160000000000       0.127225130625159     
  0.704240000000000       0.127226238017644     
  0.704320000000000       0.127227345219373     
  0.704400000000000       0.127228452230142     
  0.704480000000000       0.127229559050157     
  0.704560000000000       0.127230665679303     
  0.704640000000000       0.127231772117498     
  0.704720000000000       0.127232878364965     
  0.704800000000000       0.127233984421302     
  0.704880000000000       0.127235090286970     
  0.704960000000000       0.127236195961523     
  0.705040000000000       0.127237301445365     
  0.705120000000000       0.127238406738151     
  0.705200000000000       0.127239511840072     
  0.705280000000000       0.127240616750938     
  0.705360000000000       0.127241721470895     
  0.705440000000000       0.127242825999769     
  0.705520000000000       0.127243930337851     
  0.705600000000000       0.127245034484805     
  0.705680000000000       0.127246138440726     
  0.705760000000000       0.127247242205676     
  0.705840000000000       0.127248345779621     
  0.705920000000000       0.127249449162565     
  0.706000000000000       0.127250552354218     
  0.706080000000000       0.127251655355025     
  0.706160000000000       0.127252758164698     
  0.706240000000000       0.127253860783325     
  0.706320000000000       0.127254963210883     
  0.706400000000000       0.127256065447270     
  0.706480000000000       0.127257167492514     
  0.706560000000000       0.127258269346753     
  0.706640000000000       0.127259371009720     
  0.706720000000000       0.127260472481651     
  0.706800000000000       0.127261573762362     
  0.706880000000000       0.127262674851893     
  0.706960000000000       0.127263775750344     
  0.707040000000000       0.127264876457469     
  0.707120000000000       0.127265976973523     
  0.707200000000000       0.127267077298318     
  0.707280000000000       0.127268177431912     
  0.707360000000000       0.127269277374169     
  0.707440000000000       0.127270377125420     
  0.707520000000000       0.127271476685088     
  0.707600000000000       0.127272576053759     
  0.707680000000000       0.127273675231014     
  0.707760000000000       0.127274774217051     
  0.707840000000000       0.127275873011737     
  0.707920000000000       0.127276971615174     
  0.708000000000000       0.127278070027437     
  0.708080000000000       0.127279168248245     
  0.708160000000000       0.127280266277674     
  0.708240000000000       0.127281364115853     
  0.708320000000000       0.127282461762535     
  0.708400000000000       0.127283559218017     
  0.708480000000000       0.127284656482033     
  0.708560000000000       0.127285753554704     
  0.708640000000000       0.127286850435915     
  0.708720000000000       0.127287947125755     
  0.708800000000000       0.127289043624215     
  0.708880000000000       0.127290139931212     
  0.708960000000000       0.127291236046790     
  0.709040000000000       0.127292331970826     
  0.709120000000000       0.127293427703575     
  0.709200000000000       0.127294523244786     
  0.709280000000000       0.127295618594449     
  0.709360000000000       0.127296713752604     
  0.709440000000000       0.127297808719385     
  0.709520000000000       0.127298903494594     
  0.709600000000000       0.127299998078345     
  0.709680000000000       0.127301092470344     
  0.709760000000000       0.127302186671032     
  0.709840000000000       0.127303280680014     
  0.709920000000000       0.127304374497503     
  0.710000000000000       0.127305468123444     
  0.710080000000000       0.127306561557839     
  0.710160000000000       0.127307654800531     
  0.710240000000000       0.127308747851597     
  0.710320000000000       0.127309840711145     
  0.710400000000000       0.127310933379110     
  0.710480000000000       0.127312025855476     
  0.710560000000000       0.127313118140088     
  0.710640000000000       0.127314210233034     
  0.710720000000000       0.127315302134367     
  0.710800000000000       0.127316393844006     
  0.710880000000000       0.127317485361865     
  0.710960000000000       0.127318576688084     
  0.711040000000000       0.127319667822666     
  0.711120000000000       0.127320758765511     
  0.711200000000000       0.127321849516647     
  0.711280000000000       0.127322940075945     
  0.711360000000000       0.127324030443534     
  0.711440000000000       0.127325120619383     
  0.711520000000000       0.127326210603466     
  0.711600000000000       0.127327300395823     
  0.711680000000000       0.127328389996312     
  0.711760000000000       0.127329479405030     
  0.711840000000000       0.127330568621993     
  0.711920000000000       0.127331657647099     
  0.712000000000000       0.127332746480261     
  0.712080000000000       0.127333835121706     
  0.712160000000000       0.127334923571290     
  0.712240000000000       0.127336011829053     
  0.712320000000000       0.127337099894714     
  0.712400000000000       0.127338187768749     
  0.712480000000000       0.127339275450804     
  0.712560000000000       0.127340362940974     
  0.712640000000000       0.127341450239189     
  0.712720000000000       0.127342537345516     
  0.712800000000000       0.127343624259856     
  0.712880000000000       0.127344710982430     
  0.712960000000000       0.127345797512770     
  0.713040000000000       0.127346883851369     
  0.713120000000000       0.127347969997997     
  0.713200000000000       0.127349055952610     
  0.713280000000000       0.127350141715048     
  0.713360000000000       0.127351227285649     
  0.713440000000000       0.127352312664199     
  0.713520000000000       0.127353397850719     
  0.713600000000000       0.127354482845238     
  0.713680000000000       0.127355567647709     
  0.713760000000000       0.127356652258127     
  0.713840000000000       0.127357736676421     
  0.713920000000000       0.127358820902682     
  0.714000000000000       0.127359904936869     
  0.714080000000000       0.127360988778958     
  0.714160000000000       0.127362072428852     
  0.714240000000000       0.127363155886854     
  0.714320000000000       0.127364239152423     
  0.714400000000000       0.127365322226165     
  0.714480000000000       0.127366405107550     
  0.714560000000000       0.127367487796815     
  0.714640000000000       0.127368570294012     
  0.714720000000000       0.127369652598808     
  0.714800000000000       0.127370734711699     
  0.714880000000000       0.127371816632295     
  0.714960000000000       0.127372898360620     
  0.715040000000000       0.127373979896780     
  0.715120000000000       0.127375061240702     
  0.715200000000000       0.127376142392335     
  0.715280000000000       0.127377223351734     
  0.715360000000000       0.127378304118862     
  0.715440000000000       0.127379384693856     
  0.715520000000000       0.127380465076401     
  0.715600000000000       0.127381545266799     
  0.715680000000000       0.127382625264849     
  0.715760000000000       0.127383705070541     
  0.715840000000000       0.127384784683973     
  0.715920000000000       0.127385864104909     
  0.716000000000000       0.127386943333753     
  0.716080000000000       0.127388022370119     
  0.716160000000000       0.127389101214196     
  0.716240000000000       0.127390179865764     
  0.716320000000000       0.127391258325091     
  0.716400000000000       0.127392336591952     
  0.716480000000000       0.127393414666597     
  0.716560000000000       0.127394492548495     
  0.716640000000000       0.127395570238319     
  0.716720000000000       0.127396647735495     
  0.716800000000000       0.127397725040226     
  0.716880000000000       0.127398802152650     
  0.716960000000000       0.127399879072416     
  0.717040000000000       0.127400955799916     
  0.717120000000000       0.127402032334898     
  0.717200000000000       0.127403108677243     
  0.717280000000000       0.127404184827284     
  0.717360000000000       0.127405260784729     
  0.717440000000000       0.127406336549538     
  0.717520000000000       0.127407412121919     
  0.717600000000000       0.127408487501779     
  0.717680000000000       0.127409562689035     
  0.717760000000000       0.127410637683781     
  0.717840000000000       0.127411712485950     
  0.717920000000000       0.127412787095562     
  0.718000000000000       0.127413861512623     
  0.718080000000000       0.127414935736980     
  0.718160000000000       0.127416009768740     
  0.718240000000000       0.127417083607920     
  0.718320000000000       0.127418157254371     
  0.718400000000000       0.127419230708280     
  0.718480000000000       0.127420303969539     
  0.718560000000000       0.127421377038126     
  0.718640000000000       0.127422449914084     
  0.718720000000000       0.127423522597308     
  0.718800000000000       0.127424595087842     
  0.718880000000000       0.127425667385677     
  0.718960000000000       0.127426739490860     
  0.719040000000000       0.127427811403181     
  0.719120000000000       0.127428883122772     
  0.719200000000000       0.127429954649808     
  0.719280000000000       0.127431025984007     
  0.719360000000000       0.127432097125474     
  0.719440000000000       0.127433168074083     
  0.719520000000000       0.127434238830038     
  0.719600000000000       0.127435309393013     
  0.719680000000000       0.127436379763367     
  0.719760000000000       0.127437449940933     
  0.719840000000000       0.127438519925574     
  0.719920000000000       0.127439589717317     
  0.720000000000000       0.127440659316396     
  0.720080000000000       0.127441728722512     
  0.720160000000000       0.127442797935783     
  0.720240000000000       0.127443866956154     
  0.720320000000000       0.127444935783742     
  0.720400000000000       0.127446004418321     
  0.720480000000000       0.127447072860106     
  0.720560000000000       0.127448141108998     
  0.720640000000000       0.127449209164919     
  0.720720000000000       0.127450277027879     
  0.720800000000000       0.127451344697869     
  0.720880000000000       0.127452412175030     
  0.720960000000000       0.127453479459125     
  0.721040000000000       0.127454546550296     
  0.721120000000000       0.127455613448488     
  0.721200000000000       0.127456680153771     
  0.721280000000000       0.127457746665993     
  0.721360000000000       0.127458812985138     
  0.721440000000000       0.127459879111422     
  0.721520000000000       0.127460945044518     
  0.721600000000000       0.127462010784639     
  0.721680000000000       0.127463076331843     
  0.721760000000000       0.127464141685736     
  0.721840000000000       0.127465206846795     
  0.721920000000000       0.127466271814613     
  0.722000000000000       0.127467336589430     
  0.722080000000000       0.127468401171218     
  0.722160000000000       0.127469465559750     
  0.722240000000000       0.127470529755208     
  0.722320000000000       0.127471593757568     
  0.722400000000000       0.127472657566824     
  0.722480000000000       0.127473721182811     
  0.722560000000000       0.127474784605822     
  0.722640000000000       0.127475847835531     
  0.722720000000000       0.127476910872223     
  0.722800000000000       0.127477973715538     
  0.722880000000000       0.127479036365650     
  0.722960000000000       0.127480098822712     
  0.723040000000000       0.127481161086438     
  0.723120000000000       0.127482223156998     
  0.723200000000000       0.127483285034348     
  0.723280000000000       0.127484346718373     
  0.723360000000000       0.127485408209214     
  0.723440000000000       0.127486469506769     
  0.723520000000000       0.127487530611177     
  0.723600000000000       0.127488591521984     
  0.723680000000000       0.127489652239925     
  0.723760000000000       0.127490712764230     
  0.723840000000000       0.127491773095269     
  0.723920000000000       0.127492833233094     
  0.724000000000000       0.127493893177548     
  0.724080000000000       0.127494952928640     
  0.724160000000000       0.127496012486470     
  0.724240000000000       0.127497071850762     
  0.724320000000000       0.127498131021801     
  0.724400000000000       0.127499189999510     
  0.724480000000000       0.127500248783846     
  0.724560000000000       0.127501307374604     
  0.724640000000000       0.127502365771968     
  0.724720000000000       0.127503423976088     
  0.724800000000000       0.127504481986622     
  0.724880000000000       0.127505539803835     
  0.724960000000000       0.127506597427569     
  0.725040000000000       0.127507654857846     
  0.725120000000000       0.127508712094578     
  0.725200000000000       0.127509769137961     
  0.725280000000000       0.127510825987776     
  0.725360000000000       0.127511882644090     
  0.725440000000000       0.127512939106816     
  0.725520000000000       0.127513995376173     
  0.725600000000000       0.127515051451961     
  0.725680000000000       0.127516107334187     
  0.725760000000000       0.127517163022934     
  0.725840000000000       0.127518218518039     
  0.725920000000000       0.127519273819624     
  0.726000000000000       0.127520328927603     
  0.726080000000000       0.127521383841995     
  0.726160000000000       0.127522438562811     
  0.726240000000000       0.127523493090001     
  0.726320000000000       0.127524547423718     
  0.726400000000000       0.127525601563573     
  0.726480000000000       0.127526655510100     
  0.726560000000000       0.127527709262765     
  0.726640000000000       0.127528762821793     
  0.726720000000000       0.127529816187134     
  0.726800000000000       0.127530869358951     
  0.726880000000000       0.127531922336956     
  0.726960000000000       0.127532975121284     
  0.727040000000000       0.127534027712043     
  0.727120000000000       0.127535080108940     
  0.727200000000000       0.127536132312212     
  0.727280000000000       0.127537184321751     
  0.727360000000000       0.127538236137497     
  0.727440000000000       0.127539287759411     
  0.727520000000000       0.127540339187744     
  0.727600000000000       0.127541390422259     
  0.727680000000000       0.127542441462937     
  0.727760000000000       0.127543492309799     
  0.727840000000000       0.127544542962992     
  0.727920000000000       0.127545593422384     
  0.728000000000000       0.127546643687765     
  0.728080000000000       0.127547693759668     
  0.728160000000000       0.127548743637392     
  0.728240000000000       0.127549793321337     
  0.728320000000000       0.127550842811609     
  0.728400000000000       0.127551892107905     
  0.728480000000000       0.127552941210299     
  0.728560000000000       0.127553990118897     
  0.728640000000000       0.127555038833534     
  0.728720000000000       0.127556087354303     
  0.728800000000000       0.127557135681093     
  0.728880000000000       0.127558183814109     
  0.728960000000000       0.127559231753132     
  0.729040000000000       0.127560279498163     
  0.729120000000000       0.127561327049209     
  0.729200000000000       0.127562374406446     
  0.729280000000000       0.127563421569637     
  0.729360000000000       0.127564468538759     
  0.729440000000000       0.127565515313999     
  0.729520000000000       0.127566561895252     
  0.729600000000000       0.127567608282577     
  0.729680000000000       0.127568654475693     
  0.729760000000000       0.127569700474849     
  0.729840000000000       0.127570746279890     
  0.729920000000000       0.127571791890979     
  0.730000000000000       0.127572837307974     
  0.730080000000000       0.127573882531082     
  0.730160000000000       0.127574927559908     
  0.730240000000000       0.127575972394796     
  0.730320000000000       0.127577017035494     
  0.730400000000000       0.127578061482161     
  0.730480000000000       0.127579105734688     
  0.730560000000000       0.127580149793063     
  0.730640000000000       0.127581193657389     
  0.730720000000000       0.127582237327357     
  0.730800000000000       0.127583280803439     
  0.730880000000000       0.127584324085240     
  0.730960000000000       0.127585367172833     
  0.731040000000000       0.127586410066390     
  0.731120000000000       0.127587452765647     
  0.731200000000000       0.127588495270762     
  0.731280000000000       0.127589537581719     
  0.731360000000000       0.127590579698427     
  0.731440000000000       0.127591621620855     
  0.731520000000000       0.127592663349063     
  0.731600000000000       0.127593704883011     
  0.731680000000000       0.127594746222801     
  0.731760000000000       0.127595787368234     
  0.731840000000000       0.127596828319414     
  0.731920000000000       0.127597869076325     
  0.732000000000000       0.127598909638913     
  0.732080000000000       0.127599950007336     
  0.732160000000000       0.127600990181380     
  0.732240000000000       0.127602030161036     
  0.732320000000000       0.127603069946373     
  0.732400000000000       0.127604109537478     
  0.732480000000000       0.127605148934138     
  0.732560000000000       0.127606188136340     
  0.732640000000000       0.127607227144441     
  0.732720000000000       0.127608265958042     
  0.732800000000000       0.127609304577257     
  0.732880000000000       0.127610343002059     
  0.732960000000000       0.127611381232433     
  0.733040000000000       0.127612419268365     
  0.733120000000000       0.127613457110055     
  0.733200000000000       0.127614494757247     
  0.733280000000000       0.127615532209925     
  0.733360000000000       0.127616569468118     
  0.733440000000000       0.127617606531954     
  0.733520000000000       0.127618643401304     
  0.733600000000000       0.127619680076195     
  0.733680000000000       0.127620716556600     
  0.733760000000000       0.127621752842402     
  0.733840000000000       0.127622788933760     
  0.733920000000000       0.127623824830682     
  0.734000000000000       0.127624860532915     
  0.734080000000000       0.127625896040726     
  0.734160000000000       0.127626931354001     
  0.734240000000000       0.127627966472667     
  0.734320000000000       0.127629001396836     
  0.734400000000000       0.127630036126407     
  0.734480000000000       0.127631070661364     
  0.734560000000000       0.127632105001748     
  0.734640000000000       0.127633139147642     
  0.734720000000000       0.127634173098788     
  0.734800000000000       0.127635206855382     
  0.734880000000000       0.127636240417254     
  0.734960000000000       0.127637273784599     
  0.735040000000000       0.127638306957312     
  0.735120000000000       0.127639339935296     
  0.735200000000000       0.127640372718531     
  0.735280000000000       0.127641405307228     
  0.735360000000000       0.127642437701313     
  0.735440000000000       0.127643469900542     
  0.735520000000000       0.127644501905139     
  0.735600000000000       0.127645533714973     
  0.735680000000000       0.127646565330153     
  0.735760000000000       0.127647596750677     
  0.735840000000000       0.127648627976286     
  0.735920000000000       0.127649659007444     
  0.736000000000000       0.127650689843567     
  0.736080000000000       0.127651720484960     
  0.736160000000000       0.127652750931622     
  0.736240000000000       0.127653781183477     
  0.736320000000000       0.127654811240578     
  0.736400000000000       0.127655841102850     
  0.736480000000000       0.127656870770302     
  0.736560000000000       0.127657900242944     
  0.736640000000000       0.127658929520828     
  0.736720000000000       0.127659958603651     
  0.736800000000000       0.127660987491878     
  0.736880000000000       0.127662016185163     
  0.736960000000000       0.127663044683587     
  0.737040000000000       0.127664072987056     
  0.737120000000000       0.127665101095655     
  0.737200000000000       0.127666129009446     
  0.737280000000000       0.127667156728311     
  0.737360000000000       0.127668184252203     
  0.737440000000000       0.127669211581258     
  0.737520000000000       0.127670238715285     
  0.737600000000000       0.127671265654392     
  0.737680000000000       0.127672292398545     
  0.737760000000000       0.127673318947738     
  0.737840000000000       0.127674345302135     
  0.737920000000000       0.127675371461219     
  0.738000000000000       0.127676397425567     
  0.738080000000000       0.127677423194786     
  0.738160000000000       0.127678448769255     
  0.738240000000000       0.127679474148385     
  0.738320000000000       0.127680499332737     
  0.738400000000000       0.127681524321937     
  0.738480000000000       0.127682549116159     
  0.738560000000000       0.127683573715213     
  0.738640000000000       0.127684598119220     
  0.738720000000000       0.127685622328315     
  0.738800000000000       0.127686646342136     
  0.738880000000000       0.127687670161000     
  0.738960000000000       0.127688693784803     
  0.739040000000000       0.127689717213435     
  0.739120000000000       0.127690740446962     
  0.739200000000000       0.127691763485288     
  0.739280000000000       0.127692786328550     
  0.739360000000000       0.127693808976753     
  0.739440000000000       0.127694831429632     
  0.739520000000000       0.127695853687492     
  0.739600000000000       0.127696875750127     
  0.739680000000000       0.127697897617540     
  0.739760000000000       0.127698919289683     
  0.739840000000000       0.127699940766929     
  0.739920000000000       0.127700962048771     
