  0.660000000000000       8.883337652141672E-003
  0.660080000000000       8.883530662549328E-003
  0.660160000000000       8.883723617975188E-003
  0.660240000000000       8.883916518760311E-003
  0.660320000000000       8.884109364947330E-003
  0.660400000000000       8.884302156180975E-003
  0.660480000000000       8.884494892816515E-003
  0.660560000000000       8.884687574953427E-003
  0.660640000000000       8.884880202080121E-003
  0.660720000000000       8.885072774622922E-003
  0.660800000000000       8.885265292439722E-003
  0.660880000000000       8.885457755487887E-003
  0.660960000000000       8.885650163738996E-003
  0.661040000000000       8.885842517150418E-003
  0.661120000000000       8.886034816006368E-003
  0.661200000000000       8.886227059738412E-003
  0.661280000000000       8.886419249284468E-003
  0.661360000000000       8.886611383720829E-003
  0.661440000000000       8.886803463615929E-003
  0.661520000000000       8.886995488500811E-003
  0.661600000000000       8.887187458730746E-003
  0.661680000000000       8.887379374248890E-003
  0.661760000000000       8.887571235325249E-003
  0.661840000000000       8.887763041050330E-003
  0.661920000000000       8.887954792333626E-003
  0.662000000000000       8.888146488748812E-003
  0.662080000000000       8.888338130494840E-003
  0.662160000000000       8.888529717529077E-003
  0.662240000000000       8.888721249766258E-003
  0.662320000000000       8.888912727249017E-003
  0.662400000000000       8.889104149721556E-003
  0.662480000000000       8.889295517581781E-003
  0.662560000000000       8.889486830744427E-003
  0.662640000000000       8.889678088896853E-003
  0.662720000000000       8.889869292735393E-003
  0.662800000000000       8.890060441322130E-003
  0.662880000000000       8.890251535054967E-003
  0.662960000000000       8.890442574488129E-003
  0.663040000000000       8.890633558825807E-003
  0.663120000000000       8.890824488451694E-003
  0.663200000000000       8.891015363209472E-003
  0.663280000000000       8.891206183369145E-003
  0.663360000000000       8.891396948490178E-003
  0.663440000000000       8.891587658785734E-003
  0.663520000000000       8.891778314625294E-003
  0.663600000000000       8.891968915184630E-003
  0.663680000000000       8.892159461415867E-003
  0.663760000000000       8.892349952437935E-003
  0.663840000000000       8.892540388932953E-003
  0.663920000000000       8.892730770389330E-003
  0.664000000000000       8.892921097091284E-003
  0.664080000000000       8.893111369195135E-003
  0.664160000000000       8.893301586274556E-003
  0.664240000000000       8.893491748599554E-003
  0.664320000000000       8.893681856056442E-003
  0.664400000000000       8.893871908886804E-003
  0.664480000000000       8.894061906550628E-003
  0.664560000000000       8.894251849687403E-003
  0.664640000000000       8.894441737870802E-003
  0.664720000000000       8.894631571200302E-003
  0.664800000000000       8.894821349704325E-003
  0.664880000000000       8.895011073283395E-003
  0.664960000000000       8.895200742207517E-003
  0.665040000000000       8.895390356306161E-003
  0.665120000000000       8.895579915465641E-003
  0.665200000000000       8.895769419870699E-003
  0.665280000000000       8.895958869350802E-003
  0.665360000000000       8.896148263948585E-003
  0.665440000000000       8.896337603664047E-003
  0.665520000000000       8.896526889037200E-003
  0.665600000000000       8.896716118916966E-003
  0.665680000000000       8.896905294141784E-003
  0.665760000000000       8.897094414526914E-003
  0.665840000000000       8.897283479916036E-003
  0.665920000000000       8.897472490465470E-003
  0.666000000000000       8.897661446246270E-003
  0.666080000000000       8.897850347428966E-003
  0.666160000000000       8.898039193686709E-003
  0.666240000000000       8.898227984749492E-003
  0.666320000000000       8.898416721242593E-003
  0.666400000000000       8.898605402554945E-003
  0.666480000000000       8.898794029070241E-003
  0.666560000000000       8.898982600973222E-003
  0.666640000000000       8.899171117638612E-003
  0.666720000000000       8.899359579606421E-003
  0.666800000000000       8.899547986862440E-003
  0.666880000000000       8.899736339051396E-003
  0.666960000000000       8.899924636414876E-003
  0.667040000000000       8.900112878824980E-003
  0.667120000000000       8.900301066452239E-003
  0.667200000000000       8.900489199040858E-003
  0.667280000000000       8.900677276974529E-003
  0.667360000000000       8.900865299699030E-003
  0.667440000000000       8.901053267669108E-003
  0.667520000000000       8.901241180529491E-003
  0.667600000000000       8.901429039189675E-003
  0.667680000000000       8.901616841930145E-003
  0.667760000000000       8.901804590527258E-003
  0.667840000000000       8.901992284270473E-003
  0.667920000000000       8.902179922463456E-003
  0.668000000000000       8.902367506058335E-003
  0.668080000000000       8.902555035111955E-003
  0.668160000000000       8.902742508672186E-003
  0.668240000000000       8.902929927492205E-003
  0.668320000000000       8.903117291586223E-003
  0.668400000000000       8.903304600627389E-003
  0.668480000000000       8.903491854871499E-003
  0.668560000000000       8.903679054020126E-003
  0.668640000000000       8.903866198385908E-003
  0.668720000000000       8.904053287897791E-003
  0.668800000000000       8.904240322214714E-003
  0.668880000000000       8.904427301763003E-003
  0.668960000000000       8.904614226428971E-003
  0.669040000000000       8.904801095885768E-003
  0.669120000000000       8.904987910687619E-003
  0.669200000000000       8.905174670536094E-003
  0.669280000000000       8.905361375473826E-003
  0.669360000000000       8.905548025358707E-003
  0.669440000000000       8.905734620261792E-003
  0.669520000000000       8.905921159927284E-003
  0.669600000000000       8.906107645250468E-003
  0.669680000000000       8.906294075336059E-003
  0.669760000000000       8.906480450482486E-003
  0.669840000000000       8.906666770760803E-003
  0.669920000000000       8.906853035929425E-003
  0.670000000000000       8.907039245959932E-003
  0.670080000000000       8.907225401719183E-003
  0.670160000000000       8.907411502027680E-003
  0.670240000000000       8.907597547254904E-003
  0.670320000000000       8.907783537670862E-003
  0.670400000000000       8.907969473076600E-003
  0.670480000000000       8.908155353614229E-003
  0.670560000000000       8.908341179155850E-003
  0.670640000000000       8.908526949914626E-003
  0.670720000000000       8.908712665364756E-003
  0.670800000000000       8.908898325932564E-003
  0.670880000000000       8.909083931532787E-003
  0.670960000000000       8.909269482080158E-003
  0.671040000000000       8.909454977915739E-003
  0.671120000000000       8.909640418797944E-003
  0.671200000000000       8.909825804414136E-003
  0.671280000000000       8.910011134934843E-003
  0.671360000000000       8.910196410544809E-003
  0.671440000000000       8.910381631457194E-003
  0.671520000000000       8.910566797117776E-003
  0.671600000000000       8.910751908052357E-003
  0.671680000000000       8.910936963507761E-003
  0.671760000000000       8.911121964450326E-003
  0.671840000000000       8.911306910197932E-003
  0.671920000000000       8.911491800906897E-003
  0.672000000000000       8.911676636520378E-003
  0.672080000000000       8.911861417308382E-003
  0.672160000000000       8.912046143157222E-003
  0.672240000000000       8.912230813740048E-003
  0.672320000000000       8.912415429582661E-003
  0.672400000000000       8.912599990073995E-003
  0.672480000000000       8.912784495683009E-003
  0.672560000000000       8.912968946466544E-003
  0.672640000000000       8.913153342069331E-003
  0.672720000000000       8.913337682619267E-003
  0.672800000000000       8.913521968428990E-003
  0.672880000000000       8.913706198944278E-003
  0.672960000000000       8.913890374449347E-003
  0.673040000000000       8.914074495072095E-003
  0.673120000000000       8.914258560585149E-003
  0.673200000000000       8.914442570718502E-003
  0.673280000000000       8.914626526140064E-003
  0.673360000000000       8.914810426665094E-003
  0.673440000000000       8.914994271881478E-003
  0.673520000000000       8.915178062400282E-003
  0.673600000000000       8.915361797539385E-003
  0.673680000000000       8.915545477710902E-003
  0.673760000000000       8.915729102872201E-003
  0.673840000000000       8.915912672852751E-003
  0.673920000000000       8.916096188149931E-003
  0.674000000000000       8.916279648024779E-003
  0.674080000000000       8.916463052903618E-003
  0.674160000000000       8.916646402715396E-003
  0.674240000000000       8.916829697588009E-003
  0.674320000000000       8.917012937478826E-003
  0.674400000000000       8.917196122288369E-003
  0.674480000000000       8.917379251775055E-003
  0.674560000000000       8.917562326521529E-003
  0.674640000000000       8.917745345788826E-003
  0.674720000000000       8.917928310330121E-003
  0.674800000000000       8.918111219974885E-003
  0.674880000000000       8.918294074069417E-003
  0.674960000000000       8.918476873381105E-003
  0.675040000000000       8.918659617725207E-003
  0.675120000000000       8.918842306604342E-003
  0.675200000000000       8.919024940686422E-003
  0.675280000000000       8.919207519772494E-003
  0.675360000000000       8.919390043379390E-003
  0.675440000000000       8.919572512246073E-003
  0.675520000000000       8.919754926017272E-003
  0.675600000000000       8.919937284565090E-003
  0.675680000000000       8.920119588003213E-003
  0.675760000000000       8.920301836260587E-003
  0.675840000000000       8.920484029806171E-003
  0.675920000000000       8.920666167986264E-003
  0.676000000000000       8.920848250999820E-003
  0.676080000000000       8.921030278932103E-003
  0.676160000000000       8.921212251953643E-003
  0.676240000000000       8.921394169780224E-003
  0.676320000000000       8.921576032639218E-003
  0.676400000000000       8.921757840004825E-003
  0.676480000000000       8.921939592573376E-003
  0.676560000000000       8.922121290032232E-003
  0.676640000000000       8.922302932125599E-003
  0.676720000000000       8.922484519421910E-003
  0.676800000000000       8.922666051366941E-003
  0.676880000000000       8.922847528358598E-003
  0.676960000000000       8.923028949984764E-003
  0.677040000000000       8.923210316757031E-003
  0.677120000000000       8.923391628220652E-003
  0.677200000000000       8.923572885015114E-003
  0.677280000000000       8.923754086159870E-003
  0.677360000000000       8.923935232280196E-003
  0.677440000000000       8.924116323262406E-003
  0.677520000000000       8.924297359149132E-003
  0.677600000000000       8.924478339855109E-003
  0.677680000000000       8.924659265778241E-003
  0.677760000000000       8.924840136250618E-003
  0.677840000000000       8.925020951670144E-003
  0.677920000000000       8.925201711695759E-003
  0.678000000000000       8.925382416753787E-003
  0.678080000000000       8.925563066801596E-003
  0.678160000000000       8.925743661512338E-003
  0.678240000000000       8.925924201028120E-003
  0.678320000000000       8.926104685647369E-003
  0.678400000000000       8.926285114830075E-003
  0.678480000000000       8.926465488860454E-003
  0.678560000000000       8.926645808250096E-003
  0.678640000000000       8.926826072004242E-003
  0.678720000000000       8.927006280662904E-003
  0.678800000000000       8.927186434126606E-003
  0.678880000000000       8.927366532480614E-003
  0.678960000000000       8.927546575724928E-003
  0.679040000000000       8.927726563774281E-003
  0.679120000000000       8.927906496685518E-003
  0.679200000000000       8.928086374401796E-003
  0.679280000000000       8.928266196837849E-003
  0.679360000000000       8.928445964164207E-003
  0.679440000000000       8.928625676352449E-003
  0.679520000000000       8.928805333416785E-003
  0.679600000000000       8.928984935343005E-003
  0.679680000000000       8.929164481818470E-003
  0.679760000000000       8.929343973241084E-003
  0.679840000000000       8.929523409383473E-003
  0.679920000000000       8.929702790629331E-003
  0.680000000000000       8.929882116609174E-003
  0.680080000000000       8.930061387450901E-003
  0.680160000000000       8.930240602785029E-003
  0.680240000000000       8.930419763123150E-003
  0.680320000000000       8.930598868095781E-003
  0.680400000000000       8.930777918257145E-003
  0.680480000000000       8.930956912910910E-003
  0.680560000000000       8.931135852469192E-003
  0.680640000000000       8.931314736704617E-003
  0.680720000000000       8.931493565872979E-003
  0.680800000000000       8.931672339761117E-003
  0.680880000000000       8.931851058440084E-003
  0.680960000000000       8.932029721924091E-003
  0.681040000000000       8.932208330241560E-003
  0.681120000000000       8.932386883349859E-003
  0.681200000000000       8.932565380879505E-003
  0.681280000000000       8.932743823725782E-003
  0.681360000000000       8.932922211121304E-003
  0.681440000000000       8.933100543336077E-003
  0.681520000000000       8.933278820299047E-003
  0.681600000000000       8.933457042024424E-003
  0.681680000000000       8.933635208583264E-003
  0.681760000000000       8.933813319705559E-003
  0.681840000000000       8.933991375988166E-003
  0.681920000000000       8.934169376606856E-003
  0.682000000000000       8.934347322130061E-003
  0.682080000000000       8.934525212685680E-003
  0.682160000000000       8.934703047890021E-003
  0.682240000000000       8.934880827430443E-003
  0.682320000000000       8.935058552330129E-003
  0.682400000000000       8.935236221693794E-003
  0.682480000000000       8.935413835748814E-003
  0.682560000000000       8.935591394594662E-003
  0.682640000000000       8.935768898345027E-003
  0.682720000000000       8.935946346374631E-003
  0.682800000000000       8.936123739862974E-003
  0.682880000000000       8.936301077815297E-003
  0.682960000000000       8.936478360458973E-003
  0.683040000000000       8.936655587936111E-003
  0.683120000000000       8.936832759962494E-003
  0.683200000000000       8.937009876808129E-003
  0.683280000000000       8.937186938430382E-003
  0.683360000000000       8.937363944914518E-003
  0.683440000000000       8.937540895635261E-003
  0.683520000000000       8.937717791487894E-003
  0.683600000000000       8.937894632046091E-003
  0.683680000000000       8.938071417466172E-003
  0.683760000000000       8.938248147321810E-003
  0.683840000000000       8.938424822053544E-003
  0.683920000000000       8.938601441377154E-003
  0.684000000000000       8.938778005804233E-003
  0.684080000000000       8.938954514382653E-003
  0.684160000000000       8.939130967908222E-003
  0.684240000000000       8.939307366210410E-003
  0.684320000000000       8.939483709232372E-003
  0.684400000000000       8.939659997300960E-003
  0.684480000000000       8.939836229549310E-003
  0.684560000000000       8.940012406929550E-003
  0.684640000000000       8.940188528802191E-003
  0.684720000000000       8.940364595252499E-003
  0.684800000000000       8.940540606635745E-003
  0.684880000000000       8.940716562440339E-003
  0.684960000000000       8.940892463277346E-003
  0.685040000000000       8.941068308692020E-003
  0.685120000000000       8.941244098627517E-003
  0.685200000000000       8.941419833552795E-003
  0.685280000000000       8.941595512956264E-003
  0.685360000000000       8.941771137008454E-003
  0.685440000000000       8.941946705879895E-003
  0.685520000000000       8.942122219513744E-003
  0.685600000000000       8.942297677824736E-003
  0.685680000000000       8.942473080557074E-003
  0.685760000000000       8.942648428250773E-003
  0.685840000000000       8.942823720522138E-003
  0.685920000000000       8.942998957484856E-003
  0.686000000000000       8.943174139295247E-003
  0.686080000000000       8.943349265441720E-003
  0.686160000000000       8.943524336450077E-003
  0.686240000000000       8.943699352092944E-003
  0.686320000000000       8.943874312370322E-003
  0.686400000000000       8.944049217594847E-003
  0.686480000000000       8.944224067127034E-003
  0.686560000000000       8.944398861350573E-003
  0.686640000000000       8.944573600549684E-003
  0.686720000000000       8.944748284198563E-003
  0.686800000000000       8.944922912467741E-003
  0.686880000000000       8.945097485371430E-003
  0.686960000000000       8.945272003009104E-003
  0.687040000000000       8.945446465224445E-003
  0.687120000000000       8.945620872173772E-003
  0.687200000000000       8.945795223857085E-003
  0.687280000000000       8.945969520075432E-003
  0.687360000000000       8.946143761283561E-003
  0.687440000000000       8.946317946500922E-003
  0.687520000000000       8.946492076963859E-003
  0.687600000000000       8.946666151649192E-003
  0.687680000000000       8.946840171025879E-003
  0.687760000000000       8.947014135122340E-003
  0.687840000000000       8.947188044194372E-003
  0.687920000000000       8.947361897247215E-003
  0.688000000000000       8.947535695474580E-003
  0.688080000000000       8.947709438023817E-003
  0.688160000000000       8.947883125449148E-003
  0.688240000000000       8.948056757182139E-003
  0.688320000000000       8.948230333904912E-003
  0.688400000000000       8.948403854679550E-003
  0.688480000000000       8.948577320699765E-003
  0.688560000000000       8.948750731112905E-003
  0.688640000000000       8.948924086331085E-003
  0.688720000000000       8.949097385714817E-003
  0.688800000000000       8.949270630287283E-003
  0.688880000000000       8.949443818954246E-003
  0.688960000000000       8.949616952483093E-003
  0.689040000000000       8.949790030546974E-003
  0.689120000000000       8.949963053430106E-003
  0.689200000000000       8.950136020663531E-003
  0.689280000000000       8.950308932588309E-003
  0.689360000000000       8.950481789303917E-003
  0.689440000000000       8.950654590469294E-003
  0.689520000000000       8.950827336169705E-003
  0.689600000000000       8.951000026604101E-003
  0.689680000000000       8.951172661644587E-003
  0.689760000000000       8.951345241035365E-003
  0.689840000000000       8.951517765074864E-003
  0.689920000000000       8.951690233976246E-003
  0.690000000000000       8.951862647199500E-003
  0.690080000000000       8.952035005284638E-003
  0.690160000000000       8.952207307634803E-003
  0.690240000000000       8.952379554690533E-003
  0.690320000000000       8.952551746167610E-003
  0.690400000000000       8.952723882762366E-003
  0.690480000000000       8.952895963494252E-003
  0.690560000000000       8.953067988903281E-003
  0.690640000000000       8.953239958818922E-003
  0.690720000000000       8.953411873454338E-003
  0.690800000000000       8.953583732653210E-003
  0.690880000000000       8.953755536515014E-003
  0.690960000000000       8.953927284755532E-003
  0.691040000000000       8.954098977502663E-003
  0.691120000000000       8.954270615267997E-003
  0.691200000000000       8.954442197142039E-003
  0.691280000000000       8.954613723465850E-003
  0.691360000000000       8.954785194722599E-003
  0.691440000000000       8.954956610557015E-003
  0.691520000000000       8.955127970642247E-003
  0.691600000000000       8.955299275504099E-003
  0.691680000000000       8.955470524915195E-003
  0.691760000000000       8.955641718690795E-003
  0.691840000000000       8.955812857243013E-003
  0.691920000000000       8.955983940046049E-003
  0.692000000000000       8.956154967867287E-003
  0.692080000000000       8.956325940138295E-003
  0.692160000000000       8.956496856716963E-003
  0.692240000000000       8.956667717915930E-003
  0.692320000000000       8.956838523493611E-003
  0.692400000000000       8.957009273933177E-003
  0.692480000000000       8.957179968566716E-003
  0.692560000000000       8.957350608346355E-003
  0.692640000000000       8.957521191950486E-003
  0.692720000000000       8.957691720558610E-003
  0.692800000000000       8.957862193445972E-003
  0.692880000000000       8.958032610797313E-003
  0.692960000000000       8.958202972982117E-003
  0.693040000000000       8.958373279460370E-003
  0.693120000000000       8.958543530516290E-003
  0.693200000000000       8.958713726164087E-003
  0.693280000000000       8.958883866574292E-003
  0.693360000000000       8.959053950922675E-003
  0.693440000000000       8.959223980289262E-003
  0.693520000000000       8.959393954006141E-003
  0.693600000000000       8.959563871888572E-003
  0.693680000000000       8.959733734931315E-003
  0.693760000000000       8.959903542153820E-003
  0.693840000000000       8.960073293868727E-003
  0.693920000000000       8.960242990218144E-003
  0.694000000000000       8.960412630974697E-003
  0.694080000000000       8.960582216152597E-003
  0.694160000000000       8.960751746064484E-003
  0.694240000000000       8.960921220255609E-003
  0.694320000000000       8.961090638995979E-003
  0.694400000000000       8.961260002285594E-003
  0.694480000000000       8.961429310110243E-003
  0.694560000000000       8.961598562498348E-003
  0.694640000000000       8.961767759165691E-003
  0.694720000000000       8.961936900396490E-003
  0.694800000000000       8.962105986176534E-003
  0.694880000000000       8.962275016477401E-003
  0.694960000000000       8.962443991256459E-003
  0.695040000000000       8.962612910300545E-003
  0.695120000000000       8.962781774021773E-003
  0.695200000000000       8.962950582292246E-003
  0.695280000000000       8.963119334827747E-003
  0.695360000000000       8.963288031983548E-003
  0.695440000000000       8.963456673475430E-003
  0.695520000000000       8.963625259843407E-003
  0.695600000000000       8.963793790334303E-003
  0.695680000000000       8.963962265672872E-003
  0.695760000000000       8.964130684793299E-003
  0.695840000000000       8.964299048818243E-003
  0.695920000000000       8.964467357292956E-003
  0.696000000000000       8.964635610245859E-003
  0.696080000000000       8.964803807691164E-003
  0.696160000000000       8.964971949515184E-003
  0.696240000000000       8.965140035987924E-003
  0.696320000000000       8.965308066711482E-003
  0.696400000000000       8.965476041714278E-003
  0.696480000000000       8.965643961607379E-003
  0.696560000000000       8.965811825623400E-003
  0.696640000000000       8.965979634217087E-003
  0.696720000000000       8.966147387203700E-003
  0.696800000000000       8.966315084824823E-003
  0.696880000000000       8.966482726682552E-003
  0.696960000000000       8.966650313174791E-003
  0.697040000000000       8.966817843889426E-003
  0.697120000000000       8.966985319124883E-003
  0.697200000000000       8.967152738810109E-003
  0.697280000000000       8.967320103115635E-003
  0.697360000000000       8.967487411615134E-003
  0.697440000000000       8.967654664862830E-003
  0.697520000000000       8.967821862091337E-003
  0.697600000000000       8.967989004167516E-003
  0.697680000000000       8.968156090352404E-003
  0.697760000000000       8.968323121285489E-003
  0.697840000000000       8.968490096369915E-003
  0.697920000000000       8.968657016103061E-003
  0.698000000000000       8.968823879973338E-003
  0.698080000000000       8.968990688435492E-003
  0.698160000000000       8.969157441432681E-003
  0.698240000000000       8.969324138709107E-003
  0.698320000000000       8.969490780534779E-003
  0.698400000000000       8.969657366696533E-003
  0.698480000000000       8.969823897222791E-003
  0.698560000000000       8.969990372028287E-003
  0.698640000000000       8.970156791397239E-003
  0.698720000000000       8.970323155372280E-003
  0.698800000000000       8.970489463640770E-003
  0.698880000000000       8.970655715961125E-003
  0.698960000000000       8.970821913214418E-003
  0.699040000000000       8.970988054590630E-003
  0.699120000000000       8.971154140516087E-003
  0.699200000000000       8.971320170635518E-003
  0.699280000000000       8.971486145289982E-003
  0.699360000000000       8.971652064138420E-003
  0.699440000000000       8.971817927720845E-003
  0.699520000000000       8.971983735738827E-003
  0.699600000000000       8.972149487780252E-003
  0.699680000000000       8.972315184427766E-003
  0.699760000000000       8.972480825482416E-003
  0.699840000000000       8.972646410844727E-003
  0.699920000000000       8.972811940500487E-003
  0.700000000000000       8.972977414691281E-003
  0.700080000000000       8.973142833402899E-003
  0.700160000000000       8.973308196294279E-003
  0.700240000000000       8.973473503621217E-003
  0.700320000000000       8.973638755042652E-003
  0.700400000000000       8.973803951198074E-003
  0.700480000000000       8.973969091590102E-003
  0.700560000000000       8.974134176332423E-003
  0.700640000000000       8.974299205709253E-003
  0.700720000000000       8.974464178995840E-003
  0.700800000000000       8.974629097087468E-003
  0.700880000000000       8.974793959330436E-003
  0.700960000000000       8.974958766065806E-003
  0.701040000000000       8.975123516980939E-003
  0.701120000000000       8.975288212502160E-003
  0.701200000000000       8.975452852174721E-003
  0.701280000000000       8.975617436027046E-003
  0.701360000000000       8.975781964442826E-003
  0.701440000000000       8.975946437436273E-003
  0.701520000000000       8.976110854566850E-003
  0.701600000000000       8.976275216431413E-003
  0.701680000000000       8.976439522092046E-003
  0.701760000000000       8.976603772372978E-003
  0.701840000000000       8.976767966947359E-003
  0.701920000000000       8.976932105587816E-003
  0.702000000000000       8.977096188948049E-003
  0.702080000000000       8.977260216502254E-003
  0.702160000000000       8.977424188762025E-003
  0.702240000000000       8.977588104761021E-003
  0.702320000000000       8.977751965451371E-003
  0.702400000000000       8.977915770520435E-003
  0.702480000000000       8.978079519811895E-003
  0.702560000000000       8.978243213581545E-003
  0.702640000000000       8.978406851232530E-003
  0.702720000000000       8.978570433631712E-003
  0.702800000000000       8.978733960310133E-003
  0.702880000000000       8.978897431125683E-003
  0.702960000000000       8.979060846533111E-003
  0.703040000000000       8.979224206233989E-003
  0.703120000000000       8.979387510185684E-003
  0.703200000000000       8.979550758189243E-003
  0.703280000000000       8.979713950827313E-003
  0.703360000000000       8.979877087900941E-003
  0.703440000000000       8.980040169069066E-003
  0.703520000000000       8.980203194516430E-003
  0.703600000000000       8.980366164029870E-003
  0.703680000000000       8.980529078348350E-003
  0.703760000000000       8.980691937017123E-003
  0.703840000000000       8.980854739780393E-003
  0.703920000000000       8.981017486652372E-003
  0.704000000000000       8.981180178315180E-003
  0.704080000000000       8.981342813873534E-003
  0.704160000000000       8.981505393938501E-003
  0.704240000000000       8.981667918097964E-003
  0.704320000000000       8.981830386536667E-003
  0.704400000000000       8.981992799439349E-003
  0.704480000000000       8.982155156791800E-003
  0.704560000000000       8.982317458167695E-003
  0.704640000000000       8.982479704135467E-003
  0.704720000000000       8.982641893956152E-003
  0.704800000000000       8.982804028382925E-003
  0.704880000000000       8.982966107046304E-003
  0.704960000000000       8.983128130187874E-003
  0.705040000000000       8.983290097182357E-003
  0.705120000000000       8.983452008726085E-003
  0.705200000000000       8.983613864378522E-003
  0.705280000000000       8.983775664551781E-003
  0.705360000000000       8.983937408947436E-003
  0.705440000000000       8.984099097593908E-003
  0.705520000000000       8.984260730249612E-003
  0.705600000000000       8.984422307582458E-003
  0.705680000000000       8.984583829080857E-003
  0.705760000000000       8.984745294673753E-003
  0.705840000000000       8.984906704673785E-003
  0.705920000000000       8.985068059024111E-003
  0.706000000000000       8.985229357568410E-003
  0.706080000000000       8.985390600121941E-003
  0.706160000000000       8.985551787352615E-003
  0.706240000000000       8.985712918691997E-003
  0.706320000000000       8.985873994381673E-003
  0.706400000000000       8.986035014080580E-003
  0.706480000000000       8.986195978016094E-003
  0.706560000000000       8.986356886344533E-003
  0.706640000000000       8.986517739151163E-003
  0.706720000000000       8.986678535952815E-003
  0.706800000000000       8.986839277033705E-003
  0.706880000000000       8.986999962450677E-003
  0.706960000000000       8.987160591919514E-003
  0.707040000000000       8.987321165781277E-003
  0.707120000000000       8.987481683780170E-003
  0.707200000000000       8.987642146171988E-003
  0.707280000000000       8.987802553027786E-003
  0.707360000000000       8.987962903509124E-003
  0.707440000000000       8.988123198767080E-003
  0.707520000000000       8.988283437963214E-003
  0.707600000000000       8.988443621481219E-003
  0.707680000000000       8.988603749207409E-003
  0.707760000000000       8.988763821354946E-003
  0.707840000000000       8.988923837540137E-003
  0.707920000000000       8.989083797961935E-003
  0.708000000000000       8.989243702805079E-003
  0.708080000000000       8.989403551742721E-003
  0.708160000000000       8.989563344902758E-003
  0.708240000000000       8.989723082384667E-003
  0.708320000000000       8.989882763747910E-003
  0.708400000000000       8.990042389475657E-003
  0.708480000000000       8.990201959511064E-003
  0.708560000000000       8.990361473925186E-003
  0.708640000000000       8.990520932334330E-003
  0.708720000000000       8.990680334937447E-003
  0.708800000000000       8.990839681862435E-003
  0.708880000000000       8.990998973095084E-003
  0.708960000000000       8.991158208223278E-003
  0.709040000000000       8.991317387985982E-003
  0.709120000000000       8.991476511516334E-003
  0.709200000000000       8.991635579468034E-003
  0.709280000000000       8.991794591784237E-003
  0.709360000000000       8.991953548095462E-003
  0.709440000000000       8.992112448671714E-003
  0.709520000000000       8.992271293342464E-003
  0.709600000000000       8.992430082121923E-003
  0.709680000000000       8.992588815365361E-003
  0.709760000000000       8.992747492674875E-003
  0.709840000000000       8.992906114277839E-003
  0.709920000000000       8.993064679989511E-003
  0.710000000000000       8.993223189838313E-003
  0.710080000000000       8.993381644136884E-003
  0.710160000000000       8.993540042387844E-003
  0.710240000000000       8.993698384775935E-003
  0.710320000000000       8.993856671556950E-003
  0.710400000000000       8.994014902418253E-003
  0.710480000000000       8.994173077217733E-003
  0.710560000000000       8.994331196523826E-003
  0.710640000000000       8.994489259952838E-003
  0.710720000000000       8.994647267575824E-003
  0.710800000000000       8.994805219165410E-003
  0.710880000000000       8.994963115304240E-003
  0.710960000000000       8.995120955224929E-003
  0.711040000000000       8.995278739552755E-003
  0.711120000000000       8.995436467904024E-003
  0.711200000000000       8.995594140534531E-003
  0.711280000000000       8.995751757415855E-003
  0.711360000000000       8.995909318135882E-003
  0.711440000000000       8.996066823120936E-003
  0.711520000000000       8.996224272527338E-003
  0.711600000000000       8.996381666014026E-003
  0.711680000000000       8.996539003410471E-003
  0.711760000000000       8.996696285398793E-003
  0.711840000000000       8.996853511225818E-003
  0.711920000000000       8.997010681346292E-003
  0.712000000000000       8.997167795348100E-003
  0.712080000000000       8.997324853742834E-003
  0.712160000000000       8.997481856516283E-003
  0.712240000000000       8.997638802815795E-003
  0.712320000000000       8.997795693792450E-003
  0.712400000000000       8.997952528707283E-003
  0.712480000000000       8.998109307759246E-003
  0.712560000000000       8.998266031019393E-003
  0.712640000000000       8.998422698558779E-003
  0.712720000000000       8.998579309837391E-003
  0.712800000000000       8.998735865452086E-003
  0.712880000000000       8.998892365303386E-003
  0.712960000000000       8.999048809277606E-003
  0.713040000000000       8.999205197232636E-003
  0.713120000000000       8.999361529481116E-003
  0.713200000000000       8.999517805923569E-003
  0.713280000000000       8.999674026389466E-003
  0.713360000000000       8.999830190793541E-003
  0.713440000000000       8.999986299462644E-003
  0.713520000000000       9.000142352510461E-003
  0.713600000000000       9.000298349382770E-003
  0.713680000000000       9.000454290576949E-003
  0.713760000000000       9.000610175552988E-003
  0.713840000000000       9.000766005092482E-003
  0.713920000000000       9.000921778413835E-003
  0.714000000000000       9.001077495943373E-003
  0.714080000000000       9.001233157553197E-003
  0.714160000000000       9.001388763484892E-003
  0.714240000000000       9.001544313283712E-003
  0.714320000000000       9.001699807304926E-003
  0.714400000000000       9.001855245349584E-003
  0.714480000000000       9.002010627531372E-003
  0.714560000000000       9.002165954077664E-003
  0.714640000000000       9.002321224519501E-003
  0.714720000000000       9.002476438771619E-003
  0.714800000000000       9.002631597359818E-003
  0.714880000000000       9.002786700411998E-003
  0.714960000000000       9.002941746990241E-003
  0.715040000000000       9.003096738060885E-003
  0.715120000000000       9.003251672970232E-003
  0.715200000000000       9.003406552329347E-003
  0.715280000000000       9.003561375484533E-003
  0.715360000000000       9.003716142634739E-003
  0.715440000000000       9.003870854106817E-003
  0.715520000000000       9.004025509687603E-003
  0.715600000000000       9.004180109234990E-003
  0.715680000000000       9.004334652862662E-003
  0.715760000000000       9.004489140726941E-003
  0.715840000000000       9.004643572373079E-003
  0.715920000000000       9.004797948426353E-003
  0.716000000000000       9.004952268389384E-003
  0.716080000000000       9.005106532546388E-003
  0.716160000000000       9.005260740698413E-003
  0.716240000000000       9.005414892802828E-003
  0.716320000000000       9.005568989143849E-003
  0.716400000000000       9.005723029607789E-003
  0.716480000000000       9.005877013995696E-003
  0.716560000000000       9.006030942691264E-003
  0.716640000000000       9.006184815168690E-003
  0.716720000000000       9.006338631911144E-003
  0.716800000000000       9.006492392563355E-003
  0.716880000000000       9.006646097281641E-003
  0.716960000000000       9.006799746165479E-003
  0.717040000000000       9.006953338873809E-003
  0.717120000000000       9.007106876074540E-003
  0.717200000000000       9.007260356772913E-003
  0.717280000000000       9.007413782148428E-003
  0.717360000000000       9.007567151078429E-003
  0.717440000000000       9.007720464301879E-003
  0.717520000000000       9.007873721605615E-003
  0.717600000000000       9.008026922961217E-003
  0.717680000000000       9.008180068254996E-003
  0.717760000000000       9.008333157700117E-003
  0.717840000000000       9.008486191083416E-003
  0.717920000000000       9.008639168603845E-003
  0.718000000000000       9.008792090076663E-003
  0.718080000000000       9.008944955700822E-003
  0.718160000000000       9.009097765177894E-003
  0.718240000000000       9.009250518948415E-003
  0.718320000000000       9.009403216912910E-003
  0.718400000000000       9.009555858232939E-003
  0.718480000000000       9.009708444258531E-003
  0.718560000000000       9.009860974065982E-003
  0.718640000000000       9.010013447797401E-003
  0.718720000000000       9.010165865836479E-003
  0.718800000000000       9.010318227387411E-003
  0.718880000000000       9.010470533416533E-003
  0.718960000000000       9.010622783326989E-003
  0.719040000000000       9.010774977474052E-003
  0.719120000000000       9.010927115246654E-003
  0.719200000000000       9.011079197582712E-003
  0.719280000000000       9.011231223245882E-003
  0.719360000000000       9.011383193586193E-003
  0.719440000000000       9.011535107623099E-003
  0.719520000000000       9.011686965853978E-003
  0.719600000000000       9.011838767767240E-003
  0.719680000000000       9.011990514030795E-003
  0.719760000000000       9.012142204033576E-003
  0.719840000000000       9.012293838272963E-003
  0.719920000000000       9.012445416748956E-003
  0.720000000000000       9.012596938694169E-003
  0.720080000000000       9.012748404790723E-003
  0.720160000000000       9.012899814995985E-003
  0.720240000000000       9.013051169324167E-003
  0.720320000000000       9.013202467334731E-003
  0.720400000000000       9.013353709695589E-003
  0.720480000000000       9.013504895852516E-003
  0.720560000000000       9.013656026032886E-003
  0.720640000000000       9.013807100336176E-003
  0.720720000000000       9.013958118236583E-003
  0.720800000000000       9.014109080771500E-003
  0.720880000000000       9.014259986960378E-003
  0.720960000000000       9.014410837073224E-003
  0.721040000000000       9.014561631024771E-003
  0.721120000000000       9.014712369212925E-003
  0.721200000000000       9.014863051410311E-003
  0.721280000000000       9.015013677602719E-003
  0.721360000000000       9.015164247903835E-003
  0.721440000000000       9.015314761787858E-003
  0.721520000000000       9.015465219880066E-003
  0.721600000000000       9.015615621953084E-003
  0.721680000000000       9.015765967964280E-003
  0.721760000000000       9.015916258197872E-003
  0.721840000000000       9.016066491900683E-003
  0.721920000000000       9.016216670067474E-003
  0.722000000000000       9.016366791902437E-003
  0.722080000000000       9.016516857959796E-003
  0.722160000000000       9.016666867756380E-003
  0.722240000000000       9.016816821647462E-003
  0.722320000000000       9.016966719519355E-003
  0.722400000000000       9.017116561329426E-003
  0.722480000000000       9.017266347290838E-003
  0.722560000000000       9.017416076806735E-003
  0.722640000000000       9.017565750346075E-003
  0.722720000000000       9.017715368178865E-003
  0.722800000000000       9.017864929523507E-003
  0.722880000000000       9.018014435289497E-003
  0.722960000000000       9.018163884780502E-003
  0.723040000000000       9.018313278337582E-003
  0.723120000000000       9.018462615790208E-003
  0.723200000000000       9.018611896996272E-003
  0.723280000000000       9.018761122467363E-003
  0.723360000000000       9.018910291919265E-003
  0.723440000000000       9.019059405138814E-003
  0.723520000000000       9.019208462282331E-003
  0.723600000000000       9.019357463364026E-003
  0.723680000000000       9.019506408355478E-003
  0.723760000000000       9.019655297583536E-003
  0.723840000000000       9.019804130522398E-003
  0.723920000000000       9.019952907257330E-003
  0.724000000000000       9.020101628214656E-003
  0.724080000000000       9.020250293138583E-003
  0.724160000000000       9.020398901958056E-003
  0.724240000000000       9.020547454644652E-003
  0.724320000000000       9.020695951042053E-003
  0.724400000000000       9.020844391789747E-003
  0.724480000000000       9.020992776106136E-003
  0.724560000000000       9.021141104602289E-003
  0.724640000000000       9.021289376851878E-003
  0.724720000000000       9.021437593082278E-003
  0.724800000000000       9.021585753108748E-003
  0.724880000000000       9.021733857158661E-003
  0.724960000000000       9.021881905303071E-003
  0.725040000000000       9.022029897243551E-003
  0.725120000000000       9.022177833179053E-003
  0.725200000000000       9.022325713024311E-003
  0.725280000000000       9.022473536637217E-003
  0.725360000000000       9.022621304330410E-003
  0.725440000000000       9.022769015819672E-003
  0.725520000000000       9.022916671147636E-003
  0.725600000000000       9.023064270570098E-003
  0.725680000000000       9.023211813689154E-003
  0.725760000000000       9.023359300931129E-003
  0.725840000000000       9.023506732480764E-003
  0.725920000000000       9.023654107073294E-003
  0.726000000000000       9.023801426087170E-003
  0.726080000000000       9.023948688939749E-003
  0.726160000000000       9.024095895403657E-003
  0.726240000000000       9.024243046246279E-003
  0.726320000000000       9.024390140842338E-003
  0.726400000000000       9.024537179220256E-003
  0.726480000000000       9.024684161678460E-003
  0.726560000000000       9.024831087747993E-003
  0.726640000000000       9.024977957812548E-003
  0.726720000000000       9.025124771886335E-003
  0.726800000000000       9.025271529756192E-003
  0.726880000000000       9.025418231436329E-003
  0.726960000000000       9.025564877296229E-003
  0.727040000000000       9.025711466724824E-003
  0.727120000000000       9.025858000276339E-003
  0.727200000000000       9.026004477567080E-003
  0.727280000000000       9.026150898810210E-003
  0.727360000000000       9.026297263749934E-003
  0.727440000000000       9.026443572912053E-003
  0.727520000000000       9.026589825514970E-003
  0.727600000000000       9.026736022397126E-003
  0.727680000000000       9.026882163061141E-003
  0.727760000000000       9.027028247549647E-003
  0.727840000000000       9.027174275876855E-003
  0.727920000000000       9.027320247971711E-003
  0.728000000000000       9.027466164317384E-003
  0.728080000000000       9.027612024274385E-003
  0.728160000000000       9.027757828226408E-003
  0.728240000000000       9.027903576002923E-003
  0.728320000000000       9.028049267390766E-003
  0.728400000000000       9.028194902887317E-003
  0.728480000000000       9.028340482350468E-003
  0.728560000000000       9.028486005595478E-003
  0.728640000000000       9.028631472380762E-003
  0.728720000000000       9.028776883530550E-003
  0.728800000000000       9.028922238305877E-003
  0.728880000000000       9.029067536891484E-003
  0.728960000000000       9.029212779457903E-003
  0.729040000000000       9.029357965735126E-003
  0.729120000000000       9.029503095879472E-003
  0.729200000000000       9.029648170004630E-003
  0.729280000000000       9.029793187982700E-003
  0.729360000000000       9.029938149614732E-003
  0.729440000000000       9.030083055383893E-003
  0.729520000000000       9.030227904892281E-003
  0.729600000000000       9.030372697884100E-003
  0.729680000000000       9.030517434998837E-003
  0.729760000000000       9.030662116179651E-003
  0.729840000000000       9.030806740957582E-003
  0.729920000000000       9.030951309432107E-003
  0.730000000000000       9.031095822086395E-003
  0.730080000000000       9.031240278252535E-003
  0.730160000000000       9.031384678612649E-003
  0.730240000000000       9.031529022797254E-003
  0.730320000000000       9.031673310536344E-003
  0.730400000000000       9.031817542199401E-003
  0.730480000000000       9.031961717814847E-003
  0.730560000000000       9.032105837098466E-003
  0.730640000000000       9.032249900121310E-003
  0.730720000000000       9.032393907338128E-003
  0.730800000000000       9.032537857896268E-003
  0.730880000000000       9.032681753003653E-003
  0.730960000000000       9.032825591125511E-003
  0.731040000000000       9.032969373512396E-003
  0.731120000000000       9.033113099837460E-003
  0.731200000000000       9.033256769660165E-003
  0.731280000000000       9.033400383435260E-003
  0.731360000000000       9.033543940978002E-003
  0.731440000000000       9.033687442416290E-003
  0.731520000000000       9.033830887494328E-003
  0.731600000000000       9.033974276610020E-003
  0.731680000000000       9.034117609422306E-003
  0.731760000000000       9.034260886172769E-003
  0.731840000000000       9.034404106733514E-003
  0.731920000000000       9.034547270763478E-003
  0.732000000000000       9.034690379072681E-003
  0.732080000000000       9.034833430979002E-003
  0.732160000000000       9.034976426539283E-003
  0.732240000000000       9.035119366094586E-003
  0.732320000000000       9.035262249445959E-003
  0.732400000000000       9.035405076152865E-003
  0.732480000000000       9.035547847508492E-003
  0.732560000000000       9.035690562248073E-003
  0.732640000000000       9.035833220584773E-003
  0.732720000000000       9.035975822873861E-003
  0.732800000000000       9.036118368802699E-003
  0.732880000000000       9.036260858797614E-003
  0.732960000000000       9.036403292588598E-003
  0.733040000000000       9.036545670133019E-003
  0.733120000000000       9.036687991246135E-003
  0.733200000000000       9.036830256212165E-003
  0.733280000000000       9.036972464889000E-003
  0.733360000000000       9.037114617774018E-003
  0.733440000000000       9.037256714071414E-003
  0.733520000000000       9.037398754207511E-003
  0.733600000000000       9.037540738281787E-003
  0.733680000000000       9.037682665924758E-003
  0.733760000000000       9.037824537491697E-003
  0.733840000000000       9.037966352954181E-003
  0.733920000000000       9.038108111701144E-003
  0.734000000000000       9.038249814713135E-003
  0.734080000000000       9.038391461194346E-003
  0.734160000000000       9.038533051784266E-003
  0.734240000000000       9.038674585900248E-003
  0.734320000000000       9.038816063897566E-003
  0.734400000000000       9.038957485577266E-003
  0.734480000000000       9.039098851124090E-003
  0.734560000000000       9.039240160310665E-003
  0.734640000000000       9.039381413321730E-003
  0.734720000000000       9.039522610128865E-003
  0.734800000000000       9.039663750746281E-003
  0.734880000000000       9.039804835060290E-003
  0.734960000000000       9.039945863014050E-003
  0.735040000000000       9.040086834735457E-003
  0.735120000000000       9.040227750409253E-003
  0.735200000000000       9.040368609808065E-003
  0.735280000000000       9.040509413031368E-003
  0.735360000000000       9.040650159652837E-003
  0.735440000000000       9.040790850311960E-003
  0.735520000000000       9.040931484582411E-003
  0.735600000000000       9.041072062791040E-003
  0.735680000000000       9.041212584554155E-003
  0.735760000000000       9.041353050028074E-003
  0.735840000000000       9.041493459397539E-003
  0.735920000000000       9.041633812563073E-003
  0.736000000000000       9.041774109510466E-003
  0.736080000000000       9.041914349898657E-003
  0.736160000000000       9.042054534296080E-003
  0.736240000000000       9.042194662205356E-003
  0.736320000000000       9.042334734194919E-003
  0.736400000000000       9.042474749838443E-003
  0.736480000000000       9.042614709206982E-003
  0.736560000000000       9.042754612158428E-003
  0.736640000000000       9.042894458706992E-003
  0.736720000000000       9.043034249179523E-003
  0.736800000000000       9.043173983234960E-003
  0.736880000000000       9.043313661313841E-003
  0.736960000000000       9.043453282947207E-003
  0.737040000000000       9.043592848504541E-003
  0.737120000000000       9.043732357730046E-003
  0.737200000000000       9.043871810410560E-003
  0.737280000000000       9.044011207071885E-003
  0.737360000000000       9.044150547316117E-003
  0.737440000000000       9.044289831228521E-003
  0.737520000000000       9.044429058894361E-003
  0.737600000000000       9.044568230555224E-003
  0.737680000000000       9.044707345600041E-003
  0.737760000000000       9.044846404554614E-003
  0.737840000000000       9.044985407234203E-003
  0.737920000000000       9.045124353581964E-003
  0.738000000000000       9.045263243640529E-003
  0.738080000000000       9.045402077267790E-003
  0.738160000000000       9.045540854762175E-003
  0.738240000000000       9.045679575811046E-003
  0.738320000000000       9.045818240940202E-003
  0.738400000000000       9.045956849467525E-003
  0.738480000000000       9.046095401833550E-003
  0.738560000000000       9.046233897683005E-003
  0.738640000000000       9.046372337584326E-003
  0.738720000000000       9.046510720841179E-003
  0.738800000000000       9.046649048164108E-003
  0.738880000000000       9.046787318700462E-003
  0.738960000000000       9.046925533430790E-003
  0.739040000000000       9.047063691601916E-003
  0.739120000000000       9.047201793498057E-003
  0.739200000000000       9.047339839033948E-003
  0.739280000000000       9.047477828422752E-003
  0.739360000000000       9.047615761238144E-003
  0.739440000000000       9.047753637934870E-003
  0.739520000000000       9.047891458385034E-003
  0.739600000000000       9.048029222290206E-003
  0.739680000000000       9.048166930076713E-003
  0.739760000000000       9.048304581502971E-003
  0.739840000000000       9.048442176625822E-003
  0.739920000000000       9.048579715260525E-003
