  0.660000000000000       1.586390905060717E-002
  0.660080000000000       1.586602464068541E-002
  0.660160000000000       1.586814028055848E-002
  0.660240000000000       1.587025597024059E-002
  0.660320000000000       1.587237170978859E-002
  0.660400000000000       1.587448749886142E-002
  0.660480000000000       1.587660333848227E-002
  0.660560000000000       1.587871922755688E-002
  0.660640000000000       1.588083516651160E-002
  0.660720000000000       1.588295115493430E-002
  0.660800000000000       1.588506719353553E-002
  0.660880000000000       1.588718328147685E-002
  0.660960000000000       1.588929941905668E-002
  0.661040000000000       1.589141560699978E-002
  0.661120000000000       1.589353184355822E-002
  0.661200000000000       1.589564813062203E-002
  0.661280000000000       1.589776446713962E-002
  0.661360000000000       1.589988085289782E-002
  0.661440000000000       1.590199728860717E-002
  0.661520000000000       1.590411377381293E-002
  0.661600000000000       1.590623030847247E-002
  0.661680000000000       1.590834689278473E-002
  0.661760000000000       1.591046352653656E-002
  0.661840000000000       1.591258020985584E-002
  0.661920000000000       1.591469694254364E-002
  0.662000000000000       1.591681372457152E-002
  0.662080000000000       1.591893055612423E-002
  0.662160000000000       1.592104743741494E-002
  0.662240000000000       1.592316436746308E-002
  0.662320000000000       1.592528134736291E-002
  0.662400000000000       1.592739837641808E-002
  0.662480000000000       1.592951545478492E-002
  0.662560000000000       1.593163258246342E-002
  0.662640000000000       1.593374975969517E-002
  0.662720000000000       1.593586698576963E-002
  0.662800000000000       1.593798426138313E-002
  0.662880000000000       1.594010158595303E-002
  0.662960000000000       1.594221895963564E-002
  0.663040000000000       1.594433638289992E-002
  0.663120000000000       1.594645385547586E-002
  0.663200000000000       1.594857137705084E-002
  0.663280000000000       1.595068894752536E-002
  0.663360000000000       1.595280656721208E-002
  0.663440000000000       1.595492423574150E-002
  0.663520000000000       1.595704195355416E-002
  0.663600000000000       1.595915972049376E-002
  0.663680000000000       1.596127753646080E-002
  0.663760000000000       1.596339540141265E-002
  0.663840000000000       1.596551331527827E-002
  0.663920000000000       1.596763127805765E-002
  0.664000000000000       1.596974928997816E-002
  0.664080000000000       1.597186735030085E-002
  0.664160000000000       1.597398545989257E-002
  0.664240000000000       1.597610361868227E-002
  0.664320000000000       1.597822182588835E-002
  0.664400000000000       1.598034008219294E-002
  0.664480000000000       1.598245838709864E-002
  0.664560000000000       1.598457674084706E-002
  0.664640000000000       1.598669514356608E-002
  0.664720000000000       1.598881359495728E-002
  0.664800000000000       1.599093209479328E-002
  0.664880000000000       1.599305064379884E-002
  0.664960000000000       1.599516924140552E-002
  0.665040000000000       1.599728788767017E-002
  0.665120000000000       1.599940658253594E-002
  0.665200000000000       1.600152532594599E-002
  0.665280000000000       1.600364411812769E-002
  0.665360000000000       1.600576295888210E-002
  0.665440000000000       1.600788184823763E-002
  0.665520000000000       1.601000078606638E-002
  0.665600000000000       1.601211977253889E-002
  0.665680000000000       1.601423880752726E-002
  0.665760000000000       1.601635789084675E-002
  0.665840000000000       1.601847702275314E-002
  0.665920000000000       1.602059620299066E-002
  0.666000000000000       1.602271543211351E-002
  0.666080000000000       1.602483470925484E-002
  0.666160000000000       1.602695403488361E-002
  0.666240000000000       1.602907340885771E-002
  0.666320000000000       1.603119283127661E-002
  0.666400000000000       1.603331230208347E-002
  0.666480000000000       1.603543182080933E-002
  0.666560000000000       1.603755138852001E-002
  0.666640000000000       1.603967100417811E-002
  0.666720000000000       1.604179066781206E-002
  0.666800000000000       1.604391037999029E-002
  0.666880000000000       1.604603014024384E-002
  0.666960000000000       1.604814994878587E-002
  0.667040000000000       1.605026980534639E-002
  0.667120000000000       1.605238971033749E-002
  0.667200000000000       1.605450966344655E-002
  0.667280000000000       1.605662966450303E-002
  0.667360000000000       1.605874971345009E-002
  0.667440000000000       1.606086981096986E-002
  0.667520000000000       1.606298995652231E-002
  0.667600000000000       1.606511014993692E-002
  0.667680000000000       1.606723039107159E-002
  0.667760000000000       1.606935068042368E-002
  0.667840000000000       1.607147101790794E-002
  0.667920000000000       1.607359140339646E-002
  0.668000000000000       1.607571183651977E-002
  0.668080000000000       1.607783231784630E-002
  0.668160000000000       1.607995284689288E-002
  0.668240000000000       1.608207342358845E-002
  0.668320000000000       1.608419404867199E-002
  0.668400000000000       1.608631472134767E-002
  0.668480000000000       1.608843544167236E-002
  0.668560000000000       1.609055621010078E-002
  0.668640000000000       1.609267702579451E-002
  0.668720000000000       1.609479788997568E-002
  0.668800000000000       1.609691880143636E-002
  0.668880000000000       1.609903976070235E-002
  0.668960000000000       1.610116076741839E-002
  0.669040000000000       1.610328182203922E-002
  0.669120000000000       1.610540292449378E-002
  0.669200000000000       1.610752407436997E-002
  0.669280000000000       1.610964527183831E-002
  0.669360000000000       1.611176651708355E-002
  0.669440000000000       1.611388780965093E-002
  0.669520000000000       1.611600914995257E-002
  0.669600000000000       1.611813053749109E-002
  0.669680000000000       1.612025197273546E-002
  0.669760000000000       1.612237345550092E-002
  0.669840000000000       1.612449498580169E-002
  0.669920000000000       1.612661656356671E-002
  0.670000000000000       1.612873818852598E-002
  0.670080000000000       1.613085986124794E-002
  0.670160000000000       1.613298158122099E-002
  0.670240000000000       1.613510334834565E-002
  0.670320000000000       1.613722516310510E-002
  0.670400000000000       1.613934702488826E-002
  0.670480000000000       1.614146893433464E-002
  0.670560000000000       1.614359089081894E-002
  0.670640000000000       1.614571289434117E-002
  0.670720000000000       1.614783494561187E-002
  0.670800000000000       1.614995704423314E-002
  0.670880000000000       1.615207918959392E-002
  0.670960000000000       1.615420138233368E-002
  0.671040000000000       1.615632362225348E-002
  0.671120000000000       1.615844590935332E-002
  0.671200000000000       1.616056824346266E-002
  0.671280000000000       1.616269062490836E-002
  0.671360000000000       1.616481305307935E-002
  0.671440000000000       1.616693552875723E-002
  0.671520000000000       1.616905805118882E-002
  0.671600000000000       1.617118062047360E-002
  0.671680000000000       1.617330323716579E-002
  0.671760000000000       1.617542590072538E-002
  0.671840000000000       1.617754861108132E-002
  0.671920000000000       1.617967136850360E-002
  0.672000000000000       1.618179417289276E-002
  0.672080000000000       1.618391702403563E-002
  0.672160000000000       1.618603992231591E-002
  0.672240000000000       1.618816286727884E-002
  0.672320000000000       1.619028585920865E-002
  0.672400000000000       1.619240889793481E-002
  0.672480000000000       1.619453198335783E-002
  0.672560000000000       1.619665511569088E-002
  0.672640000000000       1.619877829456449E-002
  0.672720000000000       1.620090152054707E-002
  0.672800000000000       1.620302479280020E-002
  0.672880000000000       1.620514811224758E-002
  0.672960000000000       1.620727147816445E-002
  0.673040000000000       1.620939489066451E-002
  0.673120000000000       1.621151834980459E-002
  0.673200000000000       1.621364185574101E-002
  0.673280000000000       1.621576540830325E-002
  0.673360000000000       1.621788900710761E-002
  0.673440000000000       1.622001265248094E-002
  0.673520000000000       1.622213634487799E-002
  0.673600000000000       1.622426008361664E-002
  0.673680000000000       1.622638386849793E-002
  0.673760000000000       1.622850770011872E-002
  0.673840000000000       1.623063157828007E-002
  0.673920000000000       1.623275550279722E-002
  0.674000000000000       1.623487947381228E-002
  0.674080000000000       1.623700349108368E-002
  0.674160000000000       1.623912755508037E-002
  0.674240000000000       1.624125166499233E-002
  0.674320000000000       1.624337582151589E-002
  0.674400000000000       1.624550002418210E-002
  0.674480000000000       1.624762427330360E-002
  0.674560000000000       1.624974856883774E-002
  0.674640000000000       1.625187291018768E-002
  0.674720000000000       1.625399729795027E-002
  0.674800000000000       1.625612173205446E-002
  0.674880000000000       1.625824621215919E-002
  0.674960000000000       1.626037073883289E-002
  0.675040000000000       1.626249531140764E-002
  0.675120000000000       1.626461993025295E-002
  0.675200000000000       1.626674459475772E-002
  0.675280000000000       1.626886930590252E-002
  0.675360000000000       1.627099406307628E-002
  0.675440000000000       1.627311886600900E-002
  0.675520000000000       1.627524371511278E-002
  0.675600000000000       1.627736861058657E-002
  0.675680000000000       1.627949355143563E-002
  0.675760000000000       1.628161853879682E-002
  0.675840000000000       1.628374357151905E-002
  0.675920000000000       1.628586865071078E-002
  0.676000000000000       1.628799377556198E-002
  0.676080000000000       1.629011894662689E-002
  0.676160000000000       1.629224416298179E-002
  0.676240000000000       1.629436942555038E-002
  0.676320000000000       1.629649473387793E-002
  0.676400000000000       1.629862008827707E-002
  0.676480000000000       1.630074548829306E-002
  0.676560000000000       1.630287093372693E-002
  0.676640000000000       1.630499642543135E-002
  0.676720000000000       1.630712196279525E-002
  0.676800000000000       1.630924754581862E-002
  0.676880000000000       1.631137317431672E-002
  0.676960000000000       1.631349884898590E-002
  0.677040000000000       1.631562456870348E-002
  0.677120000000000       1.631775033450687E-002
  0.677200000000000       1.631987614561446E-002
  0.677280000000000       1.632200200212573E-002
  0.677360000000000       1.632412790472280E-002
  0.677440000000000       1.632625385252460E-002
  0.677520000000000       1.632837984622746E-002
  0.677600000000000       1.633050588531979E-002
  0.677680000000000       1.633263196984423E-002
  0.677760000000000       1.633475809975813E-002
  0.677840000000000       1.633688427493361E-002
  0.677920000000000       1.633901049592488E-002
  0.678000000000000       1.634113676226299E-002
  0.678080000000000       1.634326307369214E-002
  0.678160000000000       1.634538943086603E-002
  0.678240000000000       1.634751583310255E-002
  0.678320000000000       1.634964228104117E-002
  0.678400000000000       1.635176877388609E-002
  0.678480000000000       1.635389531200680E-002
  0.678560000000000       1.635602189546013E-002
  0.678640000000000       1.635814852420345E-002
  0.678720000000000       1.636027519800940E-002
  0.678800000000000       1.636240191750325E-002
  0.678880000000000       1.636452868196023E-002
  0.678960000000000       1.636665549152248E-002
  0.679040000000000       1.636878234627524E-002
  0.679120000000000       1.637090924611904E-002
  0.679200000000000       1.637303619102546E-002
  0.679280000000000       1.637516318098029E-002
  0.679360000000000       1.637729021605459E-002
  0.679440000000000       1.637941729640466E-002
  0.679520000000000       1.638154442131998E-002
  0.679600000000000       1.638367159166740E-002
  0.679680000000000       1.638579880689271E-002
  0.679760000000000       1.638792606713799E-002
  0.679840000000000       1.639005337207642E-002
  0.679920000000000       1.639218072216273E-002
  0.680000000000000       1.639430811688534E-002
  0.680080000000000       1.639643555704005E-002
  0.680160000000000       1.639856304134788E-002
  0.680240000000000       1.640069057101676E-002
  0.680320000000000       1.640281814547826E-002
  0.680400000000000       1.640494576422078E-002
  0.680480000000000       1.640707342822487E-002
  0.680560000000000       1.640920113670894E-002
  0.680640000000000       1.641132889011352E-002
  0.680720000000000       1.641345668835335E-002
  0.680800000000000       1.641558453088841E-002
  0.680880000000000       1.641771241869925E-002
  0.680960000000000       1.641984035074848E-002
  0.681040000000000       1.642196832768981E-002
  0.681120000000000       1.642409634879847E-002
  0.681200000000000       1.642622441496975E-002
  0.681280000000000       1.642835252545048E-002
  0.681360000000000       1.643048068063855E-002
  0.681440000000000       1.643260888007923E-002
  0.681520000000000       1.643473712452568E-002
  0.681600000000000       1.643686541332421E-002
  0.681680000000000       1.643899374654587E-002
  0.681760000000000       1.644112212386382E-002
  0.681840000000000       1.644325054607385E-002
  0.681920000000000       1.644537901243701E-002
  0.682000000000000       1.644750752352173E-002
  0.682080000000000       1.644963607866010E-002
  0.682160000000000       1.645176467826424E-002
  0.682240000000000       1.645389332230571E-002
  0.682320000000000       1.645602201048611E-002
  0.682400000000000       1.645815074297594E-002
  0.682480000000000       1.646027951984628E-002
  0.682560000000000       1.646240834084132E-002
  0.682640000000000       1.646453720611738E-002
  0.682720000000000       1.646666611598711E-002
  0.682800000000000       1.646879506948416E-002
  0.682880000000000       1.647092406757487E-002
  0.682960000000000       1.647305310930711E-002
  0.683040000000000       1.647518219591724E-002
  0.683120000000000       1.647731132585626E-002
  0.683200000000000       1.647944050003367E-002
  0.683280000000000       1.648156971874790E-002
  0.683360000000000       1.648369898104683E-002
  0.683440000000000       1.648582828774046E-002
  0.683520000000000       1.648795763823194E-002
  0.683600000000000       1.649008703294761E-002
  0.683680000000000       1.649221647124797E-002
  0.683760000000000       1.649434595382935E-002
  0.683840000000000       1.649647548030806E-002
  0.683920000000000       1.649860505048515E-002
  0.684000000000000       1.650073466457378E-002
  0.684080000000000       1.650286432280133E-002
  0.684160000000000       1.650499402459935E-002
  0.684240000000000       1.650712377036576E-002
  0.684320000000000       1.650925355947528E-002
  0.684400000000000       1.651138339305056E-002
  0.684480000000000       1.651351326999737E-002
  0.684560000000000       1.651564319109731E-002
  0.684640000000000       1.651777315556877E-002
  0.684720000000000       1.651990316362493E-002
  0.684800000000000       1.652203321574894E-002
  0.684880000000000       1.652416331134397E-002
  0.684960000000000       1.652629345056631E-002
  0.685040000000000       1.652842363360072E-002
  0.685120000000000       1.653055385972244E-002
  0.685200000000000       1.653268413013940E-002
  0.685280000000000       1.653481444354419E-002
  0.685360000000000       1.653694480064736E-002
  0.685440000000000       1.653907520151996E-002
  0.685520000000000       1.654120564559356E-002
  0.685600000000000       1.654333613332291E-002
  0.685680000000000       1.654546666479326E-002
  0.685760000000000       1.654759723912356E-002
  0.685840000000000       1.654972785715223E-002
  0.685920000000000       1.655185851850980E-002
  0.686000000000000       1.655398922319627E-002
  0.686080000000000       1.655611997152426E-002
  0.686160000000000       1.655825076272641E-002
  0.686240000000000       1.656038159759852E-002
  0.686320000000000       1.656251247588478E-002
  0.686400000000000       1.656464339711625E-002
  0.686480000000000       1.656677436164820E-002
  0.686560000000000       1.656890536960851E-002
  0.686640000000000       1.657103642057087E-002
  0.686720000000000       1.657316751494740E-002
  0.686800000000000       1.657529865251071E-002
  0.686880000000000       1.657742983328923E-002
  0.686960000000000       1.657956105672873E-002
  0.687040000000000       1.658169232373872E-002
  0.687120000000000       1.658382363342390E-002
  0.687200000000000       1.658595498666535E-002
  0.687280000000000       1.658808638282359E-002
  0.687360000000000       1.659021782188439E-002
  0.687440000000000       1.659234930423146E-002
  0.687520000000000       1.659448082916846E-002
  0.687600000000000       1.659661239712171E-002
  0.687680000000000       1.659874400843229E-002
  0.687760000000000       1.660087566240385E-002
  0.687840000000000       1.660300735919271E-002
  0.687920000000000       1.660513909926784E-002
  0.688000000000000       1.660727088187606E-002
  0.688080000000000       1.660940270728737E-002
  0.688160000000000       1.661153457584284E-002
  0.688240000000000       1.661366648694560E-002
  0.688320000000000       1.661579844093673E-002
  0.688400000000000       1.661793043783042E-002
  0.688480000000000       1.662006247728563E-002
  0.688560000000000       1.662219455941603E-002
  0.688640000000000       1.662432668446321E-002
  0.688720000000000       1.662645885181611E-002
  0.688800000000000       1.662859106217105E-002
  0.688880000000000       1.663072331513014E-002
  0.688960000000000       1.663285561049441E-002
  0.689040000000000       1.663498794870442E-002
  0.689120000000000       1.663712032949014E-002
  0.689200000000000       1.663925275262421E-002
  0.689280000000000       1.664138521864664E-002
  0.689360000000000       1.664351772687531E-002
  0.689440000000000       1.664565027813445E-002
  0.689520000000000       1.664778287148614E-002
  0.689600000000000       1.664991550725723E-002
  0.689680000000000       1.665204818554720E-002
  0.689760000000000       1.665418090618551E-002
  0.689840000000000       1.665631366918639E-002
  0.689920000000000       1.665844647470614E-002
  0.690000000000000       1.666057932251739E-002
  0.690080000000000       1.666271221294700E-002
  0.690160000000000       1.666484514534126E-002
  0.690240000000000       1.666697812014071E-002
  0.690320000000000       1.666911113734535E-002
  0.690400000000000       1.667124419657149E-002
  0.690480000000000       1.667337729818861E-002
  0.690560000000000       1.667551044204039E-002
  0.690640000000000       1.667764362787103E-002
  0.690720000000000       1.667977685633424E-002
  0.690800000000000       1.668191012674789E-002
  0.690880000000000       1.668404343898409E-002
  0.690960000000000       1.668617679410864E-002
  0.691040000000000       1.668831019062942E-002
  0.691120000000000       1.669044362929959E-002
  0.691200000000000       1.669257711023284E-002
  0.691280000000000       1.669471063313075E-002
  0.691360000000000       1.669684419809279E-002
  0.691440000000000       1.669897780487737E-002
  0.691520000000000       1.670111145376871E-002
  0.691600000000000       1.670324514466735E-002
  0.691680000000000       1.670537887745958E-002
  0.691760000000000       1.670751265208856E-002
  0.691840000000000       1.670964646854010E-002
  0.691920000000000       1.671178032739682E-002
  0.692000000000000       1.671391422757871E-002
  0.692080000000000       1.671604816945525E-002
  0.692160000000000       1.671818215389329E-002
  0.692240000000000       1.672031617944334E-002
  0.692320000000000       1.672245024719963E-002
  0.692400000000000       1.672458435633793E-002
  0.692480000000000       1.672671850729877E-002
  0.692560000000000       1.672885269998268E-002
  0.692640000000000       1.673098693436124E-002
  0.692720000000000       1.673312121036339E-002
  0.692800000000000       1.673525552835862E-002
  0.692880000000000       1.673738988765059E-002
  0.692960000000000       1.673952428852352E-002
  0.693040000000000       1.674165873113374E-002
  0.693120000000000       1.674379321514017E-002
  0.693200000000000       1.674592774094073E-002
  0.693280000000000       1.674806230815171E-002
  0.693360000000000       1.675019691667366E-002
  0.693440000000000       1.675233156717446E-002
  0.693520000000000       1.675446625880148E-002
  0.693600000000000       1.675660099178209E-002
  0.693680000000000       1.675873576640050E-002
  0.693760000000000       1.676087058242934E-002
  0.693840000000000       1.676300543949914E-002
  0.693920000000000       1.676514033840568E-002
  0.694000000000000       1.676727527829634E-002
  0.694080000000000       1.676941025966847E-002
  0.694160000000000       1.677154528243683E-002
  0.694240000000000       1.677368034634561E-002
  0.694320000000000       1.677581545139482E-002
  0.694400000000000       1.677795059791130E-002
  0.694480000000000       1.678008578576715E-002
  0.694560000000000       1.678222101436553E-002
  0.694640000000000       1.678435628457329E-002
  0.694720000000000       1.678649159585042E-002
  0.694800000000000       1.678862694818271E-002
  0.694880000000000       1.679076234176911E-002
  0.694960000000000       1.679289777612645E-002
  0.695040000000000       1.679503325172369E-002
  0.695120000000000       1.679716876853241E-002
  0.695200000000000       1.679930432665209E-002
  0.695280000000000       1.680143992513059E-002
  0.695360000000000       1.680357556493426E-002
  0.695440000000000       1.680571124560835E-002
  0.695520000000000       1.680784696722391E-002
  0.695600000000000       1.680998272980936E-002
  0.695680000000000       1.681211853354945E-002
  0.695760000000000       1.681425437793258E-002
  0.695840000000000       1.681639026337087E-002
  0.695920000000000       1.681852618955169E-002
  0.696000000000000       1.682066215619080E-002
  0.696080000000000       1.682279816452457E-002
  0.696160000000000       1.682493421281925E-002
  0.696240000000000       1.682707030205541E-002
  0.696320000000000       1.682920643243200E-002
  0.696400000000000       1.683134260349426E-002
  0.696480000000000       1.683347881487272E-002
  0.696560000000000       1.683561506734896E-002
  0.696640000000000       1.683775136012720E-002
  0.696720000000000       1.683988769371900E-002
  0.696800000000000       1.684202406775490E-002
  0.696880000000000       1.684416048278912E-002
  0.696960000000000       1.684629693829585E-002
  0.697040000000000       1.684843343416140E-002
  0.697120000000000       1.685056997068422E-002
  0.697200000000000       1.685270654772218E-002
  0.697280000000000       1.685484316517580E-002
  0.697360000000000       1.685697982355670E-002
  0.697440000000000       1.685911652174219E-002
  0.697520000000000       1.686125326075547E-002
  0.697600000000000       1.686339004029811E-002
  0.697680000000000       1.686552686001484E-002
  0.697760000000000       1.686766372041724E-002
  0.697840000000000       1.686980062097952E-002
  0.697920000000000       1.687193756181535E-002
  0.698000000000000       1.687407454291055E-002
  0.698080000000000       1.687621156444983E-002
  0.698160000000000       1.687834862596425E-002
  0.698240000000000       1.688048572854804E-002
  0.698320000000000       1.688262287072326E-002
  0.698400000000000       1.688476005338522E-002
  0.698480000000000       1.688689727607915E-002
  0.698560000000000       1.688903453886190E-002
  0.698640000000000       1.689117184198927E-002
  0.698720000000000       1.689330918546126E-002
  0.698800000000000       1.689544656859574E-002
  0.698880000000000       1.689758399183326E-002
  0.698960000000000       1.689972145535854E-002
  0.699040000000000       1.690185895877370E-002
  0.699120000000000       1.690399650259031E-002
  0.699200000000000       1.690613408621153E-002
  0.699280000000000       1.690827171002105E-002
  0.699360000000000       1.691040937356412E-002
  0.699440000000000       1.691254707711074E-002
  0.699520000000000       1.691468482067513E-002
  0.699600000000000       1.691682260366043E-002
  0.699680000000000       1.691896042730299E-002
  0.699760000000000       1.692109829056541E-002
  0.699840000000000       1.692323619341927E-002
  0.699920000000000       1.692537413623405E-002
  0.700000000000000       1.692751211888186E-002
  0.700080000000000       1.692965014141954E-002
  0.700160000000000       1.693178820394656E-002
  0.700240000000000       1.693392630582344E-002
  0.700320000000000       1.693606444732019E-002
  0.700400000000000       1.693820262884891E-002
  0.700480000000000       1.694034085008276E-002
  0.700560000000000       1.694247911059541E-002
  0.700640000000000       1.694461741108320E-002
  0.700720000000000       1.694675575119085E-002
  0.700800000000000       1.694889413090415E-002
  0.700880000000000       1.695103255008099E-002
  0.700960000000000       1.695317100890612E-002
  0.701040000000000       1.695530950718058E-002
  0.701120000000000       1.695744804531649E-002
  0.701200000000000       1.695958662271699E-002
  0.701280000000000       1.696172523949577E-002
  0.701360000000000       1.696386389592284E-002
  0.701440000000000       1.696600259164292E-002
  0.701520000000000       1.696814132689759E-002
  0.701600000000000       1.697028010138844E-002
  0.701680000000000       1.697241891589705E-002
  0.701760000000000       1.697455776904497E-002
  0.701840000000000       1.697669666148591E-002
  0.701920000000000       1.697883559373146E-002
  0.702000000000000       1.698097456532686E-002
  0.702080000000000       1.698311357574631E-002
  0.702160000000000       1.698525262554405E-002
  0.702240000000000       1.698739171476269E-002
  0.702320000000000       1.698953084297592E-002
  0.702400000000000       1.699167001066691E-002
  0.702480000000000       1.699380921719616E-002
  0.702560000000000       1.699594846331685E-002
  0.702640000000000       1.699808774817633E-002
  0.702720000000000       1.700022707218671E-002
  0.702800000000000       1.700236643570328E-002
  0.702880000000000       1.700450583784494E-002
  0.702960000000000       1.700664527927962E-002
  0.703040000000000       1.700878475960941E-002
  0.703120000000000       1.701092427917537E-002
  0.703200000000000       1.701306383757959E-002
  0.703280000000000       1.701520343502103E-002
  0.703360000000000       1.701734307110179E-002
  0.703440000000000       1.701948274636187E-002
  0.703520000000000       1.702162246068759E-002
  0.703600000000000       1.702376221370947E-002
  0.703680000000000       1.702590200558383E-002
  0.703760000000000       1.702804183649540E-002
  0.703840000000000       1.703018170600366E-002
  0.703920000000000       1.703232161447808E-002
  0.704000000000000       1.703446156170550E-002
  0.704080000000000       1.703660154764328E-002
  0.704160000000000       1.703874157264671E-002
  0.704240000000000       1.704088163570681E-002
  0.704320000000000       1.704302173807413E-002
  0.704400000000000       1.704516187891023E-002
  0.704480000000000       1.704730205858460E-002
  0.704560000000000       1.704944227672776E-002
  0.704640000000000       1.705158253355286E-002
  0.704720000000000       1.705372282903148E-002
  0.704800000000000       1.705586316270889E-002
  0.704880000000000       1.705800353545193E-002
  0.704960000000000       1.706014394643638E-002
  0.705040000000000       1.706228439617383E-002
  0.705120000000000       1.706442488455060E-002
  0.705200000000000       1.706656541071403E-002
  0.705280000000000       1.706870597585784E-002
  0.705360000000000       1.707084657944200E-002
  0.705440000000000       1.707298722131021E-002
  0.705520000000000       1.707512790186037E-002
  0.705600000000000       1.707726862046719E-002
  0.705680000000000       1.707940937758543E-002
  0.705760000000000       1.708155017295929E-002
  0.705840000000000       1.708369100690142E-002
  0.705920000000000       1.708583187887178E-002
  0.706000000000000       1.708797278898409E-002
  0.706080000000000       1.709011373765044E-002
  0.706160000000000       1.709225472447293E-002
  0.706240000000000       1.709439574945158E-002
  0.706320000000000       1.709653681272847E-002
  0.706400000000000       1.709867791399098E-002
  0.706480000000000       1.710081905387859E-002
  0.706560000000000       1.710296023115496E-002
  0.706640000000000       1.710510144707065E-002
  0.706720000000000       1.710724270092932E-002
  0.706800000000000       1.710938399265991E-002
  0.706880000000000       1.711152532298719E-002
  0.706960000000000       1.711366669085954E-002
  0.707040000000000       1.711580809705857E-002
  0.707120000000000       1.711794954111532E-002
  0.707200000000000       1.712009102304399E-002
  0.707280000000000       1.712223254298671E-002
  0.707360000000000       1.712437410090082E-002
  0.707440000000000       1.712651569690003E-002
  0.707520000000000       1.712865733035904E-002
  0.707600000000000       1.713079900203105E-002
  0.707680000000000       1.713294071147551E-002
  0.707760000000000       1.713508245872084E-002
  0.707840000000000       1.713722424375284E-002
  0.707920000000000       1.713936606668518E-002
  0.708000000000000       1.714150792726208E-002
  0.708080000000000       1.714364982569670E-002
  0.708160000000000       1.714579176127849E-002
  0.708240000000000       1.714793373528643E-002
  0.708320000000000       1.715007574692471E-002
  0.708400000000000       1.715221779588070E-002
  0.708480000000000       1.715435988266598E-002
  0.708560000000000       1.715650200708161E-002
  0.708640000000000       1.715864416904232E-002
  0.708720000000000       1.716078636846283E-002
  0.708800000000000       1.716292860565580E-002
  0.708880000000000       1.716507088029438E-002
  0.708960000000000       1.716721319225065E-002
  0.709040000000000       1.716935554246255E-002
  0.709120000000000       1.717149792946635E-002
  0.709200000000000       1.717364035400102E-002
  0.709280000000000       1.717578281591024E-002
  0.709360000000000       1.717792531550664E-002
  0.709440000000000       1.718006785236390E-002
  0.709520000000000       1.718221042666677E-002
  0.709600000000000       1.718435303818786E-002
  0.709680000000000       1.718649568719719E-002
  0.709760000000000       1.718863837321159E-002
  0.709840000000000       1.719078109677106E-002
  0.709920000000000       1.719292385743507E-002
  0.710000000000000       1.719506665578627E-002
  0.710080000000000       1.719720949097201E-002
  0.710160000000000       1.719935236337598E-002
  0.710240000000000       1.720149527341028E-002
  0.710320000000000       1.720363821995228E-002
  0.710400000000000       1.720578120389724E-002
  0.710480000000000       1.720792422488990E-002
  0.710560000000000       1.721006728359818E-002
  0.710640000000000       1.721221037904151E-002
  0.710720000000000       1.721435351139042E-002
  0.710800000000000       1.721649668061651E-002
  0.710880000000000       1.721863988718873E-002
  0.710960000000000       1.722078313072337E-002
  0.711040000000000       1.722292641113519E-002
  0.711120000000000       1.722506972853786E-002
  0.711200000000000       1.722721308283191E-002
  0.711280000000000       1.722935647423050E-002
  0.711360000000000       1.723149990234994E-002
  0.711440000000000       1.723364336733233E-002
  0.711520000000000       1.723578686947611E-002
  0.711600000000000       1.723793040836916E-002
  0.711680000000000       1.724007398385517E-002
  0.711760000000000       1.724221759641729E-002
  0.711840000000000       1.724436124541604E-002
  0.711920000000000       1.724650493144828E-002
  0.712000000000000       1.724864865411611E-002
  0.712080000000000       1.725079241350478E-002
  0.712160000000000       1.725293620975641E-002
  0.712240000000000       1.725508004227414E-002
  0.712320000000000       1.725722391158378E-002
  0.712400000000000       1.725936781805480E-002
  0.712480000000000       1.726151176076349E-002
  0.712560000000000       1.726365574006514E-002
  0.712640000000000       1.726579975556184E-002
  0.712720000000000       1.726794380817729E-002
  0.712800000000000       1.727008789732885E-002
  0.712880000000000       1.727223202284598E-002
  0.712960000000000       1.727437618475711E-002
  0.713040000000000       1.727652038316172E-002
  0.713120000000000       1.727866461827297E-002
  0.713200000000000       1.728080888939452E-002
  0.713280000000000       1.728295319708060E-002
  0.713360000000000       1.728509754103278E-002
  0.713440000000000       1.728724192154949E-002
  0.713520000000000       1.728938633847441E-002
  0.713600000000000       1.729153079167964E-002
  0.713680000000000       1.729367528117940E-002
  0.713760000000000       1.729581980684578E-002
  0.713840000000000       1.729796436894879E-002
  0.713920000000000       1.730010896738896E-002
  0.714000000000000       1.730225360169733E-002
  0.714080000000000       1.730439827251338E-002
  0.714160000000000       1.730654297931131E-002
  0.714240000000000       1.730868772256009E-002
  0.714320000000000       1.731083250137864E-002
  0.714400000000000       1.731297731691803E-002
  0.714480000000000       1.731512216831142E-002
  0.714560000000000       1.731726705594248E-002
  0.714640000000000       1.731941197927121E-002
  0.714720000000000       1.732155693913604E-002
  0.714800000000000       1.732370193482644E-002
  0.714880000000000       1.732584696617188E-002
  0.714960000000000       1.732799203372657E-002
  0.715040000000000       1.733013713747631E-002
  0.715120000000000       1.733228227695214E-002
  0.715200000000000       1.733442745231038E-002
  0.715280000000000       1.733657266379261E-002
  0.715360000000000       1.733871791104356E-002
  0.715440000000000       1.734086319410586E-002
  0.715520000000000       1.734300851262425E-002
  0.715600000000000       1.734515386746558E-002
  0.715680000000000       1.734729925804721E-002
  0.715760000000000       1.734944468417019E-002
  0.715840000000000       1.735159014636032E-002
  0.715920000000000       1.735373564414864E-002
  0.716000000000000       1.735588117730778E-002
  0.716080000000000       1.735802674674723E-002
  0.716160000000000       1.736017235144380E-002
  0.716240000000000       1.736231799216490E-002
  0.716320000000000       1.736446366825681E-002
  0.716400000000000       1.736660937996113E-002
  0.716480000000000       1.736875512723522E-002
  0.716560000000000       1.737090091023539E-002
  0.716640000000000       1.737304672830795E-002
  0.716720000000000       1.737519258233398E-002
  0.716800000000000       1.737733847183030E-002
  0.716880000000000       1.737948439668322E-002
  0.716960000000000       1.738163035710592E-002
  0.717040000000000       1.738377635285680E-002
  0.717120000000000       1.738592238424850E-002
  0.717200000000000       1.738806845116734E-002
  0.717280000000000       1.739021455286014E-002
  0.717360000000000       1.739236069040693E-002
  0.717440000000000       1.739450686340980E-002
  0.717520000000000       1.739665307134295E-002
  0.717600000000000       1.739879931457586E-002
  0.717680000000000       1.740094559319381E-002
  0.717760000000000       1.740309190760889E-002
  0.717840000000000       1.740523825635740E-002
  0.717920000000000       1.740738464074674E-002
  0.718000000000000       1.740953106030794E-002
  0.718080000000000       1.741167751519732E-002
  0.718160000000000       1.741382400515910E-002
  0.718240000000000       1.741597053013642E-002
  0.718320000000000       1.741811709018613E-002
  0.718400000000000       1.742026368525138E-002
  0.718480000000000       1.742241031568745E-002
  0.718560000000000       1.742455698122434E-002
  0.718640000000000       1.742670368150676E-002
  0.718720000000000       1.742885041721685E-002
  0.718800000000000       1.743099718775774E-002
  0.718880000000000       1.743314399308680E-002
  0.718960000000000       1.743529083326088E-002
  0.719040000000000       1.743743770850734E-002
  0.719120000000000       1.743958461865567E-002
  0.719200000000000       1.744173156362059E-002
  0.719280000000000       1.744387854382843E-002
  0.719360000000000       1.744602555845496E-002
  0.719440000000000       1.744817260808283E-002
  0.719520000000000       1.745031969254150E-002
  0.719600000000000       1.745246681187360E-002
  0.719680000000000       1.745461396555335E-002
  0.719760000000000       1.745676115441917E-002
  0.719840000000000       1.745890837776052E-002
  0.719920000000000       1.746105563597531E-002
  0.720000000000000       1.746320292863721E-002
  0.720080000000000       1.746535025657046E-002
  0.720160000000000       1.746749761848185E-002
  0.720240000000000       1.746964501538038E-002
  0.720320000000000       1.747179244651285E-002
  0.720400000000000       1.747393991240507E-002
  0.720480000000000       1.747608741277282E-002
  0.720560000000000       1.747823494778664E-002
  0.720640000000000       1.748038251774495E-002
  0.720720000000000       1.748253012169563E-002
  0.720800000000000       1.748467776020710E-002
  0.720880000000000       1.748682543317990E-002
  0.720960000000000       1.748897314045770E-002
  0.721040000000000       1.749112088221103E-002
  0.721120000000000       1.749326865866727E-002
  0.721200000000000       1.749541646924378E-002
  0.721280000000000       1.749756431415370E-002
  0.721360000000000       1.749971219334021E-002
  0.721440000000000       1.750186010705910E-002
  0.721520000000000       1.750400805489825E-002
  0.721600000000000       1.750615603702819E-002
  0.721680000000000       1.750830405330681E-002
  0.721760000000000       1.751045210414624E-002
  0.721840000000000       1.751260018903487E-002
  0.721920000000000       1.751474830808639E-002
  0.722000000000000       1.751689646121555E-002
  0.722080000000000       1.751904464855023E-002
  0.722160000000000       1.752119287021834E-002
  0.722240000000000       1.752334112577934E-002
  0.722320000000000       1.752548941516217E-002
  0.722400000000000       1.752763773889263E-002
  0.722480000000000       1.752978609688547E-002
  0.722560000000000       1.753193448852961E-002
  0.722640000000000       1.753408291445033E-002
  0.722720000000000       1.753623137419289E-002
  0.722800000000000       1.753837986804150E-002
  0.722880000000000       1.754052839583984E-002
  0.722960000000000       1.754267695720422E-002
  0.723040000000000       1.754482555277413E-002
  0.723120000000000       1.754697418233640E-002
  0.723200000000000       1.754912284554997E-002
  0.723280000000000       1.755127154245748E-002
  0.723360000000000       1.755342027357052E-002
  0.723440000000000       1.755556903832065E-002
  0.723520000000000       1.755771783650893E-002
  0.723600000000000       1.755986666901641E-002
  0.723680000000000       1.756201553503309E-002
  0.723760000000000       1.756416443460160E-002
  0.723840000000000       1.756631336803458E-002
  0.723920000000000       1.756846233490570E-002
  0.724000000000000       1.757061133568392E-002
  0.724080000000000       1.757276037007081E-002
  0.724160000000000       1.757490943813742E-002
  0.724240000000000       1.757705853961376E-002
  0.724320000000000       1.757920767468455E-002
  0.724400000000000       1.758135684344928E-002
  0.724480000000000       1.758350604583690E-002
  0.724560000000000       1.758565528109422E-002
  0.724640000000000       1.758780455045759E-002
  0.724720000000000       1.758995385300331E-002
  0.724800000000000       1.759210318908664E-002
  0.724880000000000       1.759425255879286E-002
  0.724960000000000       1.759640196169563E-002
  0.725040000000000       1.759855139813602E-002
  0.725120000000000       1.760070086744612E-002
  0.725200000000000       1.760285037047857E-002
  0.725280000000000       1.760499990690654E-002
  0.725360000000000       1.760714947664475E-002
  0.725440000000000       1.760929907950846E-002
  0.725520000000000       1.761144871562557E-002
  0.725600000000000       1.761359838526608E-002
  0.725680000000000       1.761574808800368E-002
  0.725760000000000       1.761789782388099E-002
  0.725840000000000       1.762004759291223E-002
  0.725920000000000       1.762219739501212E-002
  0.726000000000000       1.762434723029436E-002
  0.726080000000000       1.762649709881579E-002
  0.726160000000000       1.762864700044851E-002
  0.726240000000000       1.763079693500778E-002
  0.726320000000000       1.763294690243675E-002
  0.726400000000000       1.763509690311913E-002
  0.726480000000000       1.763724693716859E-002
  0.726560000000000       1.763939700361881E-002
  0.726640000000000       1.764154710335084E-002
  0.726720000000000       1.764369723603785E-002
  0.726800000000000       1.764584740143824E-002
  0.726880000000000       1.764799760000677E-002
  0.726960000000000       1.765014783144501E-002
  0.727040000000000       1.765229809571032E-002
  0.727120000000000       1.765444839300166E-002
  0.727200000000000       1.765659872270795E-002
  0.727280000000000       1.765874908562502E-002
  0.727360000000000       1.766089948077230E-002
  0.727440000000000       1.766304990941456E-002
  0.727520000000000       1.766520037015915E-002
  0.727600000000000       1.766735086383029E-002
  0.727680000000000       1.766950139048482E-002
  0.727760000000000       1.767165194959695E-002
  0.727840000000000       1.767380254145088E-002
  0.727920000000000       1.767595316580504E-002
  0.728000000000000       1.767810382274469E-002
  0.728080000000000       1.768025451249720E-002
  0.728160000000000       1.768240523477835E-002
  0.728240000000000       1.768455598936079E-002
  0.728320000000000       1.768670677679871E-002
  0.728400000000000       1.768885759645265E-002
  0.728480000000000       1.769100844881997E-002
  0.728560000000000       1.769315933347435E-002
  0.728640000000000       1.769531025092739E-002
  0.728720000000000       1.769746120072433E-002
  0.728800000000000       1.769961218299308E-002
  0.728880000000000       1.770176319763415E-002
  0.728960000000000       1.770391424420701E-002
  0.729040000000000       1.770606532376327E-002
  0.729120000000000       1.770821643506657E-002
  0.729200000000000       1.771036757881326E-002
  0.729280000000000       1.771251875503175E-002
  0.729360000000000       1.771466996349467E-002
  0.729440000000000       1.771682120467098E-002
  0.729520000000000       1.771897247713958E-002
  0.729600000000000       1.772112378232158E-002
  0.729680000000000       1.772327511979064E-002
  0.729760000000000       1.772542648924833E-002
  0.729840000000000       1.772757789058097E-002
  0.729920000000000       1.772972932488279E-002
  0.730000000000000       1.773188079057639E-002
  0.730080000000000       1.773403228838653E-002
  0.730160000000000       1.773618381849793E-002
  0.730240000000000       1.773833538042744E-002
  0.730320000000000       1.774048697460138E-002
  0.730400000000000       1.774263860074974E-002
  0.730480000000000       1.774479025878726E-002
  0.730560000000000       1.774694194862867E-002
  0.730640000000000       1.774909367054398E-002
  0.730720000000000       1.775124542474635E-002
  0.730800000000000       1.775339721045419E-002
  0.730880000000000       1.775554902795171E-002
  0.730960000000000       1.775770087748050E-002
  0.731040000000000       1.775985275894108E-002
  0.731120000000000       1.776200467223397E-002
  0.731200000000000       1.776415661700390E-002
  0.731280000000000       1.776630859394721E-002
  0.731360000000000       1.776846060236757E-002
  0.731440000000000       1.777061264259181E-002
  0.731520000000000       1.777276471437837E-002
  0.731600000000000       1.777491681796881E-002
  0.731680000000000       1.777706895340578E-002
  0.731760000000000       1.777922112043349E-002
  0.731840000000000       1.778137331900929E-002
  0.731920000000000       1.778352554917582E-002
  0.732000000000000       1.778567781074834E-002
  0.732080000000000       1.778783010438054E-002
  0.732160000000000       1.778998242916294E-002
  0.732240000000000       1.779213478537976E-002
  0.732320000000000       1.779428717354257E-002
  0.732400000000000       1.779643959281294E-002
  0.732480000000000       1.779859204373089E-002
  0.732560000000000       1.780074452591272E-002
  0.732640000000000       1.780289703989844E-002
  0.732720000000000       1.780504958489224E-002
  0.732800000000000       1.780720216143414E-002
  0.732880000000000       1.780935476931098E-002
  0.732960000000000       1.781150740859381E-002
  0.733040000000000       1.781366007901262E-002
  0.733120000000000       1.781581278086584E-002
  0.733200000000000       1.781796551450874E-002
  0.733280000000000       1.782011827846339E-002
  0.733360000000000       1.782227107426457E-002
  0.733440000000000       1.782442390077541E-002
  0.733520000000000       1.782657675897645E-002
  0.733600000000000       1.782872964790137E-002
  0.733680000000000       1.783088256868701E-002
  0.733760000000000       1.783303551985547E-002
  0.733840000000000       1.783518850248676E-002
  0.733920000000000       1.783734151614034E-002
  0.734000000000000       1.783949456091569E-002
  0.734080000000000       1.784164763698335E-002
  0.734160000000000       1.784380074390277E-002
  0.734240000000000       1.784595388180186E-002
  0.734320000000000       1.784810705059534E-002
  0.734400000000000       1.785026025032586E-002
  0.734480000000000       1.785241348129183E-002
  0.734560000000000       1.785456674261219E-002
  0.734640000000000       1.785672003555170E-002
  0.734720000000000       1.785887335884560E-002
  0.734800000000000       1.786102671323284E-002
  0.734880000000000       1.786318009838659E-002
  0.734960000000000       1.786533351449158E-002
  0.735040000000000       1.786748696157623E-002
  0.735120000000000       1.786964043870263E-002
  0.735200000000000       1.787179394733449E-002
  0.735280000000000       1.787394748624969E-002
  0.735360000000000       1.787610105618718E-002
  0.735440000000000       1.787825465676327E-002
  0.735520000000000       1.788040828759428E-002
  0.735600000000000       1.788256194983127E-002
  0.735680000000000       1.788471564208158E-002
  0.735760000000000       1.788686936546788E-002
  0.735840000000000       1.788902311898120E-002
  0.735920000000000       1.789117690343154E-002
  0.736000000000000       1.789333071830732E-002
  0.736080000000000       1.789548456333854E-002
  0.736160000000000       1.789763843934942E-002
  0.736240000000000       1.789979234579995E-002
  0.736320000000000       1.790194628243433E-002
  0.736400000000000       1.790410025000575E-002
  0.736480000000000       1.790625424753365E-002
  0.736560000000000       1.790840827555804E-002
  0.736640000000000       1.791056233413577E-002
  0.736720000000000       1.791271642309631E-002
  0.736800000000000       1.791487054219807E-002
  0.736880000000000       1.791702469209475E-002
  0.736960000000000       1.791917887177739E-002
  0.737040000000000       1.792133308207020E-002
  0.737120000000000       1.792348732271740E-002
  0.737200000000000       1.792564159339214E-002
  0.737280000000000       1.792779589396652E-002
  0.737360000000000       1.792995022509423E-002
  0.737440000000000       1.793210458629211E-002
  0.737520000000000       1.793425897781595E-002
  0.737600000000000       1.793641339925365E-002
  0.737680000000000       1.793856785110257E-002
  0.737760000000000       1.794072233295061E-002
  0.737840000000000       1.794287684452776E-002
  0.737920000000000       1.794503138638823E-002
  0.738000000000000       1.794718595870257E-002
  0.738080000000000       1.794934056073181E-002
  0.738160000000000       1.795149519256121E-002
  0.738240000000000       1.795364985464552E-002
  0.738320000000000       1.795580454648735E-002
  0.738400000000000       1.795795926838515E-002
  0.738480000000000       1.796011401975626E-002
  0.738560000000000       1.796226880145333E-002
  0.738640000000000       1.796442361313531E-002
  0.738720000000000       1.796657845441849E-002
  0.738800000000000       1.796873332571500E-002
  0.738880000000000       1.797088822666957E-002
  0.738960000000000       1.797304315738166E-002
  0.739040000000000       1.797519811816393E-002
  0.739120000000000       1.797735310866109E-002
  0.739200000000000       1.797950812837577E-002
  0.739280000000000       1.798166317827430E-002
  0.739360000000000       1.798381825757509E-002
  0.739440000000000       1.798597336688921E-002
  0.739520000000000       1.798812850533558E-002
  0.739600000000000       1.799028367388054E-002
  0.739680000000000       1.799243887158617E-002
  0.739760000000000       1.799459409943303E-002
  0.739840000000000       1.799674935663951E-002
  0.739920000000000       1.799890464300666E-002
