  0.660000000000000       0.284638206818462     
  0.660080000000000       0.284655201743588     
  0.660160000000000       0.284672196937296     
  0.660240000000000       0.284689192399493     
  0.660320000000000       0.284706188129877     
  0.660400000000000       0.284723184128576     
  0.660480000000000       0.284740180395192     
  0.660560000000000       0.284757176929454     
  0.660640000000000       0.284774173731404     
  0.660720000000000       0.284791170801031     
  0.660800000000000       0.284808168137631     
  0.660880000000000       0.284825165741522     
  0.660960000000000       0.284842163612365     
  0.661040000000000       0.284859161750294     
  0.661120000000000       0.284876160154513     
  0.661200000000000       0.284893158825439     
  0.661280000000000       0.284910157762560     
  0.661360000000000       0.284927156965877     
  0.661440000000000       0.284944156435335     
  0.661520000000000       0.284961156170454     
  0.661600000000000       0.284978156171473     
  0.661680000000000       0.284995156437876     
  0.661760000000000       0.285012156969675     
  0.661840000000000       0.285029157766799     
  0.661920000000000       0.285046158828718     
  0.662000000000000       0.285063160155590     
  0.662080000000000       0.285080161747293     
  0.662160000000000       0.285097163603365     
  0.662240000000000       0.285114165724027     
  0.662320000000000       0.285131168108753     
  0.662400000000000       0.285148170757572     
  0.662480000000000       0.285165173670216     
  0.662560000000000       0.285182176846905     
  0.662640000000000       0.285199180286782     
  0.662720000000000       0.285216183990182     
  0.662800000000000       0.285233187957062     
  0.662880000000000       0.285250192186732     
  0.662960000000000       0.285267196679514     
  0.663040000000000       0.285284201434868     
  0.663120000000000       0.285301206453060     
  0.663200000000000       0.285318211733456     
  0.663280000000000       0.285335217276226     
  0.663360000000000       0.285352223081160     
  0.663440000000000       0.285369229148183     
  0.663520000000000       0.285386235476667     
  0.663600000000000       0.285403242066905     
  0.663680000000000       0.285420248918682     
  0.663760000000000       0.285437256031700     
  0.663840000000000       0.285454263405742     
  0.663920000000000       0.285471271040905     
  0.664000000000000       0.285488278936902     
  0.664080000000000       0.285505287093431     
  0.664160000000000       0.285522295510610     
  0.664240000000000       0.285539304187979     
  0.664320000000000       0.285556313125550     
  0.664400000000000       0.285573322323081     
  0.664480000000000       0.285590331780557     
  0.664560000000000       0.285607341497568     
  0.664640000000000       0.285624351474080     
  0.664720000000000       0.285641361710086     
  0.664800000000000       0.285658372205336     
  0.664880000000000       0.285675382959398     
  0.664960000000000       0.285692393972379     
  0.665040000000000       0.285709405244071     
  0.665120000000000       0.285726416774266     
  0.665200000000000       0.285743428562935     
  0.665280000000000       0.285760440609781     
  0.665360000000000       0.285777452914649     
  0.665440000000000       0.285794465477336     
  0.665520000000000       0.285811478297907     
  0.665600000000000       0.285828491375841     
  0.665680000000000       0.285845504711365     
  0.665760000000000       0.285862518304141     
  0.665840000000000       0.285879532153820     
  0.665920000000000       0.285896546260502     
  0.666000000000000       0.285913560623839     
  0.666080000000000       0.285930575243870     
  0.666160000000000       0.285947590120217     
  0.666240000000000       0.285964605252756     
  0.666320000000000       0.285981620641611     
  0.666400000000000       0.285998636286542     
  0.666480000000000       0.286015652186853     
  0.666560000000000       0.286032668343043     
  0.666640000000000       0.286049684754573     
  0.666720000000000       0.286066701421276     
  0.666800000000000       0.286083718343323     
  0.666880000000000       0.286100735520203     
  0.666960000000000       0.286117752951887     
  0.667040000000000       0.286134770637975     
  0.667120000000000       0.286151788578859     
  0.667200000000000       0.286168806774070     
  0.667280000000000       0.286185825223280     
  0.667360000000000       0.286202843926469     
  0.667440000000000       0.286219862883474     
  0.667520000000000       0.286236882094244     
  0.667600000000000       0.286253901558462     
  0.667680000000000       0.286270921276020     
  0.667760000000000       0.286287941246760     
  0.667840000000000       0.286304961470440     
  0.667920000000000       0.286321981946940     
  0.668000000000000       0.286339002676298     
  0.668080000000000       0.286356023657855     
  0.668160000000000       0.286373044891984     
  0.668240000000000       0.286390066378257     
  0.668320000000000       0.286407088116660     
  0.668400000000000       0.286424110106813     
  0.668480000000000       0.286441132348657     
  0.668560000000000       0.286458154842181     
  0.668640000000000       0.286475177586987     
  0.668720000000000       0.286492200583040     
  0.668800000000000       0.286509223830064     
  0.668880000000000       0.286526247327987     
  0.668960000000000       0.286543271076728     
  0.669040000000000       0.286560295076127     
  0.669120000000000       0.286577319325672     
  0.669200000000000       0.286594343825499     
  0.669280000000000       0.286611368575493     
  0.669360000000000       0.286628393575459     
  0.669440000000000       0.286645418824961     
  0.669520000000000       0.286662444324216     
  0.669600000000000       0.286679470072930     
  0.669680000000000       0.286696496070849     
  0.669760000000000       0.286713522317845     
  0.669840000000000       0.286730548813813     
  0.669920000000000       0.286747575558462     
  0.670000000000000       0.286764602551886     
  0.670080000000000       0.286781629793677     
  0.670160000000000       0.286798657283654     
  0.670240000000000       0.286815685021953     
  0.670320000000000       0.286832713008023     
  0.670400000000000       0.286849741241917     
  0.670480000000000       0.286866769723482     
  0.670560000000000       0.286883798452601     
  0.670640000000000       0.286900827428919     
  0.670720000000000       0.286917856652448     
  0.670800000000000       0.286934886122838     
  0.670880000000000       0.286951915840158     
  0.670960000000000       0.286968945804200     
  0.671040000000000       0.286985976014597     
  0.671120000000000       0.287003006471282     
  0.671200000000000       0.287020037174197     
  0.671280000000000       0.287037068123259     
  0.671360000000000       0.287054099317985     
  0.671440000000000       0.287071130758494     
  0.671520000000000       0.287088162444350     
  0.671600000000000       0.287105194375720     
  0.671680000000000       0.287122226552210     
  0.671760000000000       0.287139258973892     
  0.671840000000000       0.287156291640220     
  0.671920000000000       0.287173324551394     
  0.672000000000000       0.287190357707021     
  0.672080000000000       0.287207391107066     
  0.672160000000000       0.287224424751172     
  0.672240000000000       0.287241458639502     
  0.672320000000000       0.287258492771695     
  0.672400000000000       0.287275527147588     
  0.672480000000000       0.287292561767025     
  0.672560000000000       0.287309596629805     
  0.672640000000000       0.287326631735890     
  0.672720000000000       0.287343667085100     
  0.672800000000000       0.287360702677097     
  0.672880000000000       0.287377738511984     
  0.672960000000000       0.287394774589295     
  0.673040000000000       0.287411810909085     
  0.673120000000000       0.287428847471144     
  0.673200000000000       0.287445884275399     
  0.673280000000000       0.287462921321391     
  0.673360000000000       0.287479958609223     
  0.673440000000000       0.287496996138627     
  0.673520000000000       0.287514033909680     
  0.673600000000000       0.287531071921696     
  0.673680000000000       0.287548110175000     
  0.673760000000000       0.287565148669394     
  0.673840000000000       0.287582187404416     
  0.673920000000000       0.287599226379868     
  0.674000000000000       0.287616265596058     
  0.674080000000000       0.287633305052361     
  0.674160000000000       0.287650344749096     
  0.674240000000000       0.287667384685536     
  0.674320000000000       0.287684424861898     
  0.674400000000000       0.287701465277845     
  0.674480000000000       0.287718505933235     
  0.674560000000000       0.287735546828087     
  0.674640000000000       0.287752587961981     
  0.674720000000000       0.287769629334774     
  0.674800000000000       0.287786670946633     
  0.674880000000000       0.287803712797027     
  0.674960000000000       0.287820754886004     
  0.675040000000000       0.287837797213267     
  0.675120000000000       0.287854839778805     
  0.675200000000000       0.287871882582107     
  0.675280000000000       0.287888925623487     
  0.675360000000000       0.287905968902413     
  0.675440000000000       0.287923012419142     
  0.675520000000000       0.287940056172963     
  0.675600000000000       0.287957100164003     
  0.675680000000000       0.287974144392108     
  0.675760000000000       0.287991188857092     
  0.675840000000000       0.288008233558978     
  0.675920000000000       0.288025278497027     
  0.676000000000000       0.288042323671691     
  0.676080000000000       0.288059369082702     
  0.676160000000000       0.288076414729607     
  0.676240000000000       0.288093460612373     
  0.676320000000000       0.288110506730924     
  0.676400000000000       0.288127553085096     
  0.676480000000000       0.288144599674570     
  0.676560000000000       0.288161646499300     
  0.676640000000000       0.288178693559085     
  0.676720000000000       0.288195740853828     
  0.676800000000000       0.288212788383418     
  0.676880000000000       0.288229836147491     
  0.676960000000000       0.288246884145946     
  0.677040000000000       0.288263932378752     
  0.677120000000000       0.288280980845566     
  0.677200000000000       0.288298029546348     
  0.677280000000000       0.288315078481100     
  0.677360000000000       0.288332127649216     
  0.677440000000000       0.288349177050883     
  0.677520000000000       0.288366226685700     
  0.677600000000000       0.288383276553760     
  0.677680000000000       0.288400326654777     
  0.677760000000000       0.288417376988716     
  0.677840000000000       0.288434427555116     
  0.677920000000000       0.288451478353960     
  0.678000000000000       0.288468529385136     
  0.678080000000000       0.288485580648445     
  0.678160000000000       0.288502632143701     
  0.678240000000000       0.288519683870796     
  0.678320000000000       0.288536735829424     
  0.678400000000000       0.288553788019926     
  0.678480000000000       0.288570840441393     
  0.678560000000000       0.288587893094212     
  0.678640000000000       0.288604945977922     
  0.678720000000000       0.288621999092425     
  0.678800000000000       0.288639052437599     
  0.678880000000000       0.288656106013408     
  0.678960000000000       0.288673159819483     
  0.679040000000000       0.288690213855787     
  0.679120000000000       0.288707268122092     
  0.679200000000000       0.288724322618175     
  0.679280000000000       0.288741377344002     
  0.679360000000000       0.288758432299396     
  0.679440000000000       0.288775487483999     
  0.679520000000000       0.288792542897976     
  0.679600000000000       0.288809598540877     
  0.679680000000000       0.288826654412671     
  0.679760000000000       0.288843710513206     
  0.679840000000000       0.288860766842222     
  0.679920000000000       0.288877823399743     
  0.680000000000000       0.288894880185285     
  0.680080000000000       0.288911937199065     
  0.680160000000000       0.288928994440758     
  0.680240000000000       0.288946051910067     
  0.680320000000000       0.288963109606951     
  0.680400000000000       0.288980167531264     
  0.680480000000000       0.288997225682848     
  0.680560000000000       0.289014284061527     
  0.680640000000000       0.289031342666913     
  0.680720000000000       0.289048401499365     
  0.680800000000000       0.289065460558225     
  0.680880000000000       0.289082519843531     
  0.680960000000000       0.289099579355043     
  0.681040000000000       0.289116639092708     
  0.681120000000000       0.289133699056386     
  0.681200000000000       0.289150759245763     
  0.681280000000000       0.289167819660670     
  0.681360000000000       0.289184880301116     
  0.681440000000000       0.289201941166666     
  0.681520000000000       0.289219002257416     
  0.681600000000000       0.289236063573170     
  0.681680000000000       0.289253125113615     
  0.681760000000000       0.289270186878806     
  0.681840000000000       0.289287248868449     
  0.681920000000000       0.289304311082265     
  0.682000000000000       0.289321373520475     
  0.682080000000000       0.289338436182404     
  0.682160000000000       0.289355499068219     
  0.682240000000000       0.289372562177582     
  0.682320000000000       0.289389625510516     
  0.682400000000000       0.289406689066793     
  0.682480000000000       0.289423752846344     
  0.682560000000000       0.289440816848458     
  0.682640000000000       0.289457881073882     
  0.682720000000000       0.289474945521653     
  0.682800000000000       0.289492010191985     
  0.682880000000000       0.289509075084673     
  0.682960000000000       0.289526140199567     
  0.683040000000000       0.289543205536421     
  0.683120000000000       0.289560271095179     
  0.683200000000000       0.289577336875648     
  0.683280000000000       0.289594402877588     
  0.683360000000000       0.289611469100760     
  0.683440000000000       0.289628535545178     
  0.683520000000000       0.289645602210658     
  0.683600000000000       0.289662669097056     
  0.683680000000000       0.289679736204096     
  0.683760000000000       0.289696803531790     
  0.683840000000000       0.289713871079705     
  0.683920000000000       0.289730938847735     
  0.684000000000000       0.289748006836079     
  0.684080000000000       0.289765075044126     
  0.684160000000000       0.289782143471909     
  0.684240000000000       0.289799212119110     
  0.684320000000000       0.289816280986043     
  0.684400000000000       0.289833350071975     
  0.684480000000000       0.289850419377000     
  0.684560000000000       0.289867488900939     
  0.684640000000000       0.289884558643717     
  0.684720000000000       0.289901628604915     
  0.684800000000000       0.289918698784473     
  0.684880000000000       0.289935769182499     
  0.684960000000000       0.289952839798350     
  0.685040000000000       0.289969910632229     
  0.685120000000000       0.289986981684040     
  0.685200000000000       0.290004052953117     
  0.685280000000000       0.290021124439778     
  0.685360000000000       0.290038196143780     
  0.685440000000000       0.290055268064705     
  0.685520000000000       0.290072340202725     
  0.685600000000000       0.290089412557471     
  0.685680000000000       0.290106485128755     
  0.685760000000000       0.290123557916582     
  0.685840000000000       0.290140630920547     
  0.685920000000000       0.290157704140768     
  0.686000000000000       0.290174777576940     
  0.686080000000000       0.290191851228926     
  0.686160000000000       0.290208925096292     
  0.686240000000000       0.290225999179389     
  0.686320000000000       0.290243073477769     
  0.686400000000000       0.290260147991083     
  0.686480000000000       0.290277222719564     
  0.686560000000000       0.290294297662622     
  0.686640000000000       0.290311372820515     
  0.686720000000000       0.290328448192861     
  0.686800000000000       0.290345523779546     
  0.686880000000000       0.290362599580477     
  0.686960000000000       0.290379675595245     
  0.687040000000000       0.290396751823806     
  0.687120000000000       0.290413828266084     
  0.687200000000000       0.290430904921989     
  0.687280000000000       0.290447981791006     
  0.687360000000000       0.290465058873280     
  0.687440000000000       0.290482136168612     
  0.687520000000000       0.290499213676684     
  0.687600000000000       0.290516291397510     
  0.687680000000000       0.290533369330814     
  0.687760000000000       0.290550447476458     
  0.687840000000000       0.290567525834338     
  0.687920000000000       0.290584604404162     
  0.688000000000000       0.290601683186021     
  0.688080000000000       0.290618762179319     
  0.688160000000000       0.290635841384359     
  0.688240000000000       0.290652920800675     
  0.688320000000000       0.290670000428139     
  0.688400000000000       0.290687080266765     
  0.688480000000000       0.290704160316267     
  0.688560000000000       0.290721240576349     
  0.688640000000000       0.290738321047188     
  0.688720000000000       0.290755401728255     
  0.688800000000000       0.290772482619463     
  0.688880000000000       0.290789563720923     
  0.688960000000000       0.290806645032249     
  0.689040000000000       0.290823726553200     
  0.689120000000000       0.290840808283801     
  0.689200000000000       0.290857890223769     
  0.689280000000000       0.290874972372935     
  0.689360000000000       0.290892054731277     
  0.689440000000000       0.290909137298290     
  0.689520000000000       0.290926220074288     
  0.689600000000000       0.290943303058870     
  0.689680000000000       0.290960386251753     
  0.689760000000000       0.290977469652966     
  0.689840000000000       0.290994553262339     
  0.689920000000000       0.291011637079345     
  0.690000000000000       0.291028721104402     
  0.690080000000000       0.291045805336986     
  0.690160000000000       0.291062889776914     
  0.690240000000000       0.291079974424294     
  0.690320000000000       0.291097059278653     
  0.690400000000000       0.291114144340019     
  0.690480000000000       0.291131229608043     
  0.690560000000000       0.291148315082908     
  0.690640000000000       0.291165400763979     
  0.690720000000000       0.291182486651598     
  0.690800000000000       0.291199572745006     
  0.690880000000000       0.291216659044590     
  0.690960000000000       0.291233745549910     
  0.691040000000000       0.291250832260928     
  0.691120000000000       0.291267919177351     
  0.691200000000000       0.291285006299127     
  0.691280000000000       0.291302093625934     
  0.691360000000000       0.291319181157849     
  0.691440000000000       0.291336268894531     
  0.691520000000000       0.291353356835835     
  0.691600000000000       0.291370444981748     
  0.691680000000000       0.291387533331766     
  0.691760000000000       0.291404621886126     
  0.691840000000000       0.291421710644348     
  0.691920000000000       0.291438799606434     
  0.692000000000000       0.291455888772328     
  0.692080000000000       0.291472978141589     
  0.692160000000000       0.291490067714158     
  0.692240000000000       0.291507157489831     
  0.692320000000000       0.291524247468762     
  0.692400000000000       0.291541337650413     
  0.692480000000000       0.291558428034692     
  0.692560000000000       0.291575518621472     
  0.692640000000000       0.291592609410700     
  0.692720000000000       0.291609700402164     
  0.692800000000000       0.291626791595514     
  0.692880000000000       0.291643882990684     
  0.692960000000000       0.291660974587801     
  0.693040000000000       0.291678066386155     
  0.693120000000000       0.291695158385953     
  0.693200000000000       0.291712250587070     
  0.693280000000000       0.291729342989110     
  0.693360000000000       0.291746435592146     
  0.693440000000000       0.291763528395827     
  0.693520000000000       0.291780621400172     
  0.693600000000000       0.291797714604760     
  0.693680000000000       0.291814808009473     
  0.693760000000000       0.291831901614328     
  0.693840000000000       0.291848995419275     
  0.693920000000000       0.291866089423787     
  0.694000000000000       0.291883183627864     
  0.694080000000000       0.291900278031273     
  0.694160000000000       0.291917372633972     
  0.694240000000000       0.291934467435774     
  0.694320000000000       0.291951562436533     
  0.694400000000000       0.291968657635896     
  0.694480000000000       0.291985753033918     
  0.694560000000000       0.292002848630411     
  0.694640000000000       0.292019944425011     
  0.694720000000000       0.292037040417756     
  0.694800000000000       0.292054136608400     
  0.694880000000000       0.292071232996996     
  0.694960000000000       0.292088329583069     
  0.695040000000000       0.292105426366419     
  0.695120000000000       0.292122523347189     
  0.695200000000000       0.292139620525059     
  0.695280000000000       0.292156717899857     
  0.695360000000000       0.292173815471397     
  0.695440000000000       0.292190913239498     
  0.695520000000000       0.292208011204232     
  0.695600000000000       0.292225109365099     
  0.695680000000000       0.292242207722085     
  0.695760000000000       0.292259306275034     
  0.695840000000000       0.292276405023766     
  0.695920000000000       0.292293503968130     
  0.696000000000000       0.292310603108010     
  0.696080000000000       0.292327702443130     
  0.696160000000000       0.292344801973303     
  0.696240000000000       0.292361901698656     
  0.696320000000000       0.292379001618623     
  0.696400000000000       0.292396101733213     
  0.696480000000000       0.292413202042382     
  0.696560000000000       0.292430302545940     
  0.696640000000000       0.292447403243478     
  0.696720000000000       0.292464504135189     
  0.696800000000000       0.292481605220459     
  0.696880000000000       0.292498706499673     
  0.696960000000000       0.292515807972060     
  0.697040000000000       0.292532909637959     
  0.697120000000000       0.292550011497234     
  0.697200000000000       0.292567113548988     
  0.697280000000000       0.292584215794018     
  0.697360000000000       0.292601318231432     
  0.697440000000000       0.292618420861448     
  0.697520000000000       0.292635523683893     
  0.697600000000000       0.292652626698527     
  0.697680000000000       0.292669729905080     
  0.697760000000000       0.292686833303502     
  0.697840000000000       0.292703936893662     
  0.697920000000000       0.292721040675315     
  0.698000000000000       0.292738144648185     
  0.698080000000000       0.292755248812317     
  0.698160000000000       0.292772353167615     
  0.698240000000000       0.292789457713683     
  0.698320000000000       0.292806562450340     
  0.698400000000000       0.292823667377710     
  0.698480000000000       0.292840772495262     
  0.698560000000000       0.292857877803096     
  0.698640000000000       0.292874983301086     
  0.698720000000000       0.292892088988854     
  0.698800000000000       0.292909194866402     
  0.698880000000000       0.292926300933276     
  0.698960000000000       0.292943407189841     
  0.699040000000000       0.292960513635480     
  0.699120000000000       0.292977620270195     
  0.699200000000000       0.292994727093751     
  0.699280000000000       0.293011834106070     
  0.699360000000000       0.293028941306996     
  0.699440000000000       0.293046048696282     
  0.699520000000000       0.293063156273682     
  0.699600000000000       0.293080264039273     
  0.699680000000000       0.293097371992833     
  0.699760000000000       0.293114480133938     
  0.699840000000000       0.293131588462919     
  0.699920000000000       0.293148696979112     
  0.700000000000000       0.293165805682554     
  0.700080000000000       0.293182914573092     
  0.700160000000000       0.293200023650527     
  0.700240000000000       0.293217132914682     
  0.700320000000000       0.293234242365593     
  0.700400000000000       0.293251352002720     
  0.700480000000000       0.293268461826235     
  0.700560000000000       0.293285571835805     
  0.700640000000000       0.293302682031282     
  0.700720000000000       0.293319792412675     
  0.700800000000000       0.293336902979684     
  0.700880000000000       0.293354013731942     
  0.700960000000000       0.293371124669519     
  0.701040000000000       0.293388235792197     
  0.701120000000000       0.293405347099915     
  0.701200000000000       0.293422458592378     
  0.701280000000000       0.293439570269348     
  0.701360000000000       0.293456682130943     
  0.701440000000000       0.293473794176691     
  0.701520000000000       0.293490906406595     
  0.701600000000000       0.293508018820473     
  0.701680000000000       0.293525131418244     
  0.701760000000000       0.293542244199497     
  0.701840000000000       0.293559357164169     
  0.701920000000000       0.293576470312363     
  0.702000000000000       0.293593583643652     
  0.702080000000000       0.293610697157709     
  0.702160000000000       0.293627810854805     
  0.702240000000000       0.293644924734260     
  0.702320000000000       0.293662038796556     
  0.702400000000000       0.293679153040965     
  0.702480000000000       0.293696267467487     
  0.702560000000000       0.293713382076101     
  0.702640000000000       0.293730496866630     
  0.702720000000000       0.293747611838580     
  0.702800000000000       0.293764726992056     
  0.702880000000000       0.293781842326834     
  0.702960000000000       0.293798957842998     
  0.703040000000000       0.293816073540142     
  0.703120000000000       0.293833189417850     
  0.703200000000000       0.293850305476446     
  0.703280000000000       0.293867421715588     
  0.703360000000000       0.293884538134968     
  0.703440000000000       0.293901654734480     
  0.703520000000000       0.293918771514105     
  0.703600000000000       0.293935888473516     
  0.703680000000000       0.293953005612707     
  0.703760000000000       0.293970122931308     
  0.703840000000000       0.293987240429280     
  0.703920000000000       0.294004358106423     
  0.704000000000000       0.294021475962718     
  0.704080000000000       0.294038593997746     
  0.704160000000000       0.294055712211580     
  0.704240000000000       0.294072830603703     
  0.704320000000000       0.294089949174478     
  0.704400000000000       0.294107067923280     
  0.704480000000000       0.294124186850289     
  0.704560000000000       0.294141305954863     
  0.704640000000000       0.294158425237440     
  0.704720000000000       0.294175544697465     
  0.704800000000000       0.294192664334923     
  0.704880000000000       0.294209784149592     
  0.704960000000000       0.294226904141182     
  0.705040000000000       0.294244024309752     
  0.705120000000000       0.294261144655167     
  0.705200000000000       0.294278265176853     
  0.705280000000000       0.294295385875128     
  0.705360000000000       0.294312506749651     
  0.705440000000000       0.294329627800240     
  0.705520000000000       0.294346749026444     
  0.705600000000000       0.294363870428816     
  0.705680000000000       0.294380992006426     
  0.705760000000000       0.294398113759481     
  0.705840000000000       0.294415235688072     
  0.705920000000000       0.294432357791355     
  0.706000000000000       0.294449480069677     
  0.706080000000000       0.294466602522840     
  0.706160000000000       0.294483725150628     
  0.706240000000000       0.294500847952571     
  0.706320000000000       0.294517970929073     
  0.706400000000000       0.294535094079527     
  0.706480000000000       0.294552217403976     
  0.706560000000000       0.294569340901985     
  0.706640000000000       0.294586464573757     
  0.706720000000000       0.294603588418728     
  0.706800000000000       0.294620712437260     
  0.706880000000000       0.294637836628814     
  0.706960000000000       0.294654960993236     
  0.707040000000000       0.294672085530510     
  0.707120000000000       0.294689210240263     
  0.707200000000000       0.294706335122619     
  0.707280000000000       0.294723460177219     
  0.707360000000000       0.294740585403839     
  0.707440000000000       0.294757710802398     
  0.707520000000000       0.294774836372946     
  0.707600000000000       0.294791962114862     
  0.707680000000000       0.294809088028394     
  0.707760000000000       0.294826214113118     
  0.707840000000000       0.294843340369011     
  0.707920000000000       0.294860466795917     
  0.708000000000000       0.294877593393537     
  0.708080000000000       0.294894720161754     
  0.708160000000000       0.294911847100451     
  0.708240000000000       0.294928974209546     
  0.708320000000000       0.294946101488678     
  0.708400000000000       0.294963228937831     
  0.708480000000000       0.294980356556819     
  0.708560000000000       0.294997484345497     
  0.708640000000000       0.295014612303366     
  0.708720000000000       0.295031740430818     
  0.708800000000000       0.295048868727434     
  0.708880000000000       0.295065997192852     
  0.708960000000000       0.295083125827275     
  0.709040000000000       0.295100254630236     
  0.709120000000000       0.295117383601759     
  0.709200000000000       0.295134512741499     
  0.709280000000000       0.295151642049585     
  0.709360000000000       0.295168771525432     
  0.709440000000000       0.295185901169252     
  0.709520000000000       0.295203030980704     
  0.709600000000000       0.295220160959719     
  0.709680000000000       0.295237291105910     
  0.709760000000000       0.295254421419463     
  0.709840000000000       0.295271551900042     
  0.709920000000000       0.295288682547146     
  0.710000000000000       0.295305813361219     
  0.710080000000000       0.295322944341718     
  0.710160000000000       0.295340075488578     
  0.710240000000000       0.295357206801532     
  0.710320000000000       0.295374338280708     
  0.710400000000000       0.295391469925460     
  0.710480000000000       0.295408601736143     
  0.710560000000000       0.295425733712278     
  0.710640000000000       0.295442865853727     
  0.710720000000000       0.295459998160431     
  0.710800000000000       0.295477130632094     
  0.710880000000000       0.295494263268610     
  0.710960000000000       0.295511396070011     
  0.711040000000000       0.295528529035685     
  0.711120000000000       0.295545662165881     
  0.711200000000000       0.295562795460234     
  0.711280000000000       0.295579928918782     
  0.711360000000000       0.295597062540950     
  0.711440000000000       0.295614196326919     
  0.711520000000000       0.295631330276637     
  0.711600000000000       0.295648464389452     
  0.711680000000000       0.295665598665531     
  0.711760000000000       0.295682733104784     
  0.711840000000000       0.295699867706807     
  0.711920000000000       0.295717002471628     
  0.712000000000000       0.295734137398971     
  0.712080000000000       0.295751272488785     
  0.712160000000000       0.295768407740767     
  0.712240000000000       0.295785543154793     
  0.712320000000000       0.295802678730690     
  0.712400000000000       0.295819814468465     
  0.712480000000000       0.295836950367646     
  0.712560000000000       0.295854086428198     
  0.712640000000000       0.295871222650229     
  0.712720000000000       0.295888359033184     
  0.712800000000000       0.295905495576940     
  0.712880000000000       0.295922632281434     
  0.712960000000000       0.295939769146727     
  0.713040000000000       0.295956906172314     
  0.713120000000000       0.295974043358272     
  0.713200000000000       0.295991180704162     
  0.713280000000000       0.296008318209952     
  0.713360000000000       0.296025455875560     
  0.713440000000000       0.296042593700944     
  0.713520000000000       0.296059731685457     
  0.713600000000000       0.296076869829303     
  0.713680000000000       0.296094008132270     
  0.713760000000000       0.296111146594214     
  0.713840000000000       0.296128285214852     
  0.713920000000000       0.296145423994101     
  0.714000000000000       0.296162562931893     
  0.714080000000000       0.296179702027879     
  0.714160000000000       0.296196841281984     
  0.714240000000000       0.296213980693735     
  0.714320000000000       0.296231120263621     
  0.714400000000000       0.296248259990975     
  0.714480000000000       0.296265399875904     
  0.714560000000000       0.296282539918026     
  0.714640000000000       0.296299680117332     
  0.714720000000000       0.296316820473401     
  0.714800000000000       0.296333960986391     
  0.714880000000000       0.296351101655887     
  0.714960000000000       0.296368242482117     
  0.715040000000000       0.296385383464453     
  0.715120000000000       0.296402524602867     
  0.715200000000000       0.296419665897297     
  0.715280000000000       0.296436807347551     
  0.715360000000000       0.296453948953484     
  0.715440000000000       0.296471090714583     
  0.715520000000000       0.296488232631460     
  0.715600000000000       0.296505374703080     
  0.715680000000000       0.296522516929824     
  0.715760000000000       0.296539659311438     
  0.715840000000000       0.296556801847474     
  0.715920000000000       0.296573944538181     
  0.716000000000000       0.296591087383139     
  0.716080000000000       0.296608230382248     
  0.716160000000000       0.296625373535374     
  0.716240000000000       0.296642516842308     
  0.716320000000000       0.296659660302842     
  0.716400000000000       0.296676803916859     
  0.716480000000000       0.296693947684165     
  0.716560000000000       0.296711091604702     
  0.716640000000000       0.296728235678241     
  0.716720000000000       0.296745379904604     
  0.716800000000000       0.296762524283699     
  0.716880000000000       0.296779668815206     
  0.716960000000000       0.296796813498845     
  0.717040000000000       0.296813958334944     
  0.717120000000000       0.296831103322855     
  0.717200000000000       0.296848248462565     
  0.717280000000000       0.296865393754329     
  0.717360000000000       0.296882539197139     
  0.717440000000000       0.296899684791466     
  0.717520000000000       0.296916830537076     
  0.717600000000000       0.296933976433615     
  0.717680000000000       0.296951122480885     
  0.717760000000000       0.296968268678903     
  0.717840000000000       0.296985415027466     
  0.717920000000000       0.297002561526462     
  0.718000000000000       0.297019708175572     
  0.718080000000000       0.297036854974748     
  0.718160000000000       0.297054001923717     
  0.718240000000000       0.297071149022335     
  0.718320000000000       0.297088296270483     
  0.718400000000000       0.297105443667957     
  0.718480000000000       0.297122591215006     
  0.718560000000000       0.297139738910679     
  0.718640000000000       0.297156886755202     
  0.718720000000000       0.297174034748565     
  0.718800000000000       0.297191182890499     
  0.718880000000000       0.297208331180707     
  0.718960000000000       0.297225479619218     
  0.719040000000000       0.297242628205698     
  0.719120000000000       0.297259776940018     
  0.719200000000000       0.297276925822128     
  0.719280000000000       0.297294074851576     
  0.719360000000000       0.297311224028658     
  0.719440000000000       0.297328373352853     
  0.719520000000000       0.297345522824192     
  0.719600000000000       0.297362672442332     
  0.719680000000000       0.297379822207120     
  0.719760000000000       0.297396972118534     
  0.719840000000000       0.297414122176337     
  0.719920000000000       0.297431272380431     
  0.720000000000000       0.297448422730426     
  0.720080000000000       0.297465573226271     
  0.720160000000000       0.297482723868120     
  0.720240000000000       0.297499874655393     
  0.720320000000000       0.297517025587857     
  0.720400000000000       0.297534176665896     
  0.720480000000000       0.297551327888824     
  0.720560000000000       0.297568479256568     
  0.720640000000000       0.297585630769294     
  0.720720000000000       0.297602782426335     
  0.720800000000000       0.297619934227812     
  0.720880000000000       0.297637086173647     
  0.720960000000000       0.297654238263644     
  0.721040000000000       0.297671390497531     
  0.721120000000000       0.297688542874919     
  0.721200000000000       0.297705695396173     
  0.721280000000000       0.297722848060607     
  0.721360000000000       0.297740000868268     
  0.721440000000000       0.297757153819300     
  0.721520000000000       0.297774306913049     
  0.721600000000000       0.297791460149546     
  0.721680000000000       0.297808613528716     
  0.721760000000000       0.297825767050261     
  0.721840000000000       0.297842920713969     
  0.721920000000000       0.297860074520013     
  0.722000000000000       0.297877228467866     
  0.722080000000000       0.297894382557277     
  0.722160000000000       0.297911536788681     
  0.722240000000000       0.297928691161078     
  0.722320000000000       0.297945845675130     
  0.722400000000000       0.297963000330026     
  0.722480000000000       0.297980155125911     
  0.722560000000000       0.297997310062540     
  0.722640000000000       0.298014465139915     
  0.722720000000000       0.298031620357840     
  0.722800000000000       0.298048775715842     
  0.722880000000000       0.298065931213934     
  0.722960000000000       0.298083086852001     
  0.723040000000000       0.298100242629863     
  0.723120000000000       0.298117398547251     
  0.723200000000000       0.298134554604301     
  0.723280000000000       0.298151710800390     
  0.723360000000000       0.298168867135739     
  0.723440000000000       0.298186023610104     
  0.723520000000000       0.298203180223155     
  0.723600000000000       0.298220336974867     
  0.723680000000000       0.298237493864976     
  0.723760000000000       0.298254650893317     
  0.723840000000000       0.298271808059876     
  0.723920000000000       0.298288965364483     
  0.724000000000000       0.298306122806924     
  0.724080000000000       0.298323280386770     
  0.724160000000000       0.298340438104139     
  0.724240000000000       0.298357595958824     
  0.724320000000000       0.298374753950789     
  0.724400000000000       0.298391912079664     
  0.724480000000000       0.298409070345290     
  0.724560000000000       0.298426228747583     
  0.724640000000000       0.298443387286232     
  0.724720000000000       0.298460545961369     
  0.724800000000000       0.298477704772505     
  0.724880000000000       0.298494863719802     
  0.724960000000000       0.298512022802641     
  0.725040000000000       0.298529182021313     
  0.725120000000000       0.298546341375400     
  0.725200000000000       0.298563500864844     
  0.725280000000000       0.298580660489566     
  0.725360000000000       0.298597820249176     
  0.725440000000000       0.298614980143578     
  0.725520000000000       0.298632140172608     
  0.725600000000000       0.298649300336061     
  0.725680000000000       0.298666460634046     
  0.725760000000000       0.298683621066099     
  0.725840000000000       0.298700781632062     
  0.725920000000000       0.298717942331882     
  0.726000000000000       0.298735103165522     
  0.726080000000000       0.298752264132568     
  0.726160000000000       0.298769425232869     
  0.726240000000000       0.298786586466362     
  0.726320000000000       0.298803747832879     
  0.726400000000000       0.298820909332301     
  0.726480000000000       0.298838070964203     
  0.726560000000000       0.298855232728793     
  0.726640000000000       0.298872394625663     
  0.726720000000000       0.298889556654781     
  0.726800000000000       0.298906718815888     
  0.726880000000000       0.298923881108732     
  0.726960000000000       0.298941043533427     
  0.727040000000000       0.298958206089402     
  0.727120000000000       0.298975368776927     
  0.727200000000000       0.298992531595622     
  0.727280000000000       0.299009694545229     
  0.727360000000000       0.299026857625674     
  0.727440000000000       0.299044020837014     
  0.727520000000000       0.299061184178677     
  0.727600000000000       0.299078347650813     
  0.727680000000000       0.299095511252939     
  0.727760000000000       0.299112674985433     
  0.727840000000000       0.299129838847484     
  0.727920000000000       0.299147002839358     
  0.728000000000000       0.299164166960763     
  0.728080000000000       0.299181331211482     
  0.728160000000000       0.299198495591400     
  0.728240000000000       0.299215660100379     
  0.728320000000000       0.299232824738210     
  0.728400000000000       0.299249989504756     
  0.728480000000000       0.299267154399933     
  0.728560000000000       0.299284319423290     
  0.728640000000000       0.299301484575020     
  0.728720000000000       0.299318649854829     
  0.728800000000000       0.299335815262244     
  0.728880000000000       0.299352980797565     
  0.728960000000000       0.299370146460475     
  0.729040000000000       0.299387312250634     
  0.729120000000000       0.299404478168085     
  0.729200000000000       0.299421644212492     
  0.729280000000000       0.299438810383916     
  0.729360000000000       0.299455976681861     
  0.729440000000000       0.299473143106614     
  0.729520000000000       0.299490309657548     
  0.729600000000000       0.299507476334858     
  0.729680000000000       0.299524643138084     
  0.729760000000000       0.299541810067304     
  0.729840000000000       0.299558977122157     
  0.729920000000000       0.299576144302719     
  0.730000000000000       0.299593311608519     
  0.730080000000000       0.299610479039562     
  0.730160000000000       0.299627646595853     
  0.730240000000000       0.299644814276742     
  0.730320000000000       0.299661982082415     
  0.730400000000000       0.299679150012825     
  0.730480000000000       0.299696318067520     
  0.730560000000000       0.299713486246584     
  0.730640000000000       0.299730654549717     
  0.730720000000000       0.299747822976521     
  0.730800000000000       0.299764991527313     
  0.730880000000000       0.299782160201466     
  0.730960000000000       0.299799328999092     
  0.731040000000000       0.299816497920027     
  0.731120000000000       0.299833666964056     
  0.731200000000000       0.299850836131127     
  0.731280000000000       0.299868005420768     
  0.731360000000000       0.299885174832831     
  0.731440000000000       0.299902344367447     
  0.731520000000000       0.299919514024324     
  0.731600000000000       0.299936683803340     
  0.731680000000000       0.299953853704202     
  0.731760000000000       0.299971023726897     
  0.731840000000000       0.299988193871090     
  0.731920000000000       0.300005364136751     
  0.732000000000000       0.300022534523608     
  0.732080000000000       0.300039705031623     
  0.732160000000000       0.300056875660594     
  0.732240000000000       0.300074046410241     
  0.732320000000000       0.300091217280471     
  0.732400000000000       0.300108388271184     
  0.732480000000000       0.300125559382235     
  0.732560000000000       0.300142730613249     
  0.732640000000000       0.300159901964193     
  0.732720000000000       0.300177073435025     
  0.732800000000000       0.300194245025334     
  0.732880000000000       0.300211416735112     
  0.732960000000000       0.300228588564225     
  0.733040000000000       0.300245760512341     
  0.733120000000000       0.300262932579443     
  0.733200000000000       0.300280104765322     
  0.733280000000000       0.300297277069849     
  0.733360000000000       0.300314449492616     
  0.733440000000000       0.300331622034072     
  0.733520000000000       0.300348794693304     
  0.733600000000000       0.300365967470457     
  0.733680000000000       0.300383140365515     
  0.733760000000000       0.300400313378253     
  0.733840000000000       0.300417486508194     
  0.733920000000000       0.300434659755713     
  0.734000000000000       0.300451833120209     
  0.734080000000000       0.300469006601603     
  0.734160000000000       0.300486180199869     
  0.734240000000000       0.300503353914638     
  0.734320000000000       0.300520527746026     
  0.734400000000000       0.300537701693740     
  0.734480000000000       0.300554875757312     
  0.734560000000000       0.300572049937026     
  0.734640000000000       0.300589224232570     
  0.734720000000000       0.300606398643657     
  0.734800000000000       0.300623573170157     
  0.734880000000000       0.300640747811876     
  0.734960000000000       0.300657922568875     
  0.735040000000000       0.300675097440865     
  0.735120000000000       0.300692272427600     
  0.735200000000000       0.300709447529037     
  0.735280000000000       0.300726622744863     
  0.735360000000000       0.300743798074998     
  0.735440000000000       0.300760973519342     
  0.735520000000000       0.300778149077458     
  0.735600000000000       0.300795324749496     
  0.735680000000000       0.300812500535252     
  0.735760000000000       0.300829676434511     
  0.735840000000000       0.300846852446807     
  0.735920000000000       0.300864028572468     
  0.736000000000000       0.300881204811002     
  0.736080000000000       0.300898381162464     
  0.736160000000000       0.300915557626479     
  0.736240000000000       0.300932734203091     
  0.736320000000000       0.300949910891789     
  0.736400000000000       0.300967087692818     
  0.736480000000000       0.300984264605814     
  0.736560000000000       0.301001441630692     
  0.736640000000000       0.301018618767014     
  0.736720000000000       0.301035796015020     
  0.736800000000000       0.301052973374142     
  0.736880000000000       0.301070150844559     
  0.736960000000000       0.301087328426125     
  0.737040000000000       0.301104506118077     
  0.737120000000000       0.301121683921046     
  0.737200000000000       0.301138861834439     
  0.737280000000000       0.301156039858027     
  0.737360000000000       0.301173217991748     
  0.737440000000000       0.301190396235672     
  0.737520000000000       0.301207574589380     
  0.737600000000000       0.301224753052662     
  0.737680000000000       0.301241931625503     
  0.737760000000000       0.301259110307519     
  0.737840000000000       0.301276289098778     
  0.737920000000000       0.301293467999158     
  0.738000000000000       0.301310647008327     
  0.738080000000000       0.301327826126205     
  0.738160000000000       0.301345005352467     
  0.738240000000000       0.301362184687124     
  0.738320000000000       0.301379364129923     
  0.738400000000000       0.301396543680812     
  0.738480000000000       0.301413723339492     
  0.738560000000000       0.301430903105764     
  0.738640000000000       0.301448082979725     
  0.738720000000000       0.301465262960810     
  0.738800000000000       0.301482443049188     
  0.738880000000000       0.301499623244503     
  0.738960000000000       0.301516803546872     
  0.739040000000000       0.301533983955787     
  0.739120000000000       0.301551164471143     
  0.739200000000000       0.301568345093044     
  0.739280000000000       0.301585525820858     
  0.739360000000000       0.301602706654758     
  0.739440000000000       0.301619887594618     
  0.739520000000000       0.301637068640221     
  0.739600000000000       0.301654249791025     
  0.739680000000000       0.301671431047584     
  0.739760000000000       0.301688612408995     
  0.739840000000000       0.301705793875735     
  0.739920000000000       0.301722975447041     
